void line
61369428955842900 0.0001806169 61946469610246500 0.0001851387 62482208882916700 0.0001820676 60996829692015700 0.0001821227 60646231912507100 0.0001783894 59939987258230800 0.0001768738 58526210866575200 0.0001746111 57922508761938500 0.0001719838 59521970707668800 0.0001710368 57764566371829300 0.0001697853 59111750164132300 0.0001674972 58474650123065900 0.0001622687 56131364702214100 0.0001581228 55255609129628600 0.0001478882 51970380339175700 0.000134178
67125517760234500 0.0001520417 68037107237976200 0.0001557302 68189451745882100 0.0001534681 66586577687783000 0.0001526587 66587772134537900 0.0001511317 65909252896820900 0.0001495286 64627191825150500 0.0001488805 64414806567320300 0.0001477685 65006065577776300 0.0001458485 64114799076877100 0.0001462676 64202794338803900 0.0001425737 61351149125686700 0.0001344583 58581397009252100 0.0001308612 55914616366952000 0.0001204753 52026036746357200 0.0001102139
67049822345624800 0.0001391674 67806994072330900 0.0001422404 67842328529613100 0.0001398812 66633002194823500 0.0001399847 66376204761463900 0.000138086 65780728411322600 0.0001369204 64560171970736300 0.0001369573 64274796318021600 0.0001355409 64832581137344500 0.0001335066 63983107504194000 0.0001337372 64190281202809100 0.0001307633 61351149125686700 0.0001255271 58581397009252100 0.0001234673 55914616366952000 0.0001148794 52026036746357200 0.0001069223
65487905764457300 0.0001370968 66270913875205300 0.0001400775 66266466483513500 0.0001375786 65217304948535800 0.0001378318 64882881150802700 0.0001357708 64229043525421800 0.0001345136 63094345245636600 0.000134926 62726404276710400 0.0001332449 63301929910552300 0.0001309561 62362517339129700 0.0001312024 62983104550207600 0.0001292914 61351149125686700 0.0001279696 58581397009252100 0.0001276024 55914616366952000 0.0001197244 52026036746357200 0.0001120264
63644677682534100 0.0001400156 64438759003676700 0.0001430983 64417648657488900 0.0001404024 63411352020155600 0.0001405573 63018510276211400 0.0001385645 62395596203876200 0.0001371863 61334575317394400 0.0001375099 60926167300331600 0.0001358175 61453437865669800 0.0001331077 60479558020719300 0.0001335791 60969895694009300 0.000131134 60795308026139500 0.000132514 58560755869406300 0.0001337426 55914616366952000 0.0001269448 52026036746357200 0.0001188211
61856179383834500 0.0001439715 62608544963287400 0.0001471685 62581879823396400 0.0001445382 61600891983612900 0.0001443881 61182998323367100 0.0001424714 60548858539886900 0.0001410274 59554060266134500 0.0001410563 59108898693962100 0.0001393571 59561693383346100 0.0001366325 58567077406220900 0.0001370247 58964966649508600 0.0001342556 58858499287548400 0.0001345593 57302410374423600 0.0001368953 55914616366952000 0.0001338068 52026036746357200 0.0001262515
60078759025410700 0.0001481673 60791770638209000 0.0001513528 60752190151364600 0.0001487579 59791690001352100 0.0001484701 59336502877363400 0.000146563 58700693668285100 0.0001450166 57775316111643500 0.0001447017 57263155351492500 0.0001431218 57666816082030700 0.0001402875 56681051536748200 0.0001405083 56984416823506300 0.000137728 56869018794557000 0.0001369195 55347275457357200 0.0001384861 55624140804672400 0.0001393544 52026036746357200 0.0001332715
58327295810339300 0.0001523194 58994969302373200 0.0001555878 58951867618303400 0.0001529535 58019225551425700 0.0001526625 57534909205227200 0.0001506341 56892386774326300 0.0001489955 56019706330580400 0.0001485203 55432495101590400 0.0001468307 55807515125763400 0.0001438651 54815737817655700 0.0001439904 55039751004254000 0.0001411255 54917162951690100 0.0001401051 53410149895469200 0.0001410203 53803309765370000 0.000140941 52013948081466200 0.0001395628
56595559757454000 0.0001565352 57239000602784500 0.000159856 57184686460012500 0.0001571556 56247355824941400 0.0001568627 55754500609826700 0.0001547069 55115411986804500 0.0001529786 54257382868124300 0.0001522978 53646230656815800 0.0001506111 53989330495256600 0.0001475059 52991212672183500 0.0001475332 53135863459374300 0.0001444432 53002489035482700 0.0001433303 51510680613677000 0.0001439613 51792004334997200 0.0001424528 50773485096633500 0.000142128
54887299557169800 0.0001608391 55497867781525800 0.0001641767 55447846043002600 0.000161412 54510673785395700 0.0001610584 54011907517024300 0.000158861 53370230584869900 0.0001569826 52526280571823800 0.0001561778 51896171294121900 0.0001544302 52196730009345000 0.0001511219 51186523645992100 0.0001510537 51286591641959300 0.0001477341 51128521147296200 0.000146423 49651933729480900 0.0001469036 49817724330299300 0.0001450946 48757879264362500 0.0001427196
53222031418893400 0.0001652095 53795955978696700 0.0001685739 53730852799596700 0.0001657229 52795860933390500 0.0001652827 52284116030154100 0.0001630255 51666354049694300 0.0001610252 50820878884238900 0.0001600958 50177119854007000 0.0001581832 50456469403474500 0.000154826 49430167597858400 0.0001545842 49469423274709200 0.0001510698 49301666626936500 0.0001496077 47826337625527200 0.000149828 47907798657486800 0.0001479251 46784758491489500 0.0001444695
51589807134247900 0.0001695264 52135484423681600 0.0001729777 52056906797535400 0.0001700351 51131051405305100 0.000169547 50614578224056800 0.0001671763 50000023644679900 0.0001650659 49161492359661600 0.0001639815 48516378432693500 0.000161914 48749902360718400 0.0001584571 47720844486303000 0.0001580705 47697476777422200 0.0001543163 47506372195546500 0.0001526649 46040136945080500 0.0001526767 46056244899695500 0.0001506599 44878787945638200 0.0001468118
50000658236012900 0.0001738753 50511767369147800 0.00017734 50436040470127700 0.0001743909 49517918912901600 0.0001738597 48983637874298000 0.0001712933 48374518362928400 0.0001690768 47552029277352700 0.0001678884 46911111970010600 0.0001656838 47091106719217400 0.0001620491 46056002275381600 0.000161505 45986351883549800 0.0001575439 45764806489710900 0.0001556969 44304999531609700 0.0001555168 44261276153444900 0.0001533107 43031153215258900 0.0001490799
48450440624866500 0.0001782748 48941550108156400 0.0001817911 48857577919764300 0.0001787776 47952850148822600 0.0001782142 47416426578197000 0.000175483 46794033427210100 0.0001731312 45975527283196800 0.0001717663 45341575467463500 0.0001694455 45477808775840000 0.000165674 44443533535654500 0.0001650025 44326216728318500 0.000160779 44074495971398400 0.0001587433 42615134782105700 0.0001583415 42518776034703700 0.0001559151 41238707250754900 0.0001512816
46940332733806100 0.0001827219 47400020293273900 0.0001862803 47307285627519200 0.0001831366 46417267785801500 0.0001825349 45882520084311700 0.0001796647 45257066017815000 0.0001771986 44444279991411000 0.0001756425 43810239373459500 0.0001731802 43901973997238800 0.0001692771 42877074574276600 0.0001684477 42705336804901600 0.0001639711 42436745670653000 0.000161754 40974270881513200 0.0001610948 40829402413149600 0.0001584518 39500173728853000 0.00015339
45475374028135600 0.0001872399 45892973038893200 0.0001907952 45800183771486200 0.0001875618 44921866189765800 0.0001868648 44380419908065300 0.0001838158 43758123777199500 0.0001812763 42950992390620800 0.0001795297 42303146385733200 0.0001768477 42367009077324100 0.0001728234 41351489845056400 0.0001718245 41135378519621000 0.0001670903 40833334991472300 0.0001646688 39374435697214200 0.0001637754 39190455397370900 0.0001609208 37812621371881800 0.0001554221
44035738230512600 0.0001917244 44435743199171900 0.0001954074 44325356912580600 0.0001920217 43457432042821900 0.0001912336 42917814177793400 0.0001880224 42290021090573600 0.0001853136 41494217083348700 0.0001834173 40847963605267400 0.0001805974 40877241329573100 0.0001764024 39857901947779600 0.0001751872 39620428864903700 0.0001702025 39287598677772200 0.0001675957 37830877370605100 0.0001664547 37597490622319600 0.0001633319 36187091115367700 0.0001574288
42628962200665800 0.0001962076 43008978464950800 0.0001999104 42900487639251800 0.0001964954 42035320435849300 0.0001955863 41496924358869800 0.0001921529 40870431618498800 0.0001893394 40075710543566500 0.0001872359 39424596822812000 0.0001842571 39427687025279900 0.0001799171 38401305888053600 0.0001784465 38132173187500900 0.0001731928 37780281497941600 0.0001704302 36335177644158600 0.0001690204 36054709861206300 0.0001656648 34602750369678400 0.0001592587
41253095558641100 0.0002006561 41615901398139000 0.0002043739 41512753807973000 0.0002009381 40667553116578300 0.0001999899 40109685303138800 0.0001962951 39490943141039500 0.0001933354 38689578076975000 0.0001910133 38038170722497400 0.0001878729 38021312354234500 0.0001833843 37000887623728500 0.0001817554 36687366524911700 0.0001760935 36322438487427800 0.0001731583 34879386566665200 0.0001714434 34567670887632100 0.0001678902 33087633836506700 0.0001610366
39925745490803000 0.0002051708 40254960778664100 0.0002088161 40157887120819600 0.0002053101 39323799881133300 0.0002042713 38757553812758400 0.0002003662 38139436748450500 0.000197265 37348858063468900 0.000194791 36693562302528900 0.000191446 36648238873261200 0.0001867663 35635972770287100 0.0001849465 35291547106463700 0.0001789906 34896462886003200 0.000175774 33469091678082800 0.0001737884 33120557372392000 0.000169985 31618728278715100 0.0001626898
38631768953679200 0.0002096158 38931957366793700 0.0002133027 38835684825701900 0.0002096518 38017250042841600 0.0002085168 37465335154296500 0.0002044997 36834592553189100 0.0002011268 36047684522345100 0.0001985833 35390751425019800 0.0001950329 35323496664751300 0.0001900966 34312774317236700 0.0001880636 33940894885027300 0.0001818054 33518965303229600 0.0001783168 32105252397253000 0.0001760629 31718021281642200 0.0001719616 30192975810282400 0.0001641196
37360811593059100 0.0002140188 37651726264387900 0.0002178485 37550572876653300 0.0002140457 36736458429614700 0.000212782 36187633747827300 0.0002085697 35565797182910400 0.0002051095 34785199088112500 0.000202324 34116176275937200 0.0001985177 34026623247707700 0.0001934202 33025974739998200 0.0001911588 32622031105266700 0.0001845525 32186082015626900 0.0001808752 30782762763190100 0.0001782567 30368435079266400 0.0001739392 28822536267712200 0.0001655597
36127511414757400 0.0002184272 36408347331630800 0.000222292 36305348094537300 0.0002183824 35499276182137800 0.0002169798 34948844805297900 0.0002125261 34328563145050400 0.0002088928 33561196403134800 0.0002059533 32891060076018700 0.0002019751 32770684039840100 0.0001966555 31779718745042100 0.0001941584 31345119287792200 0.0001871856 30895834170515100 0.0001832864 29500412339926200 0.0001802953 29062531826980100 0.0001757407 27495567520674900 0.0001668287
34925033677674600 0.000222752 35189525501531900 0.0002266191 35090327218597300 0.0002226514 34298667364813200 0.0002211798 33741981359066500 0.0002164596 33132148692053100 0.000212714 32360035371831100 0.0002094581 31685915666873000 0.0002052619 31563026413371200 0.0001998773 30569239856237900 0.0001970493 30108420262516400 0.000189766 29647483779970600 0.0001855959 28266647392139700 0.0001823096 27796346440703800 0.0001774053 26223350176377800 0.0001679741
33761858564342100 0.0002270614 34005682433137400 0.0002308575 33907880172578300 0.0002268284 33126268791200700 0.0002252391 32573237519771800 0.0002203179 31960146947536800 0.0002163685 31190461552334400 0.000212848 30520411446108300 0.0002085078 30391330893345400 0.0002029589 29401895016633700 0.0001998432 28913028159778000 0.0001922468 28434834088629600 0.0001878122 27070798933771400 0.000184193 26573627915258700 0.0001789432 24998869847838300 0.0001690094
32624758625701300 0.0002313023 32852689853190700 0.0002351767 32759575677565200 0.0002309974 31981942431210100 0.0002292789 31437074702623700 0.0002241372 30834984894721100 0.0002200484 30068492270840900 0.0002163844 29387020783801400 0.0002117804 29241672794995700 0.0002059131 28257567412432400 0.0002025486 27759048258280000 0.0001946473 27268188666000700 0.0001899398 25916313322839500 0.0001859863 25400976669063500 0.0001804681 23816397735888000 0.0001699538
31524257216489000 0.0002359201 31726912085437500 0.0002398021 31645327703175100 0.0002354726 30880783295615700 0.0002336827 30328636920696800 0.0002282771 29731897681797500 0.0002240053 28978953421522000 0.0002201392 28295416713280700 0.0002152851 28132596140593500 0.0002091231 27148321112061700 0.000205464 26634229185119800 0.0001971496 26145387271526700 0.0001922136 24808894203746700 0.0001880202 24273412123148600 0.000182192 22688066943654000 0.0001710741
30455791657546200 0.0002402397 30645892775797100 0.0002440887 30551135874243800 0.0002396076 29802913312227800 0.0002376449 29253396097806300 0.0002320008 28660337409909100 0.0002274974 27911600035684600 0.0002233588 27232085396008500 0.0002183698 27058809935843600 0.0002121054 26085382016555300 0.0002081197 25552532346930400 0.000199484 25045175225287500 0.0001942675 23723039332795300 0.0001895097 23189690062854600 0.0001835164 21600930686647800 0.0001718054
29414374488301600 0.0002443622 29587697316376500 0.0002481524 29491046085279100 0.0002435995 28752679405196600 0.0002414382 28211027900519300 0.0002356218 27620919032663300 0.0002308761 26883564046267400 0.00022655 26203031929583300 0.0002212848 26015515317381100 0.0002148322 25052605051195500 0.0002105721 24497899088851000 0.0002015603 23986339667363900 0.0001960664 22683207285638400 0.0001909711 22132488782319800 0.0001845945 20555686508262200 0.0001724001
28397555188672400 0.0002483063 28553774852525700 0.0002521075 28461148559256300 0.0002474862 27737785094272800 0.0002451228 27192974408827600 0.0002390525 26610867861029400 0.0002341904 25880910199299600 0.0002295482 25203839478240700 0.00022402 25007388289057400 0.000217446 24053779789595900 0.0002128409 23481764077649300 0.0002034558 22970844497027900 0.0001978054 21678064416816900 0.0001922238 21114948857364000 0.0001855551 19546577929605800 0.000172779
27421425691058800 0.0002523261 27559729003377200 0.000255991 27463499225049700 0.0002512002 26753259426125700 0.0002487614 26204163027068400 0.0002423612 25625989808731300 0.0002373052 24907536010543600 0.000232475 24231377053659400 0.0002266376 24022689419901500 0.0002198126 23084625989745800 0.0002149959 22504848161316700 0.0002052792 21981850008924700 0.0001992742 20712621089528100 0.0001933361 20141172806994600 0.0001864145 18586990390344200 0.0001730886
26466020087281200 0.0002562569 26586157402076000 0.0002598813 26488654864309000 0.0002549748 25791987702340100 0.0002522731 25245920029286800 0.0002456489 24677533567840700 0.0002404146 23959979537058200 0.0002352549 23284151716728600 0.0002292042 23070073154682400 0.0002221673 22142317964217100 0.0002169609 21547046756628100 0.000206914 21023420559644100 0.000200613 19777707659078000 0.0001943782 19201475262717700 0.0001871467 17654557046111000 0.0001731948
25533573508773300 0.0002598894 25638890760180300 0.0002635966 25544051937211700 0.0002585666 24857833236421300 0.0002556893 24307478242515900 0.000248772 23747205291444300 0.0002432461 23042896129323800 0.0002379868 22374158075167200 0.0002316707 22148038828400600 0.0002244188 21226925386451200 0.0002188558 20624759234461800 0.0002084007 20103869767261700 0.0002018865 18874300708956800 0.0001952099 18299300476013500 0.0001876802 16765499005896600 0.0001732098
24629302338857900 0.0002635794 24722197948843100 0.0002672105 24622277738430700 0.0002620858 23959385911060600 0.0002591264 23400321663505700 0.0002518201 22845640757885700 0.0002460619 22154822311618900 0.0002405898 21489835561418900 0.0002340149 21249769435465000 0.0002264608 20341384190125300 0.0002206317 19731546261629500 0.0002098051 19205622660937000 0.0002029277 18007390306177000 0.0001959781 17426058893147500 0.000188095 15910414477025200 0.0001731022
23748136401355200 0.0002671664 23827463113326300 0.0002707516 23727314119569000 0.0002655049 23082983891646300 0.0002623562 22525223452406200 0.000254889 21966154856509200 0.0002487375 21290836730820300 0.000243015 20629203445610300 0.0002361166 20381417126647400 0.0002284595 19487753493326500 0.0002223179 18867782965537900 0.0002110601 18341793441192300 0.0002039424 17172787778329000 0.000196588 16586283719738000 0.0001884026 15088206084509400 0.0001728073
22889558857278200 0.0002705429 22955729177525700 0.0002740426 22867659988159400 0.0002688562 22224296648732100 0.0002652654 21667867188618400 0.0002575327 21122854512495700 0.0002513138 20446743964080300 0.0002451625 19801010405957900 0.0002380384 19543234860677600 0.0002302754 18659293735957200 0.0002237388 18036237028044900 0.0002121269 17514249058247200 0.0002048425 16365347514467900 0.0001969306 15778243617595600 0.0001884438 14302153920531400 0.0001723325
22066410553279200 0.0002741229 22115489414072000 0.0002776377 22021809022895200 0.0002720236 21399511807207400 0.0002684529 20840689872855700 0.0002602775 20301071852693300 0.0002539643 19632402852387700 0.0002474148 18988587315345700 0.0002400183 18730883689683000 0.0002319803 17864581416795500 0.0002251698 17230648902609000 0.0002131049 16710894197938000 0.000205461 15579750744501100 0.0001971991 15003145382074800 0.0001885541 13546233146311700 0.0001718367
21270960986128900 0.0002776044 21303350214432900 0.0002810046 21202984858331200 0.0002751458 20592168234849200 0.0002714079 20033495387673400 0.0002628163 19502577337846700 0.0002562684 18845308118233300 0.0002495433 18207794089768000 0.0002418117 17945850364951000 0.0002336331 17089494905244800 0.0002264137 16459007935997000 0.0002141092 15938094570988300 0.0002061578 14833811460920100 0.0001974867 14255392196508900 0.000188459 12826218181370000 0.0001712743
20487701781427100 0.0002807339 20511479885086400 0.0002841965 20411553985832400 0.0002782655 19810117252956200 0.0002742513 19250082075418100 0.0002652938 18731622726069200 0.0002586935 18074643248283900 0.0002514915 17449665493880200 0.0002435941 17186192707512100 0.0002351437 16339617958888300 0.000227526 15711770326379700 0.0002148917 15194553986041400 0.0002065873 14118432013446000 0.0001977125 13539763726866400 0.0001883053 12135253580488100 0.0001705343
19724429139051000 0.000283599 19747753588505800 0.0002870951 19645135571441700 0.0002812322 19056187301178200 0.0002769563 18483036611836700 0.0002675667 17973818677343200 0.0002605094 17337204831472900 0.0002534116 16718660671079400 0.000245156 16447688782920900 0.0002364179 15620897200045900 0.0002285088 14986744755722500 0.0002154175 14479764088375500 0.0002069399 13425333433711500 0.0001975624 12852424153633800 0.0001879819 11482111169424600 0.0001697335
18989599433153200 0.0002867054 18988377989368000 0.000289793 18895496565152400 0.0002839085 18321607759214800 0.0002795268 17753263408932900 0.0002699066 17255415011385300 0.000262648 16626727853719700 0.0002551955 16015002373685800 0.0002466326 15739364284249500 0.0002375948 14923530235377300 0.0002294523 14295912721791600 0.00021599 13789163068160600 0.0002070745 12760418742630900 0.0001973675 12198729350835900 0.0001875966 10851233229987200 0.0001687469
18276144745206000 0.0002895511 18262161053103900 0.0002924493 18172731177725900 0.0002864765 17605934811031500 0.0002817519 17048409618469800 0.0002721513 16544029562105400 0.0002644101 15933717625818400 0.0002566881 15337261514770500 0.000247815 15053052811582900 0.0002386633 14257380630372500 0.0002301433 13630217694309000 0.0002163652 13123435758072000 0.0002071162 12126681356629600 0.0001970776 11567440989144800 0.0001868947 10256931427627300 0.0001676758
17577336898355100 0.0002922267 17563988882132800 0.0002952601 17466625233925800 0.000288947 16916763149994500 0.0002840103 16353348147599200 0.000273863 15866874401008700 0.0002660615 15260641874179800 0.0002579382 14669520845009700 0.0002487536 14392538589365300 0.000239609 13610301894357100 0.0002306956 12991560645032700 0.0002165638 12493643562564400 0.0002070603 11517331266489300 0.0001966104 10965906003081400 0.000186221 9683989797812950 0.0001664574
16910321296802700 0.0002949393 16873768290514900 0.0002975283 16782594074775000 0.0002912233 16243576399171200 0.0002860601 15693904964348700 0.0002757169 15211336384032800 0.0002675582 14616125671801700 0.0002590315 14031801023658000 0.0002496776 13754438219549900 0.0002403072 12983976582921300 0.0002308965 12371695288318900 0.0002164786 11882295752841600 0.0002068761 10929780887056600 0.000195984 10386893106529300 0.0001852663 9140908309771550 0.0001650664
16262581082218100 0.0002974134 16217113614847500 0.0003001103 16124199236934400 0.0002934501 15590635927239500 0.0002879916 15042700081851700 0.0002772253 14574080866488500 0.0002688316 13987759713961300 0.0002601292 13412899707013000 0.0002505806 13138082278660600 0.0002408519 12382158930479800 0.0002311561 11777385119490700 0.000216313 11291615865818800 0.0002063203 10367589358974500 0.0001952695 9829318171489250 0.0001841714 8620774946768360 0.0001636376
15629036982384500 0.000299761 15580817741206300 0.0003024269 15485160718711700 0.0002957002 14964762671483400 0.000290087 14416842990064300 0.0002786885 13952003269759700 0.0002700329 13375417275216100 0.0002610878 12817501602353400 0.0002512881 12542704407053800 0.0002412797 11803229391535700 0.0002312839 11205151185509500 0.0002161161 10728781424864300 0.0002059043 9829210748557030 0.0001945261 9299762914841020 0.0001831867 8123234825620190 0.0001620921
15012974895432600 0.0003017203 14960286978824600 0.0003043763 14866739770093300 0.0002977187 14358438569064100 0.0002917417 13806749166842000 0.0002800432 13357772509033200 0.0002711425 12788245463681100 0.0002618745 12242984791007000 0.0002518192 11968607683629500 0.0002415482 11241313544572700 0.000231161 10653805422247200 0.0002156945 10185389372086200 0.0002053242 9312142358025170 0.0001934925 8792241676320550 0.0001819722 7654029768246220 0.0001605707
14419843755783900 0.0003037335 14361965967009400 0.0003062248 14269249482115600 0.0002994439 13770201723024500 0.0002931676 13228721876425100 0.000281298 12791422718835300 0.0002722209 12230832376005400 0.0002627441 11692586903652100 0.0002522668 11411933456826700 0.0002416144 10706184241065400 0.0002310942 10129243135866000 0.0002152789 9663263862478260 0.0002044049 8823411590078800 0.000192516 8313258518505280 0.0001806942 7204231213323800 0.000158731
13842674516407400 0.00030572 13778947349374000 0.000307973 13687781516032000 0.0003009411 13196425807650800 0.000294457 12667424495338000 0.0002823653 12228342246053100 0.0002727375 11686728463031700 0.0002633083 11155945273145300 0.0002524008 10877408281068400 0.0002416208 10193378663653300 0.0002309042 9625110348545510 0.0002147207 9168004936533200 0.0002036876 8349365073641190 0.0001911339 7855303491549920 0.0001792497 6778217281180770 0.0001569386
13283401517428800 0.0003073026 13220544589561400 0.000309566 13123845661199000 0.0003021763 12647825221768100 0.0002954838 12114314560288800 0.0002829976 11691389482144300 0.0002731924 11161185814304300 0.0002633665 10643168661619600 0.0002523918 10369950196702200 0.0002416015 9694689021084990 0.0002302349 9136479458713380 0.0002137614 8690231683410680 0.0002026734 7894990304183270 0.0001896431 7412554090057230 0.0001775015 6369566126721780 0.0001548718
12747091320424500 0.0003091651 12678329137549800 0.0003109168 12579126944408900 0.0003035901 12108162942826500 0.0002965278 11590091709799200 0.0002836016 11175915766044800 0.000273841 10656691406337000 0.0002635698 10141107827530400 0.0002522099 9872636847928160 0.0002411317 9216414176931250 0.0002295704 8670293550187670 0.0002127978 8235942016949340 0.0002015828 7463029561355150 0.0001882976 6990998594171790 0.0001757763 5985273503833320 0.0001528735
12227870345320200 0.0003107106 12144847857438300 0.000312089 12048204568731400 0.0003047642 11591173081761200 0.0002974594 11079027038307800 0.0002842599 10671704308836200 0.0002740753 10161905557026300 0.0002633467 9662069290347260 0.0002518746 9397281182710260 0.0002407442 8759911232528000 0.0002288833 8224919518929070 0.0002119099 7800845575778130 0.0002003931 7051194977239870 0.0001867874 6589116714085690 0.0001739727 5612771342035680 0.0001506337
11721218982413900 0.0003119917 11629493726123900 0.0003129891 11537191821441000 0.0003058073 11089933258565900 0.0002982982 10589631799245900 0.0002844559 10188695845780900 0.0002740474 9687353699876550 0.000263203 9204858609697120 0.0002516713 8939122229217230 0.0002401484 8314437707812360 0.0002277597 7792255442757350 0.0002105375 7380679762788360 0.0001988273 6656415974641290 0.0001850901 6205197817122230 0.0001720086 5263234749654160 0.000148317
11227698471349200 0.0003129525 11135717991032900 0.0003141881 11048211151755800 0.0003067338 10608789640758500 0.0002988559 10112156516775700 0.0002848402 9723027428273780 0.0002740185 9232173123151330 0.0002628745 8756876532286550 0.0002509312 8499223210097040 0.0002392688 7890449966890660 0.0002267614 7376316834291300 0.0002089759 6974087498483030 0.0001970866 6281703247445750 0.0001831931 5844701090557190 0.0001701726 4935554914535470 0.0001462325
10755983559458800 0.0003141143 10657705549055400 0.0003152074 10572124541308800 0.0003074544 10145589181015700 0.0002995475 9650008485159510 0.0002847079 9268524855921810 0.0002736783 8800564418456450 0.0002626629 8335064493802140 0.0002501499 8076298467571860 0.0002383315 7485466991395660 0.0002256717 6986941510543920 0.0002078249 6590103747126770 0.0001954741 5922391929068830 0.0001813419 5496962008568960 0.0001679746 4621038939032050 0.0001437817
10295490089368000 0.0003151011 10200007292851800 0.0003160225 10111278465814600 0.0003081262 9692795928936660 0.0002997142 9210448044588940 0.0002848245 8830132494911340 0.0002733006 8374481668879720 0.000261948 7924425613428080 0.0002493985 7668436083459780 0.000237343 7099813304041680 0.0002244723 6609504625467210 0.0002062668 6226718618539890 0.0001938586 5578723041184430 0.0001791577 5168887162409870 0.0001657743 4321134505446430 0.0001412225
9849699418098020 0.0003162231 9752047906935340 0.0003170951 9666690746417660 0.0003088698 9257907617165540 0.0003000011 8782710897001310 0.0002849235 8415155712276730 0.000273298 7967740613258660 0.0002615074 7524081054879490 0.0002485636 7280393905642570 0.0002365398 6727194839062510 0.0002232813 6250252578004610 0.0002048341 5877898175340920 0.0001921011 5250888500189570 0.0001772546 4852104673928480 0.0001635562 4041785753429150 0.0001388369
9431904480357170 0.0003172979 9321510783892910 0.0003172942 9240011441829940 0.0003092933 8836005104710610 0.0003001708 8372469164331570 0.0002846787 8015370249119120 0.0002730053 7579394661019920 0.0002606656 7148931420452660 0.000247636 6909846338120540 0.0002354895 6366034656825020 0.0002216121 5903393326102650 0.0002031482 5545176198363900 0.0001903022 4940655244594950 0.0001750617 4553192424310320 0.0001611861 3773790477286340 0.0001360619
9023394808421590 0.0003179373 8909130471210460 0.0003175828 8823883265235440 0.0003092275 8429824618636900 0.0002997993 7980242599181280 0.0002842864 7629358114878410 0.0002721914 7203381654263690 0.0002596937 6783494242165700 0.0002463121 6551535630259920 0.0002341443 6025666301185780 0.0002199897 5579537473444980 0.0002012856 5228173004469850 0.0001881254 4645530154324200 0.0001728475 4266531787766700 0.0001586302 3521789677648030 0.0001334024
8619721060044560 0.0003184371 8504635404094250 0.0003185135 8420097890878890 0.0003093784 8040457488530720 0.0003000233 7598396730451830 0.0002840452 7258454196785490 0.0002715152 6835905166254410 0.0002588311 6434818552210960 0.0002455709 6205050560843940 0.0002326238 5698884301006080 0.0002187634 5263078452348420 0.0001993937 4924594974360700 0.000185919 4364296902043050 0.0001707104 4001853158365230 0.0001564487 3280616098459800 0.0001307797
8239930092541770 0.0003189337 8116654385926650 0.000318584 8039104806725410 0.0003100757 7666218995863970 0.0003001111 7228289149653680 0.0002834265 6898797957919160 0.0002708981 6496338349434550 0.0002579885 6102059635056760 0.0002442056 5877644660223940 0.000231599 5384064558703370 0.0002169265 4964007604764520 0.000197619 4633184605360370 0.000183832 4095644720732870 0.0001682488 3745064928345580 0.0001539767 3056235735884300 0.0001281485
7871949458786100 0.0003195757 7747911500596060 0.0003187636 7667095346128440 0.0003097909 7305513386281430 0.0002996149 6878779068182280 0.0002825664 6555183748190980 0.0002696076 6163472527067160 0.0002565952 5782363474276810 0.0002426116 5560375705256030 0.0002296885 5084423039372230 0.000214916 4677604139167660 0.0001954294 4358077112359260 0.0001815933 3841943097631980 0.0001657267 3505782173305830 0.0001512372 2843367280130160 0.0001253409
7508473878789770 0.0003190319 7390235546487130 0.0003184109 7306736676975410 0.0003094057 6953788220360710 0.0002985668 6538600793281320 0.0002815291 6229907946035370 0.0002683931 5842347598356890 0.0002546779 5475486357770650 0.0002408172 5260029440205610 0.000227856 4801938228643730 0.0002129378 4404692812594050 0.0001931305 4097686054568390 0.000179296 3603968852948930 0.0001630838 3279842736652690 0.0001484731 2645789041127380 0.0001224613
7169894814199710 0.0003188796 7043982708129450 0.0003180061 6962380886261430 0.0003089694 6620991052407580 0.0002978798 6213497644042770 0.0002803373 5909031707762270 0.0002670299 5536469659420760 0.0002531827 5182756117246800 0.000239032 4972155425664240 0.0002260032 4529382032754980 0.0002107621 4146134912452980 0.0001907012 3848052005446180 0.0001766612 3375413196955870 0.0001603372 3063397760885290 0.0001454747 2454907649110740 0.0001193881
6839401435356520 0.0003187214 6717565588112110 0.0003173611 6638966231472660 0.0003085902 6295907242272030 0.0002969545 5900406323608600 0.0002790071 5607392836450900 0.0002655149 5242227886505360 0.0002514903 4903659265569530 0.0002369624 4698189822116300 0.0002238028 4272462247156900 0.0002084717 3900523017209900 0.0001881629 3617290362741460 0.000174282 3158229005471880 0.000157457 2857133025429140 0.0001425728 2279096217709570 0.0001163447
6517574134242810 0.0003179405 6396368058154570 0.0003167331 6317931938807780 0.0003077411 5987521942915790 0.0002955641 5603262280406890 0.0002776079 5320844712509440 0.0002642415 4969626375051180 0.0002499368 4636813740706480 0.0002352218 4438445183016970 0.0002220108 4024129433008180 0.0002060372 3662365402366000 0.0001854586 3393517390946980 0.0001715089 2953814113459820 0.0001548276 2662807287977520 0.0001396847 2110183482339980 0.0001132995
6211489223575010 0.0003180318 6083524071802780 0.0003160024 6008966750530160 0.0003067983 5686863136775710 0.000294766 5314074028803200 0.0002764126 5040019798596360 0.0002624075 4700795116888670 0.0002480868 4379197399512720 0.0002330802 4185863071364650 0.0002194278 3785193598637360 0.0002031305 3440840627928050 0.0001829444 3178658351501040 0.0001687319 2758800162421950 0.0001518791 2480020524068260 0.0001369433 1951586799628190 0.0001102257
5916136405276710 0.0003176229 5786867758621710 0.0003152128 5716490888755730 0.0003065963 5401003004616810 0.0002936545 5038108796210120 0.0002747748 4771887576523290 0.0002603446 4443518782581570 0.0002457283 4133174451731080 0.0002305367 3944672503856240 0.0002170302 3560125038416540 0.0002007228 3227618006897740 0.0001802954 2976322202690860 0.0001660707 2576523402053150 0.0001490067 2307443571658370 0.0001336972 1804948813713530 0.0001071238
5631523908769370 0.0003165551 5502482391499250 0.0003143753 5442747628052950 0.0003056787 5130270825138540 0.0002923312 4776191078686280 0.0002731065 4512337396981310 0.0002584084 4196971274592460 0.0002434264 3901586121380670 0.0002283671 3717496881200940 0.0002145528 3342752656815600 0.000198019 3025819818674480 0.0001776487 2783231664050590 0.0001630816 2403276213253540 0.000145819 2145286199338390 0.0001305874 1668499854874730 0.0001040716
5356854618802720 0.0003158359 5234135463258740 0.0003137597 5169282780298640 0.0003040228 4869637094843590 0.0002908556 4521589082216940 0.0002710005 4275391565368180 0.0002570066 3962176159533570 0.000241188 3674196927408860 0.0002258672 3500825986566890 0.0002118905 3143873200536050 0.0001954059 2836068501112710 0.0001746721 2606158625645000 0.0001602354 2236999134917230 0.0001426003 1993008141068230 0.0001275026 1538775386370630 0.0001008186
5093099805469780 0.0003147131 4967977945726280 0.0003119051 4908222512057390 0.0003018207 4620103569562300 0.0002889178 4276722237856840 0.0002689172 4041626253870790 0.0002547658 3740650636584300 0.0002388354 3465236591868630 0.0002234656 3293497171695400 0.0002092596 2952613338710660 0.0001925954 2657651242962360 0.0001716467 2433635405228440 0.0001572043 2084435395374960 0.0001395335 1844955360118920 0.0001239871 1417831418274960 9.75086674196849E-005
4844557718463770 0.0003138431 4720014260541390 0.0003109365 4656062891516040 0.0003001977 4372139812092530 0.0002863764 4045965538012930 0.0002671319 3819354091129480 0.000252062 3527642568618000 0.0002361985 3262125346738050 0.0002206042 3097945141607150 0.000206528 2772160331771690 0.0001897856 2485848574666250 0.0001685364 2273568233411660 0.0001539602 1938084460826300 0.0001363917 1710701313684870 0.0001208597 1303623589639480 9.43592260638429E-005
4605845748993390 0.0003130128 4480769814131020 0.0003096724 4414235229384050 0.0002988 4142095294954930 0.0002846744 3826377169696950 0.000264963 3603988836968000 0.000249658 3326325954311370 0.0002338187 3068311582831770 0.0002177126 2910655412703400 0.0002034597 2594500014736000 0.0001861193 2318399863881460 0.0001652213 2120518775953080 0.000150954 1802043553632290 0.0001331934 1583213477752990 0.000117491 1200389928685440 9.13624822384911E-005
4368155250472560 0.000310719 4253142756345620 0.0003069492 4184694776561620 0.0002974702 3918185405416110 0.0002822485 3616570092891700 0.0002622907 3401643471428080 0.0002469897 3129757579138750 0.0002307596 2886545423279900 0.0002152194 2733161567517280 0.0002005752 2431350570626990 0.0001833789 2164799326465960 0.0001620713 1975288667868800 0.0001475563 1672600501864050 0.0001298167 1460304704264610 0.0001140081 1102233216331580 8.84117896309371E-005
4149733526173940 0.0003095288 4027829537943480 0.0003049508 3971387238404870 0.0002960674 3711931352788890 0.0002805069 3417090866109400 0.0002602327 3208899195657340 0.0002445505 2945969361950940 0.0002282467 2710286969848840 0.0002120833 2560816231697150 0.0001972997 2271417919759550 0.0001799817 2021290988903840 0.0001591231 1838188647706040 0.0001444348 1548526196302440 0.00012627 1349242857239410 0.0001107342 1013544112994350 8.53827851323863E-005
3929237944458310 0.0003070256 3810849766694940 0.0003030251 3757758440806420 0.0002940612 3503588336443410 0.0002777172 3220056952015260 0.0002574297 3018962786453610 0.0002417242 2771664949872070 0.0002255683 2544467132925370 0.0002092529 2402412395170720 0.0001944884 2126620156413500 0.0001771683 1887381352896080 0.0001559074 1710987583085650 0.0001412574 1432339491626310 0.0001229614 1245005300740350 0.0001077077 927121933789797 8.23004108736629E-005
3720086497121190 0.0003053022 3611582858872280 0.0003012832 3558060759682800 0.0002917099 3305402706910540 0.0002756143 3040621949995170 0.0002552761 2845611067394370 0.0002390747 2602256641771100 0.0002222822 2384177395150360 0.0002057568 2248559890346140 0.000191546 1986017835012940 0.0001738339 1757412532248600 0.0001527629 1588142575290640 0.0001380359 1327487035563070 0.0001200942 1149719049380960 0.0001046739 847590918195712 7.91983103077884E-005
3525151566302290 0.0003043588 3417937415472040 0.0002996764 3365508448341790 0.000289439 3120891510342990 0.0002736983 2864494683193620 0.0002520974 2674066027359350 0.0002362939 2443030497109340 0.0002190098 2235564287908310 0.0002027718 2102704228216710 0.0001884834 1852200410509730 0.0001706225 1632623914870870 0.0001490627 1472258563887600 0.0001345078 1225655617535740 0.0001168916 1062972592835210 0.0001016625 776610257422666 7.63685043700294E-005
3336344608993360 0.0003026111 3230627750807660 0.0002968436 3177711319868710 0.000286405 2952807008503360 0.0002713891 2695024636774610 0.0002483503 2516555391124980 0.0002334525 2290693544753860 0.0002158512 2093785637320640 0.0001993237 1968349720488780 0.0001848911 1728308195336420 0.0001673188 1519001867425280 0.0001462544 1367968850688520 0.0001316653 1133305201461120 0.0001134579 975276214829086 9.80742458997875E-005 707734020441370 7.3183665170867E-005
3163907386904690 0.0003005895 3053557089215500 0.000294591 2997886408571770 0.0002838963 2780232754409440 0.0002684041 2534182954390550 0.0002455736 2365832115869960 0.0002302904 2144664276417350 0.0002119184 1956750331244570 0.0001957367 1840490862648610 0.0001816969 1610474065443700 0.0001642312 1411133376954010 0.0001427415 1270187945107090 0.0001282976 1051107511093650 0.0001107796 893510140343995 9.468412831209E-005 644733768040230 7.0168448687886E-005
2982784001278310 0.000297227 2879457859716210 0.0002916383 2833158805695070 0.0002810987 2618138515369570 0.0002647082 2379589050493130 0.0002416791 2222529342929220 0.0002275294 2012292093309930 0.0002092192 1830312991651900 0.0001924289 1713101442437850 0.0001777528 1498857504350120 0.0001604088 1312905603551030 0.0001395902 1176543536528700 0.0001250106 962161186344913 0.0001066908 820438435526973 9.16645360611025E-005 589068337905270 6.76509411498009E-005
2821242887893050 0.0002938625 2718240903638110 0.0002888241 2667588050000000 0.0002786306 2469022248224600 0.000262339 2232984729938570 0.0002391697 2086500648841560 0.0002237258 1881666701285590 0.0002058436 1711423277053630 0.0001896612 1600196222910040 0.0001743025 1399505182204440 0.0001577731 1220995998946980 0.0001365211 1086734605405310 0.000121388 888626988951859 0.0001036389 752117402897569 0.00008842 536218500668564 0.000064868
2661124988044840 0.0002916026 2561886084997530 0.0002864763 2512971098697490 0.0002753274 2318637449424130 0.000259173 2094873288079590 0.0002360341 1955121344862910 0.0002205495 1759777004786700 0.0002024517 1598389875193660 0.0001862425 1494097077501850 0.0001715947 1298090554528710 0.0001539299 1129823279625910 0.0001327048 1004142707216890 0.0001180375 818294179895186 0.0001006937 689874222227116 8.52350849925069E-005 489405479215104 6.22528075229854E-005
2502814758566260 0.0002882948 2411836643475190 0.0002841111 2367649655866890 0.0002736144 2180009158201660 0.0002565155 1969252609052920 0.0002343741 1828572164507690 0.0002173107 1649871005710610 0.0001996463 1496197128678270 0.0001829055 1388212092682500 0.0001677525 1204838286282850 0.0001503755 1045717228967290 0.0001292447 929022298750415 0.0001148845 750557490179943 9.71728985044467E-005 630474758422431 8.22544202891996E-005 443964099186425 5.94273586486442E-005
2365019767884580 0.0002875591 2272528627129130 0.0002819503 2231088628799910 0.0002705204 2050196620421670 0.0002531821 1850057992429460 0.0002313062 1714158199948710 0.0002142746 1539578043062460 0.0001959429 1391970091988410 0.0001790241 1293886190883440 0.0001643778 1117226161587070 0.0001470089 968025433426502 0.0001257441 855699579093943 0.0001113384 690541634458272 9.39154297353683E-005 578356478034528 7.94338124627829E-005 402681757323470 5.67184943045747E-005
2234512996943550 0.0002860459 2148456136265780 0.0002800352 2099140202000230 0.0002679364 1930393407747190 0.0002505576 1740089339286060 0.0002284011 1610096488908050 0.0002117292 1438482569901730 0.0001925708 1293601806782930 0.0001749132 1202836489824730 0.0001612662 1037101088705930 0.0001437673 891481955174565 0.0001221471 791052724570734 0.0001084509 631986778430439 9.06951197354414E-005 528544201469059 7.63627184838654E-005 364425959597826 5.4270338277293E-005
2106644336033100 0.0002826964 2022905243637270 0.0002775719 1972354102762570 0.0002645767 1806482832905940 0.0002466418 1627298554140460 0.000223861 1500628408598580 0.0002069657 1339386488910270 0.0001885548 1203775686894230 0.0001716521 1117856579063820 0.0001575706 960377530820971 0.0001400907 823654459230005 0.0001188884 727194167137090 0.000105103 580035131249479 8.78783317702058E-005 480047860231841 7.2961255675002E-005 331528780997946 5.19626342661573E-005
1980562117077100 0.0002789146 1901223747360120 0.0002731815 1854787954911150 0.0002616569 1693939089027670 0.0002429518 1514910302224080 0.0002186611 1402796560988040 0.0002037589 1241819929045030 0.0001845087 1122384395339950 0.0001683273 1039832222792220 0.0001541761 890137428713961 0.0001365983 760383148789632 0.0001157475 670415095219724 0.0001017337 531752073050433 8.49713540346277E-005 439471528954728 7.0538291724527E-005 298075132108584 4.92444781196962E-005
1864035979812600 0.0002754956 1788306854802100 0.000269516 1738686755128840 0.0002581615 1584068727450110 0.0002398914 1414419100463670 0.0002151107 1306976991724750 0.0002000692 1155428667539370 0.0001815563 1041957117466400 0.0001652574 961299431774741 0.0001499333 818421731878469 0.0001324961 702565616198189 0.0001129602 614311065930983 0.000098506 486757807262196 8.1902665044544E-005 400434227783315 0.000067785 269297908886361 4.69664129173487E-005
1750445479659860 0.0002720314 1675343115967550 0.0002660997 1630768456221160 0.0002547958 1483034002730920 0.0002368009 1320973753794170 0.0002124743 1218830890892430 0.000196947 1078868168121920 0.0001786305 964283273248500 0.000161453 890596348499579 0.0001465543 759700636835539 0.0001301437 645486397537567 0.0001092696 563938590900432 9.53532826562383E-005 443791232370861 7.86045609201919E-005 364498876546941 6.48331176639596E-005 243137722392297 4.48068680816718E-005
1643998608405060 0.0002692178 1569768249068060 0.0002619351 1530858031309150 0.0002518282 1391948310850370 0.0002330479 1234591553333370 0.0002095129 1140363735546960 0.0001940949 1006130113492820 0.000175473 896059355342764 0.0001579136 821702225137511 0.0001429553 701800300496341 0.0001272214 594968468273168 0.0001059398 520768349524520 9.29968782351387E-005 406099492122642 7.61639238423756E-005 330314463166627 6.20021729274378E-005 221756416639188 4.3173837954367E-005
1537662250942070 0.0002657204 1475104166571100 0.0002591935 1436218955508700 0.0002484627 1296627580947780 0.000228896 1154498536842000 0.0002059201 1061456246912310 0.0001895744 929581584854577 0.0001709489 831977765906501 0.0001543426 765632858252292 0.0001405584 647705407656589 0.0001236368 544445011618846 0.0001025582 476488309932255 8.96354817547122E-005 368457266458186 7.30798190307534E-005 299501493043208 5.95072117963715E-005 200146207059703 4.10937758196117E-005
1447245551433270 0.000262673 1379472490812350 0.0002554508 1339029046359700 0.0002431598 1207337213470260 0.0002241353 1072884710527590 0.0002010846 986450230376133 0.0001862179 860999325535406 0.000167371 769179810290416 0.0001506339 708759651636399 0.0001369036 599856151944430 0.0001207026 501187325583758 9.94053338244741E-005 435534319605591 8.63225653606957E-005 338025436114536 7.06685240426807E-005 271278247031750 0.000056959 179364762459111 0.000038637
1351597078295660 0.0002583494 1285477323311490 0.0002508789 1249340313210700 0.0002390696 1130540899447930 0.0002224534 997021319431244 0.0001971909 914627771996623 0.0001812385 799532023899708 0.0001635682 710348922339843 0.0001465866 651637607069833 0.0001322305 552186226927812 0.000117084 459485892682973 9.59902966101029E-005 398300758615911 8.35875546421565E-005 305611983895302 6.76492404092677E-005 248346069349767 0.000054947 161966290330959 3.69670562944404E-005
1261823756464730 0.0002542143 1207758491498620 0.0002489388 1164536407926120 0.0002357301 1050759594281430 0.0002185672 923647194238284 0.0001930255 851927288391929 0.0001788009 741358447867605 0.0001609247 658866906768939 0.0001440201 601363086130107 0.0001288574 505600843166797 0.000112843 417554010374023 9.23057246045355E-005 364095656118623 8.05503751098234E-005 279240530782151 6.53544593301745E-005 224993548980575 5.27836858496994E-005 146491290288118 3.54094326326174E-005
1180360363671660 0.000251859 1120706918626510 0.0002447178 1088424963749440 0.0002327146 983697431887211 0.0002153801 860659370331087 0.000190308 788489703768145 0.0001746319 682788114441496 0.0001561421 607811091994379 0.000140804 550368558860287 0.0001246888 464604752601754 0.0001101969 379304550215705 8.85043984551042E-005 333126237933651 7.79211084031511E-005 254707053791584 6.28644876072352E-005 200564817890213 4.9756620353759E-005 131913501937820 3.35521275458972E-005
1099570671250350 0.0002469569 1053208702528360 0.0002422956 1016201092913840 0.0002294456 916921311482579 0.0002120347 798945942039440 0.0001873347 736022612492944 0.0001719356 632572223173929 0.0001531981 562862694360709 0.0001367873 507581674846664 0.0001222154 425526747817919 0.0001065686 350945593295939 8.70509246192386E-005 303518332237020 7.48027971616453E-005 233997799218255 6.09762925954967E-005 182442135110014 4.78778186524291E-005 119604808446188 3.20841954800271E-005
1028002560682220 0.0002448754 980568113607657 0.0002404724 945282503035347 0.0002257534 851924086297050 0.0002078075 743664948503353 0.0001840177 680095046389086 0.0001678206 584248844353869 0.0001494231 517941497473929 0.0001336265 465954947437248 0.0001188134 393665874376873 0.0001044966 318421631204201 8.37485211879602E-005 278051788012995 7.2875556283116E-005 212867667783214 5.85679009542948E-005 166256999149027 4.63596081913998E-005 108511133058882 3.09501621015015E-005
956262895601271 0.0002412523 917583299979563 0.0002380928 878977411164575 0.0002219957 793051672645642 0.0002039088 687638171450794 0.0001793224 624739411908928 0.000162714 535203765227919 0.0001446468 476046583655846 0.0001296983 430269298750255 0.0001163107 360401886722174 0.0001011457 293499598230373 0.000081121 253109821215846 7.00892106273864E-005 190063562339772 5.54452207371746E-005 152559009503162 4.49248890120824E-005 96001934641095.4 2.87764411338917E-005
897993214037735 0.0002398277 855598155903463 0.0002341112 815458852145589 0.0002166232 734563744298762 0.0001988866 634470248296868 0.0001755627 580494390949185 0.0001603089 496549364193662 0.0001421058 440681108135811 0.0001275578 396983180185626 0.0001135384 331416387256287 9.86786095269029E-005 268732631176972 7.89316380875044E-005 232099318465888 6.82084244803081E-005 173991000162696 5.38318965487004E-005 138978134854767 4.31756860780023E-005 87923388082664 0.000028007
835572838442480 0.0002349923 799044238065953 0.0002298714 760137693208093 0.0002144936 677949594395590 0.0001948039 588681766347958 0.0001722229 535786641707273 0.0001576723 457051882257697 0.0001384975 403565336506224 0.0001235706 361362689436902 0.0001090131 302346792402769 9.52219305159722E-005 241812295150614 7.49201712570602E-005 210602171028426 6.55676914500343E-005 158428816757530 5.20368745922237E-005 124925611202023 4.10630776259261E-005 78515324523758.9 2.63896772734906E-005
774595695117658 0.0002302419 739178704041886 0.0002235702 702652238558500 0.000211116 626524723348340 0.0001912519 538376886820594 0.0001659989 496243044749777 0.0001538313 426743820424065 0.0001381855 372332414061496 0.000120815 330923389116735 0.0001057287 276640814210908 9.24793275642157E-005 220217071949392 7.22991557489849E-005 193571069191811 6.33173057656862E-005 144105206981979 5.02626040556282E-005 112235920339603 3.90236823784878E-005 67874460910863.1 2.43868600499781E-005
717979510707156 0.0002257258 680437611532487 0.0002179921 651464424905589 0.0002067311 582461521356382 0.0001891524 499062959821240 0.0001637862 457121748477131 0.0001502497 387752507433427 0.0001324043 345778002539162 0.0001189772 305645152330600 0.0001041724 251736207371870 8.86986163750882E-005 201308661980361 7.0072577182867E-005 175714283383207 6.10981264970869E-005 131362831475460 4.82087333055791E-005 103939188962514 3.8562848812296E-005 64371082353262.2 2.43865700482389E-005
668152413168570 0.0002218006 633986051575570 0.0002165784 607732655689720 0.0002035808 541237415613297 0.0001870693 458093932707164 0.0001600078 420309629123549 0.0001466859 360713895926452 0.0001303433 316233376766892 0.00011509 278741508629409 0.0001011527 232043454833846 8.76068413022605E-005 183245571096645 6.778225502372E-005 156742724983323 5.77263758010095E-005 119399383638682 0.000046353 93922586052599.2 3.66114792240832E-005 56037485865647.9 2.24188818388567E-005
619128664459793 0.000219864 589988716170517 0.00021366 558161350331969 0.0001988433 500004248123853 0.0001841613 422897670745453 0.0001563601 388938674924901 0.000142993 329333425386568 0.0001263844 289418255305483 0.0001119981 255680695097645 9.80217590610254E-005 214662843741293 8.54037774802629E-005 165596569045795 6.48112339869656E-005 143206533589496 5.63497478212706E-005 108316882659272 4.43648210414672E-005 83755760386848.3 3.48265794705735E-005 51091088454249.3 2.16633241092507E-005
573886282688467 0.0002168816 550121286222171 0.0002122981 515532502110909 0.0001938647 466263271179795 0.0001813377 394058278566017 0.0001547731 354678083819168 0.0001394293 303008920727815 0.0001242949 264807158911234 0.000108255 236671877425114 9.61115587770865E-005 198993706450696 0.000084238 149488712088032 6.2402407163333E-005 129245906611479 5.39569018319521E-005 95658538906070.1 4.17167702298099E-005 77734484426165.3 3.39826946975356E-005 45380771864236.1 0.000020532
533833793239707 0.0002138151 502920553243709 0.0002059963 479324981398970 0.0001916788 430139335359297 0.0001776665 360862509285714 0.0001510422 327356606310906 0.0001362813 278649661168574 0.0001209681 244792302665386 0.0001071886 218353453709372 0.000095053 179664032869304 8.03827829587473E-005 137208433499425 6.0648670969953E-005 119557943582485 5.29495409073406E-005 88508117462542.2 0.000041037 67916402510952.5 3.16666980573557E-005 40297685737087.2 1.94896766347629E-005
497874725037352 0.0002114366 473425769904057 0.0002052865 439325737700828 0.0001875801 394765049691959 0.0001730706 330830263569401 0.0001463314 300744724577895 0.0001346718 258926011991883 0.0001198202 226256952353621 0.0001058017 196621925734113 9.00960963905981E-005 163779255864767 7.71485352432262E-005 124205005610615 5.83004851296312E-005 106253469549484 4.95462400222575E-005 75639479833559.6 3.73822737575882E-005 61097949860062.6 3.03976446957422E-005 36046570508861.3 1.84562533253169E-005
456955819955662 0.000206032 430651480755783 0.0001991564 408880532144330 0.00018739 366731824495304 0.0001704925 304991729341255 0.0001434825 276403104279417 0.0001305825 240309133720496 0.0001177754 206753910881972 0.0001029043 186725167523169 9.10320837355228E-005 148926230386919 7.50312772852549E-005 111991867313989 5.60660843286731E-005 94503700360181.6 4.69347757211602E-005 72399877363537.6 3.79801352836099E-005 59216130126171.1 3.10143122050004E-005 33922677517466.7 1.84559217484887E-005
427005636469891 0.0002048265 400443788550431 0.0001966451 381116874813472 0.0001850796 341313148151856 0.000171198 279728029529637 0.000142114 255418968852181 0.0001292711 218893451263380 0.0001141799 191027352566161 0.0001003238 170200793026633 8.81739396853343E-005 134469051634414 7.2367491820787E-005 102192898120332 5.44484014161915E-005 87958713064902.8 0.000046695 66407370397759.3 3.75178632542128E-005 53509367693264.9 3.01426586494033E-005 30591615026106.9 1.74776509732302E-005
390814270933005 0.0001999162 372843266285363 0.000199714 355348189283786 0.00018207 315625378923547 0.0001670092 253672121388882 0.0001362558 234352345196798 0.0001260271 201846987236451 0.0001129377 176581269970095 9.91318161277022E-005 154850721433660 8.45017319415073E-005 126930390125651 7.31654826898931E-005 89350561228118.9 5.14572450500097E-005 78460410307386.4 4.42549431684593E-005 57875520933297.4 3.4861753148788E-005 46610681277457.8 2.78667565214656E-005 26821974319084.1 1.65375842225131E-005
359842952805075 0.0001959694 340693948474574 0.0001931348 325232113331979 0.0001762549 297357823363181 0.0001659279 236590201537846 0.0001359733 216527477522435 0.0001244195 185309889797979 0.0001097489 165473509137408 9.89421084919464E-005 142494346107125 0.000083368 114223651661085 6.99165545855893E-005 84712423687350.9 5.15178993604986E-005 73971358084875 0.000044705 53442028641593.1 3.40554677987985E-005 46643096379192.1 0.000029589 23115236924667.2 1.51920727859483E-005
337507688126137 0.0001980568 324791983178330 0.0001973653 294349413705842 0.0001704058 264615438175126 0.0001569462 218923494126518 0.0001348155 202299872969673 0.0001222999 173818710748955 0.0001098627 146231543346344 0.000092702 128684129257915 8.0648332654998E-005 107497761780116 7.01828827485743E-005 82471797011296.2 5.31285277171338E-005 65474671703230.4 4.18913925472805E-005 46677958537091.6 3.17159025170656E-005 41693251573261.8 2.81184078328705E-005 21527861316623.7 1.50267973594866E-005
311961989116584 0.000193043 296422606811373 0.0001902254 274373761517204 0.0001717652 243221561764925 0.0001551511 200019383366978 0.0001304359 184089462311264 0.0001196502 156029059634865 0.0001048845 134679293633763 9.09664214321516E-005 120388448563497 0.000079156 93260036605511.7 0.000065427 67729446649408.2 4.63712737775571E-005 57170038675822.1 3.94408364953579E-005 44207826153395.6 3.22862000372588E-005 36296168273918.5 2.59979292338738E-005 20822687338503.4 1.52946239205547E-005
287244506489015 0.0001888182 274247696088823 0.0001844369 255640418130271 0.0001734963 226061113817484 0.0001564076 186084023909088 0.0001287539 162945218836782 0.0001111261 149036534206731 0.000106624 128463207683718 9.30811344512843E-005 109482713475173 7.8394612766233E-005 90658547586044.4 6.70123861155732E-005 65686157811885.8 4.71571844057683E-005 54003808730634.2 3.97149475003461E-005 38928216049186.3 3.02436406024372E-005 30518331640417.7 2.34419029308888E-005 17034975158253.3 1.32748376987313E-005
265497446109546 0.0001858095 254466328282626 0.000185178 236430795118342 0.0001690243 213126410746239 0.0001573783 167428814753010 0.0001245991 156421024782421 0.0001154024 132602570477705 0.0001018486 116319866816096 9.06519272720765E-005 101288307074125 0.000076915 82186346411491.3 6.56838024820421E-005 55709078361543.4 4.35461536608915E-005 50148239233763.8 3.92538204896171E-005 37386553536830.2 3.09658448366433E-005 30163532037802.4 2.48113562997095E-005 13633537498870.9 1.14956114673344E-005
249534015034280 0.0001881462 233929631123080 0.000183398 219503603427661 0.0001657848 192013992497380 0.0001512027 158896154437242 0.0001282584 136862944068849 0.0001089648 123164113392830 0.0001005268 108479430742459 8.78488250306825E-005 95399969544309.8 7.68353580748732E-005 74392112733592.4 6.37162394081135E-005 52014556517458.8 4.30943777373481E-005 42480755322476.3 3.52131286835953E-005 34818116035065.4 3.05018745836706E-005 28389995442606.9 2.48031052209503E-005 14161049282395 1.26698109085891E-005
222458008513856 0.0001772419 217383351078386 0.0001790982 199955112352946 0.0001617869 183306585968723 0.0001542 145860270414014 0.0001251317 129160602821975 0.0001083001 112308005275798 9.93727418160999E-005 99384566031275.9 8.77629420154882E-005 81071380103869.7 7.00457874255589E-005 70204436485068.3 6.40677909031919E-005 47283963660530.3 4.17178139297218E-005 37290140512938 3.32672288345601E-005 31019317867179.4 2.87504284352343E-005 28454438024804.3 2.6524704687423E-005 13867959726404.8 1.35183862918018E-005
208728733208734 0.0001835276 201874146021703 0.0001799075 184708003550487 0.0001604558 167477564175048 0.0001505472 136252431472595 0.0001238982 117277637166394 0.0001087794 102197301618414 9.56133370188045E-005 89086524445992.7 8.35513189896805E-005 79126950498972.5 7.33584573258974E-005 64721613509821.9 6.21883482665548E-005 44324244366629.6 4.13266301875915E-005 34751083557629.7 3.31944949498033E-005 25720247923250.8 0.000025395 21625691622369 2.1512186872328E-005 12080971802786.8 1.22109201896038E-005
192799112790832 0.0001810497 183749933238098 0.0001777068 169226003174685 0.0001573636 153762878099984 0.0001480458 123777239250979 0.0001187676 108810738879945 0.0001052777 99155401485251.5 0.0001009311 84476244322381.2 8.53088867320895E-005 75062679085485.4 7.39071291793966E-005 58071746224320 5.88655969783209E-005 39791390566856.7 4.08691271692265E-005 31959660270921.4 3.32689037147255E-005 21997867873541.4 2.380320743788E-005 20242197825264.3 2.12828222651426E-005 9300794632949.91 1.01622405355096E-005
180222768658822 0.0001817792 173444187283148 0.0001787891 152779093221666 0.0001528922 143497102527285 0.0001509538 113477984816467 0.0001183365 104682774049521 0.0001097881 86653438941655.4 9.4640363814541E-005 80379952147557.5 8.75204304806979E-005 67424876158588.9 7.1755733371156E-005 50383441698169.8 5.50917198334321E-005 33535709551589.8 3.61589286139716E-005 30691323022814.9 3.35621038719784E-005 21861345346908.3 0.000025442 17316227962444.1 1.96212192595117E-005 8803679412687.75 1.03723871151338E-005
