Temperature, Et, tn0, k, chi2
463, 0.0461313, 3.85552e-08, 6006.34, 0.00141397
463, 0.0569086, 5.05099e-08, 4584.52, 0.00141397
463, 0.067686, 6.61704e-08, 3499.27, 0.00141397
463, 0.0784634, 8.66848e-08, 2670.91, 0.00141397
463, 0.0892408, 1.13556e-07, 2038.64, 0.00141397
463, 0.100018, 1.48753e-07, 1556.03, 0.00141397
463, 0.110796, 1.94852e-07, 1187.67, 0.00141397
463, 0.121573, 2.55222e-07, 906.499, 0.00141397
463, 0.13235, 3.34274e-07, 691.887, 0.00141397
463, 0.143128, 4.3777e-07, 528.077, 0.00141397
463, 0.153905, 5.73241e-07, 403.043, 0.00141397
463, 0.164682, 7.50517e-07, 307.606, 0.00141397
463, 0.17546, 9.82413e-07, 234.761, 0.00141397
463, 0.186237, 1.28561e-06, 179.159, 0.00141397
463, 0.197015, 1.6818e-06, 136.718, 0.00141397
463, 0.207792, 2.19906e-06, 104.324, 0.00141397
463, 0.218569, 2.87368e-06, 79.5984, 0.00141397
463, 0.229347, 3.75233e-06, 60.7254, 0.00141397
463, 0.240124, 4.89464e-06, 46.32, 0.00141397
463, 0.250901, 6.37625e-06, 35.3245, 0.00141397
463, 0.261679, 8.29213e-06, 26.9318, 0.00141397
463, 0.272456, 1.07599e-05, 20.5258, 0.00141397
463, 0.283234, 1.39223e-05, 15.6361, 0.00141397
463, 0.294011, 1.79491e-05, 11.904, 0.00141397
463, 0.304788, 2.30342e-05, 9.05523, 0.00141397
463, 0.315566, 2.93895e-05, 6.88084, 0.00141397
463, 0.326343, 3.72301e-05, 5.22115, 0.00141397
463, 0.33712, 4.67497e-05, 3.95434, 0.00141397
463, 0.347898, 5.80865e-05, 2.9874, 0.00141397
463, 0.358675, 7.12802e-05, 2.24935, 0.00141397
463, 0.369453, 8.623e-05, 1.686, 0.00141397
463, 0.38023, 0.000102665, 1.25601, 0.00141397
463, 0.391007, 0.000120144, 0.927803, 0.00141397
463, 0.401785, 0.000138089, 0.677286, 0.00141397
463, 0.412562, 0.000155857, 0.486071, 0.00141397
463, 0.423339, 0.000172831, 0.340118, 0.00141397
463, 0.434117, 0.000188501, 0.228715, 0.00141397
463, 0.444894, 0.000202516, 0.143682, 0.00141397
463, 0.455672, 0.0002147, 0.0787783, 0.00141397
463, 0.466449, 0.000225035, 0.0292379, 0.00141397
463, 0.477226, 0.000233618, -0.00857615, 0.00141397
463, 0.488004, 0.000240623, -0.0374383, 0.00141397
463, 0.498781, 0.000246259, -0.0594687, 0.00141397
463, 0.509558, 0.000250742, -0.0762842, 0.00141397
463, 0.520336, 0.000254275, -0.0891193, 0.00141397
463, 0.531113, 0.000257039, -0.0989161, 0.00141397
463, 0.541891, 0.00025919, -0.106394, 0.00141397
463, 0.552668, 0.000260857, -0.112102, 0.00141397
463, 0.563445, 0.000262143, -0.116459, 0.00141397
463, 0.574223, 0.000263133, -0.119784, 0.00141397
463, 0.585, 0.000263894, -0.122323, 0.00141397
463, 0.595777, 0.000264478, -0.12426, 0.00141397
463, 0.606555, 0.000264926, -0.12574, 0.00141397
463, 0.617332, 0.000265268, -0.126869, 0.00141397
463, 0.628109, 0.000265531, -0.127731, 0.00141397
463, 0.638887, 0.000265731, -0.12839, 0.00141397
463, 0.649664, 0.000265885, -0.128893, 0.00141397
463, 0.660442, 0.000266003, -0.129279, 0.00141397
463, 0.671219, 0.000266093, -0.129574, 0.00141397
463, 0.681996, 0.000266162, -0.1298, 0.00141397
463, 0.692774, 0.000266215, -0.129975, 0.00141397
463, 0.703551, 0.000266257, -0.130111, 0.00141397
463, 0.714328, 0.00026629, -0.130218, 0.00141397
463, 0.725106, 0.000266316, -0.130303, 0.00141397
463, 0.735883, 0.000266338, -0.130374, 0.00141397
463, 0.746661, 0.000266356, -0.130435, 0.00141397
463, 0.757438, 0.000266374, -0.130491, 0.00141397
463, 0.768215, 0.00026639, -0.130546, 0.00141397
463, 0.778993, 0.000266408, -0.130604, 0.00141397
463, 0.78977, 0.000266428, -0.13067, 0.00141397
463, 0.800547, 0.000266452, -0.130747, 0.00141397
463, 0.811325, 0.000266481, -0.130842, 0.00141397
463, 0.822102, 0.000266518, -0.130963, 0.00141397
463, 0.83288, 0.000266565, -0.131117, 0.00141397
463, 0.843657, 0.000266627, -0.131317, 0.00141397
463, 0.854434, 0.000266707, -0.131577, 0.00141397
463, 0.865212, 0.000266811, -0.131918, 0.00141397
463, 0.875989, 0.000266949, -0.132367, 0.00141397
463, 0.886766, 0.000267131, -0.132958, 0.00141397
463, 0.897544, 0.000267372, -0.13374, 0.00141397
463, 0.908321, 0.000267693, -0.134777, 0.00141397
463, 0.919099, 0.000268122, -0.136161, 0.00141397
463, 0.929876, 0.000268699, -0.138017, 0.00141397
463, 0.940653, 0.000269484, -0.140526, 0.00141397
463, 0.951431, 0.000270563, -0.143954, 0.00141397
463, 0.962208, 0.000272074, -0.148708, 0.00141397
463, 0.972985, 0.000274239, -0.155431, 0.00141397
463, 0.983763, 0.000277454, -0.165217, 0.00141397
463, 0.99454, 0.000282481, -0.180071, 0.00141397
463, 1.00532, 0.000291014, -0.204112, 0.00141397
463, 1.01609, 0.000307745, -0.247383, 0.00141397
463, 1.02687, 0.000352272, -0.342514, 0.00141397
463, 1.03765, 0.00074781, -0.690277, 0.00141397
463, 1.04843, 7.4945e-05, 2.09046, 0.00141397
463, 1.0592, 0.000173755, 0.332995, 0.00141397
463, 1.06998, 0.000199933, 0.158461, 0.00141397
463, 1.08076, 0.000211723, 0.0939484, 0.00141397
463, 1.09154, 0.000218243, 0.0612689, 0.00141397
463, 1.10231, 0.00022226, 0.0420884, 0.00141397
463, 1.11309, 0.000224902, 0.0298469, 0.00141397
463, 1.12387, 0.000226714, 0.0216118, 0.00141397
453, 0.0445656, 3.91963e-08, 6054.36, 0.00140514
453, 0.0553743, 5.16981e-08, 4590.03, 0.00140514
453, 0.066183, 6.81865e-08, 3479.86, 0.00140514
453, 0.0769917, 8.99317e-08, 2638.2, 0.00140514
453, 0.0878003, 1.18608e-07, 2000.1, 0.00140514
453, 0.098609, 1.56424e-07, 1516.34, 0.00140514
453, 0.109418, 2.06287e-07, 1149.57, 0.00140514
453, 0.120226, 2.72027e-07, 871.515, 0.00140514
453, 0.131035, 3.58689e-07, 660.708, 0.00140514
453, 0.141844, 4.7291e-07, 500.888, 0.00140514
453, 0.152652, 6.23416e-07, 379.721, 0.00140514
453, 0.163461, 8.21669e-07, 287.86, 0.00140514
453, 0.17427, 1.08271e-06, 218.217, 0.00140514
453, 0.185079, 1.42622e-06, 165.417, 0.00140514
453, 0.195887, 1.87793e-06, 125.388, 0.00140514
453, 0.206696, 2.47134e-06, 95.0399, 0.00140514
453, 0.217505, 3.24991e-06, 72.032, 0.00140514
453, 0.228313, 4.26971e-06, 54.5887, 0.00140514
453, 0.239122, 5.60253e-06, 41.3643, 0.00140514
453, 0.249931, 7.3395e-06, 31.3384, 0.00140514
453, 0.260739, 9.59472e-06, 23.7373, 0.00140514
453, 0.271548, 1.25087e-05, 17.9746, 0.00140514
453, 0.282357, 1.62503e-05, 13.6057, 0.00140514
453, 0.293165, 2.10163e-05, 10.2935, 0.00140514
453, 0.303974, 2.70255e-05, 7.78235, 0.00140514
453, 0.314783, 3.45055e-05, 5.87855, 0.00140514
453, 0.325591, 4.36685e-05, 4.43521, 0.00140514
453, 0.3364, 5.46764e-05, 3.34095, 0.00140514
453, 0.347209, 6.75943e-05, 2.51135, 0.00140514
453, 0.358018, 8.23437e-05, 1.8824, 0.00140514
453, 0.368826, 9.86659e-05, 1.40557, 0.00140514
453, 0.379635, 0.000116116, 1.04406, 0.00140514
453, 0.390444, 0.000134095, 0.76999, 0.00140514
453, 0.401252, 0.000151931, 0.562205, 0.00140514
453, 0.412061, 0.00016897, 0.404675, 0.00140514
453, 0.42287, 0.000184671, 0.285245, 0.00140514
453, 0.433678, 0.000198667, 0.194701, 0.00140514
453, 0.444487, 0.000210778, 0.126055, 0.00140514
453, 0.455296, 0.000220992, 0.0740124, 0.00140514
453, 0.466104, 0.00022942, 0.0345567, 0.00140514
453, 0.476913, 0.000236251, 0.00464387, 0.00140514
453, 0.487722, 0.000241707, -0.0180344, 0.00140514
453, 0.49853, 0.000246014, -0.0352276, 0.00140514
453, 0.509339, 0.000249384, -0.0482625, 0.00140514
453, 0.520148, 0.000252, -0.0581449, 0.00140514
453, 0.530957, 0.000254021, -0.065637, 0.00140514
453, 0.541765, 0.000255574, -0.0713172, 0.00140514
453, 0.552574, 0.000256765, -0.0756235, 0.00140514
453, 0.563383, 0.000257675, -0.0788884, 0.00140514
453, 0.574191, 0.00025837, -0.0813637, 0.00140514
453, 0.585, 0.000258898, -0.0832403, 0.00140514
453, 0.595809, 0.000259301, -0.0846631, 0.00140514
453, 0.606617, 0.000259607, -0.085742, 0.00140514
453, 0.617426, 0.000259839, -0.08656, 0.00140514
453, 0.628235, 0.000260016, -0.0871804, 0.00140514
453, 0.639043, 0.00026015, -0.087651, 0.00140514
453, 0.649852, 0.000260252, -0.0880081, 0.00140514
453, 0.660661, 0.000260329, -0.0882793, 0.00140514
453, 0.67147, 0.000260388, -0.0884855, 0.00140514
453, 0.682278, 0.000260433, -0.0886426, 0.00140514
453, 0.693087, 0.000260467, -0.0887626, 0.00140514
453, 0.703896, 0.000260494, -0.088855, 0.00140514
453, 0.714704, 0.000260514, -0.0889268, 0.00140514
453, 0.725513, 0.000260531, -0.0889836, 0.00140514
453, 0.736322, 0.000260544, -0.0890297, 0.00140514
453, 0.74713, 0.000260555, -0.0890686, 0.00140514
453, 0.757939, 0.000260565, -0.0891035, 0.00140514
453, 0.768748, 0.000260574, -0.089137, 0.00140514
453, 0.779556, 0.000260584, -0.0891716, 0.00140514
453, 0.790365, 0.000260595, -0.0892102, 0.00140514
453, 0.801174, 0.000260608, -0.0892555, 0.00140514
453, 0.811982, 0.000260624, -0.0893113, 0.00140514
453, 0.822791, 0.000260645, -0.0893818, 0.00140514
453, 0.8336, 0.00026067, -0.0894725, 0.00140514
453, 0.844409, 0.000260704, -0.0895906, 0.00140514
453, 0.855217, 0.000260749, -0.0897455, 0.00140514
453, 0.866026, 0.000260807, -0.0899496, 0.00140514
453, 0.876835, 0.000260884, -0.0902194, 0.00140514
453, 0.887643, 0.000260987, -0.0905772, 0.00140514
453, 0.898452, 0.000261124, -0.0910529, 0.00140514
453, 0.909261, 0.000261306, -0.0916878, 0.00140514
453, 0.920069, 0.000261551, -0.0925386, 0.00140514
453, 0.930878, 0.000261882, -0.0936851, 0.00140514
453, 0.941687, 0.000262333, -0.0952414, 0.00140514
453, 0.952495, 0.000262953, -0.0973748, 0.00140514
453, 0.963304, 0.000263819, -0.100339, 0.00140514
453, 0.974113, 0.000265056, -0.104537, 0.00140514
453, 0.984921, 0.000266875, -0.110643, 0.00140514
453, 0.99573, 0.000269676, -0.119878, 0.00140514
453, 1.00654, 0.000274298, -0.134708, 0.00140514
453, 1.01735, 0.000282885, -0.160976, 0.00140514
453, 1.02816, 0.000303016, -0.216717, 0.00140514
453, 1.03896, 0.000394867, -0.398917, 0.00140514
453, 1.04977, 5.09111e-05, 3.662, 0.00140514
453, 1.06058, 0.000189299, 0.253822, 0.00140514
453, 1.07139, 0.00021307, 0.113945, 0.00140514
453, 1.0822, 0.000222656, 0.0659825, 0.00140514
453, 1.09301, 0.000227688, 0.0424268, 0.00140514
453, 1.10382, 0.000230693, 0.0288444, 0.00140514
453, 1.11463, 0.00023263, 0.0202805, 0.00140514
453, 1.12543, 0.000233938, 0.0145734, 0.00140514
443, 0.0430147, 3.83391e-08, 6176.81, 0.00148669
443, 0.0538544, 5.09257e-08, 4649.92, 0.00148669
443, 0.0646941, 6.76435e-08, 3500.47, 0.00148669
443, 0.0755338, 8.98472e-08, 2635.16, 0.00148669
443, 0.0863735, 1.19336e-07, 1983.75, 0.00148669
443, 0.0972133, 1.58496e-07, 1493.37, 0.00148669
443, 0.108053, 2.10497e-07, 1124.2, 0.00148669
443, 0.118893, 2.79538e-07, 846.297, 0.00148669
443, 0.129732, 3.7119e-07, 637.087, 0.00148669
443, 0.140572, 4.92831e-07, 479.594, 0.00148669
443, 0.151412, 6.54228e-07, 361.032, 0.00148669
443, 0.162251, 8.68294e-07, 271.778, 0.00148669
443, 0.173091, 1.15207e-06, 204.587, 0.00148669
443, 0.183931, 1.52802e-06, 154.006, 0.00148669
443, 0.194771, 2.02562e-06, 115.928, 0.00148669
443, 0.20561, 2.68348e-06, 87.2629, 0.00148669
443, 0.21645, 3.55187e-06, 65.6836, 0.00148669
443, 0.22729, 4.69583e-06, 49.4387, 0.00148669
443, 0.238129, 6.19877e-06, 37.2094, 0.00148669
443, 0.248969, 8.1664e-06, 28.0032, 0.00148669
443, 0.259809, 1.07305e-05, 21.0727, 0.00148669
443, 0.270649, 1.4052e-05, 15.8554, 0.00148669
443, 0.281488, 1.83211e-05, 11.9278, 0.00148669
443, 0.292328, 2.37539e-05, 8.97105, 0.00148669
443, 0.303168, 3.05803e-05, 6.74522, 0.00148669
443, 0.314007, 3.90225e-05, 5.06961, 0.00148669
443, 0.324847, 4.92598e-05, 3.80821, 0.00148669
443, 0.335687, 6.13825e-05, 2.85861, 0.00148669
443, 0.346526, 7.53403e-05, 2.14376, 0.00148669
443, 0.357366, 9.09006e-05, 1.60561, 0.00148669
443, 0.368206, 0.000107636, 1.20049, 0.00148669
443, 0.379046, 0.000124954, 0.895515, 0.00148669
443, 0.389885, 0.000142174, 0.665928, 0.00148669
443, 0.400725, 0.000158631, 0.493094, 0.00148669
443, 0.411565, 0.000173774, 0.362984, 0.00148669
443, 0.422404, 0.000187229, 0.265037, 0.00148669
443, 0.433244, 0.000198817, 0.191302, 0.00148669
443, 0.444084, 0.000208534, 0.135794, 0.00148669
443, 0.454924, 0.000216499, 0.0940073, 0.00148669
443, 0.465763, 0.000222908, 0.0625501, 0.00148669
443, 0.476603, 0.00022799, 0.0388691, 0.00148669
443, 0.487443, 0.00023197, 0.0210417, 0.00148669
443, 0.498282, 0.00023506, 0.00762147, 0.00148669
443, 0.509122, 0.000237441, -0.00248109, 0.00148669
443, 0.519962, 0.000239265, -0.0100874, 0.00148669
443, 0.530801, 0.000240657, -0.0158126, 0.00148669
443, 0.541641, 0.000241715, -0.0201227, 0.00148669
443, 0.552481, 0.000242518, -0.0233673, 0.00148669
443, 0.563321, 0.000243127, -0.02581, 0.00148669
443, 0.57416, 0.000243586, -0.027649, 0.00148669
443, 0.585, 0.000243934, -0.0290333, 0.00148669
443, 0.59584, 0.000244196, -0.0300753, 0.00148669
443, 0.606679, 0.000244393, -0.0308599, 0.00148669
443, 0.617519, 0.000244542, -0.0314506, 0.00148669
443, 0.628359, 0.000244655, -0.0318953, 0.00148669
443, 0.639199, 0.000244739, -0.0322301, 0.00148669
443, 0.650038, 0.000244803, -0.0324823, 0.00148669
443, 0.660878, 0.000244851, -0.0326724, 0.00148669
443, 0.671718, 0.000244888, -0.0328154, 0.00148669
443, 0.682557, 0.000244915, -0.0329234, 0.00148669
443, 0.693397, 0.000244936, -0.0330051, 0.00148669
443, 0.704237, 0.000244951, -0.0330669, 0.00148669
443, 0.715076, 0.000244963, -0.0331141, 0.00148669
443, 0.725916, 0.000244972, -0.0331503, 0.00148669
443, 0.736756, 0.000244979, -0.0331783, 0.00148669
443, 0.747596, 0.000244985, -0.0332009, 0.00148669
443, 0.758435, 0.00024499, -0.0332194, 0.00148669
443, 0.769275, 0.000244994, -0.0332356, 0.00148669
443, 0.780115, 0.000244998, -0.0332506, 0.00148669
443, 0.790954, 0.000245002, -0.033266, 0.00148669
443, 0.801794, 0.000245006, -0.0332826, 0.00148669
443, 0.812634, 0.000245011, -0.0333021, 0.00148669
443, 0.823474, 0.000245017, -0.033326, 0.00148669
443, 0.834313, 0.000245025, -0.0333563, 0.00148669
443, 0.845153, 0.000245034, -0.0333953, 0.00148669
443, 0.855993, 0.000245047, -0.0334464, 0.00148669
443, 0.866832, 0.000245064, -0.0335139, 0.00148669
443, 0.877672, 0.000245087, -0.0336034, 0.00148669
443, 0.888512, 0.000245117, -0.0337227, 0.00148669
443, 0.899351, 0.000245158, -0.0338823, 0.00148669
443, 0.910191, 0.000245212, -0.0340963, 0.00148669
443, 0.921031, 0.000245285, -0.0343847, 0.00148669
443, 0.931871, 0.000245385, -0.034775, 0.00148669
443, 0.94271, 0.00024552, -0.0353077, 0.00148669
443, 0.95355, 0.000245707, -0.0360408, 0.00148669
443, 0.96439, 0.000245968, -0.037063, 0.00148669
443, 0.975229, 0.000246339, -0.038514, 0.00148669
443, 0.986069, 0.000246881, -0.0406267, 0.00148669
443, 0.996909, 0.000247706, -0.0438197, 0.00148669
443, 1.00775, 0.000249036, -0.0489278, 0.00148669
443, 1.01859, 0.000251406, -0.0578924, 0.00148669
443, 1.02943, 0.000256476, -0.0765151, 0.00148669
443, 1.04027, 0.000273376, -0.133605, 0.00148669
443, 1.05111, 9.90368e-06, 22.9633, 0.00148664
443, 1.06195, 0.000214896, 0.102167, 0.00148669
443, 1.07279, 0.000226932, 0.0437101, 0.00148669
443, 1.08363, 0.000231112, 0.0248347, 0.00148669
443, 1.09447, 0.000233172, 0.0157817, 0.00148669
443, 1.10531, 0.000234359, 0.0106329, 0.00148669
443, 1.11615, 0.000235107, 0.00741808, 0.00148669
443, 1.12699, 0.000235605, 0.00529247, 0.00148669
433, 0.0414791, 3.71698e-08, 6397.52, 0.00146078
433, 0.0523495, 4.97381e-08, 4780.67, 0.00146078
433, 0.0632199, 6.6555e-08, 3572.45, 0.00146078
433, 0.0740903, 8.90557e-08, 2669.59, 0.00146078
433, 0.0849608, 1.19159e-07, 1994.91, 0.00146078
433, 0.0958312, 1.59432e-07, 1490.74, 0.00146078
433, 0.106702, 2.13302e-07, 1114, 0.00146078
433, 0.117572, 2.85353e-07, 832.465, 0.00146078
433, 0.128442, 3.817e-07, 622.085, 0.00146078
433, 0.139313, 5.10505e-07, 464.875, 0.00146078
433, 0.150183, 6.82644e-07, 347.397, 0.00146078
433, 0.161054, 9.12596e-07, 259.61, 0.00146078
433, 0.171924, 1.21959e-06, 194.009, 0.00146078
433, 0.182795, 1.62912e-06, 144.987, 0.00146078
433, 0.193665, 2.17485e-06, 108.355, 0.00146078
433, 0.204535, 2.90105e-06, 80.9812, 0.00146078
433, 0.215406, 3.86558e-06, 60.5255, 0.00146078
433, 0.226276, 5.14346e-06, 45.2395, 0.00146078
433, 0.237147, 6.83093e-06, 33.8169, 0.00146078
433, 0.248017, 9.04954e-06, 25.2811, 0.00146078
433, 0.258887, 1.19498e-05, 18.9025, 0.00146078
433, 0.269758, 1.57129e-05, 14.136, 0.00146078
433, 0.280628, 2.05484e-05, 10.5742, 0.00146078
433, 0.291499, 2.6685e-05, 7.91256, 0.00146078
433, 0.302369, 3.43508e-05, 5.9236, 0.00146078
433, 0.31324, 4.37406e-05, 4.43731, 0.00146078
433, 0.32411, 5.49689e-05, 3.32666, 0.00146078
433, 0.33498, 6.8016e-05, 2.4967, 0.00146078
433, 0.345851, 8.26808e-05, 1.8765, 0.00146078
433, 0.356721, 9.85608e-05, 1.41304, 0.00146078
433, 0.367592, 0.000115077, 1.06672, 0.00146078
433, 0.378462, 0.00013155, 0.807919, 0.00146078
433, 0.389332, 0.000147307, 0.614527, 0.00146078
433, 0.400203, 0.000161789, 0.470012, 0.00146078
433, 0.411073, 0.000174617, 0.36202, 0.00146078
433, 0.421944, 0.000185614, 0.281321, 0.00146078
433, 0.432814, 0.000194781, 0.221018, 0.00146078
433, 0.443685, 0.000202245, 0.175955, 0.00146078
433, 0.454555, 0.000208208, 0.142281, 0.00146078
433, 0.465425, 0.000212898, 0.117117, 0.00146078
433, 0.476296, 0.000216543, 0.0983129, 0.00146078
433, 0.487166, 0.000219349, 0.0842613, 0.00146078
433, 0.498037, 0.000221494, 0.0737611, 0.00146078
433, 0.508907, 0.000223124, 0.0659145, 0.00146078
433, 0.519777, 0.000224358, 0.060051, 0.00146078
433, 0.530648, 0.00022529, 0.0556695, 0.00146078
433, 0.541518, 0.000225991, 0.0523953, 0.00146078
433, 0.552389, 0.000226517, 0.0499486, 0.00146078
433, 0.563259, 0.000226912, 0.0481202, 0.00146078
433, 0.57413, 0.000227209, 0.046754, 0.00146078
433, 0.585, 0.00022743, 0.0457329, 0.00146078
433, 0.59587, 0.000227596, 0.0449701, 0.00146078
433, 0.606741, 0.000227721, 0.0444001, 0.00146078
433, 0.617611, 0.000227814, 0.0439742, 0.00146078
433, 0.628482, 0.000227883, 0.0436559, 0.00146078
433, 0.639352, 0.000227935, 0.0434183, 0.00146078
433, 0.650223, 0.000227974, 0.0432407, 0.00146078
433, 0.661093, 0.000228003, 0.043108, 0.00146078
433, 0.671963, 0.000228024, 0.0430092, 0.00146078
433, 0.682834, 0.00022804, 0.0429356, 0.00146078
433, 0.693704, 0.000228052, 0.0428808, 0.00146078
433, 0.704575, 0.000228061, 0.0428403, 0.00146078
433, 0.715445, 0.000228068, 0.0428107, 0.00146078
433, 0.726315, 0.000228072, 0.0427893, 0.00146078
433, 0.737186, 0.000228076, 0.0427742, 0.00146078
433, 0.748056, 0.000228078, 0.0427644, 0.00146078
433, 0.758927, 0.000228079, 0.0427588, 0.00146078
433, 0.769797, 0.000228079, 0.042757, 0.00146078
433, 0.780668, 0.000228079, 0.042759, 0.00146078
433, 0.791538, 0.000228078, 0.0427647, 0.00146078
433, 0.802408, 0.000228076, 0.0427748, 0.00146078
433, 0.813279, 0.000228072, 0.0427901, 0.00146078
433, 0.824149, 0.000228067, 0.0428119, 0.00146078
433, 0.83502, 0.000228061, 0.0428422, 0.00146078
433, 0.84589, 0.000228052, 0.0428835, 0.00146078
433, 0.85676, 0.00022804, 0.0429394, 0.00146078
433, 0.867631, 0.000228023, 0.043015, 0.00146078
433, 0.878501, 0.000228001, 0.0431167, 0.00146078
433, 0.889372, 0.000227971, 0.0432538, 0.00146078
433, 0.900242, 0.00022793, 0.043439, 0.00146078
433, 0.911113, 0.000227876, 0.0436894, 0.00146078
433, 0.921983, 0.000227802, 0.044029, 0.00146078
433, 0.932853, 0.000227701, 0.0444921, 0.00146078
433, 0.943724, 0.000227562, 0.0451273, 0.00146078
433, 0.954594, 0.000227371, 0.0460062, 0.00146078
433, 0.965465, 0.000227104, 0.0472374, 0.00146078
433, 0.976335, 0.000226724, 0.0489921, 0.00146078
433, 0.987205, 0.000226171, 0.0515547, 0.00146078
433, 0.998076, 0.00022534, 0.055435, 0.00146078
433, 1.00895, 0.000224022, 0.0616439, 0.00146078
433, 1.01982, 0.000221752, 0.0725123, 0.00146078
433, 1.03069, 0.000217217, 0.0949041, 0.00146078
433, 1.04156, 0.00020472, 0.161742, 0.00146078
433, 1.05243, 6.24111e-05, 2.81073, 0.00146078
433, 1.0633, 0.000274751, -0.134375, 0.00146078
433, 1.07417, 0.000251924, -0.0559387, 0.00146078
433, 1.08504, 0.000245543, -0.0314064, 0.00146078
433, 1.09591, 0.000242633, -0.0197913, 0.00146078
433, 1.10678, 0.000241022, -0.0132391, 0.00146078
433, 1.11765, 0.000240034, -0.00917446, 0.00146078
433, 1.12852, 0.000239388, -0.00650278, 0.00146078
418, 0.0392051, 3.49134e-08, 6821.66, 0.00154482
418, 0.050121, 4.72691e-08, 5038.27, 0.00154482
418, 0.0610369, 6.39961e-08, 3721.13, 0.00154482
418, 0.0719528, 8.66396e-08, 2748.34, 0.00154482
418, 0.0828687, 1.1729e-07, 2029.87, 0.00154482
418, 0.0937846, 1.58776e-07, 1499.24, 0.00154482
418, 0.104701, 2.1492e-07, 1107.33, 0.00154482
418, 0.115616, 2.90887e-07, 817.881, 0.00154482
418, 0.126532, 3.93654e-07, 604.105, 0.00154482
418, 0.137448, 5.3263e-07, 446.218, 0.00154482
418, 0.148364, 7.20496e-07, 329.608, 0.00154482
418, 0.15928, 9.74301e-07, 243.485, 0.00154482
418, 0.170196, 1.31693e-06, 179.877, 0.00154482
418, 0.181112, 1.77897e-06, 132.899, 0.00154482
418, 0.192028, 2.40118e-06, 98.2022, 0.00154482
418, 0.202944, 3.23747e-06, 72.5766, 0.00154482
418, 0.21386, 4.35864e-06, 53.6505, 0.00154482
418, 0.224775, 5.8566e-06, 39.6724, 0.00154482
418, 0.235691, 7.84884e-06, 29.3487, 0.00154482
418, 0.246607, 1.04824e-05, 21.724, 0.00154482
418, 0.257523, 1.3936e-05, 16.0926, 0.00154482
418, 0.268439, 1.84174e-05, 11.9335, 0.00154482
418, 0.279355, 2.41542e-05, 8.86173, 0.00154482
418, 0.290271, 3.13711e-05, 6.59304, 0.00154482
418, 0.301187, 4.0254e-05, 4.91747, 0.00154482
418, 0.312103, 5.08984e-05, 3.67995, 0.00154482
418, 0.323018, 6.32512e-05, 2.76597, 0.00154482
418, 0.333934, 7.70647e-05, 2.09093, 0.00154482
418, 0.34485, 9.18855e-05, 1.59238, 0.00154482
418, 0.355766, 0.000107097, 1.22416, 0.00154482
418, 0.366682, 0.000122017, 0.95221, 0.00154482
418, 0.377598, 0.00013601, 0.751357, 0.00154482
418, 0.388514, 0.000148596, 0.603015, 0.00154482
418, 0.39943, 0.000159497, 0.493455, 0.00154482
418, 0.410346, 0.000168634, 0.412537, 0.00154482
418, 0.421262, 0.000176084, 0.352775, 0.00154482
418, 0.432177, 0.000182023, 0.308636, 0.00154482
418, 0.443093, 0.000186673, 0.276037, 0.00154482
418, 0.454009, 0.000190263, 0.251961, 0.00154482
418, 0.464925, 0.000193004, 0.234179, 0.00154482
418, 0.475841, 0.00019508, 0.221046, 0.00154482
418, 0.486757, 0.000196642, 0.211346, 0.00154482
418, 0.497673, 0.000197812, 0.204183, 0.00154482
418, 0.508589, 0.000198685, 0.198892, 0.00154482
418, 0.519505, 0.000199335, 0.194984, 0.00154482
418, 0.530421, 0.000199817, 0.192098, 0.00154482
418, 0.541336, 0.000200175, 0.189966, 0.00154482
418, 0.552252, 0.00020044, 0.188392, 0.00154482
418, 0.563168, 0.000200637, 0.18723, 0.00154482
418, 0.574084, 0.000200782, 0.186371, 0.00154482
418, 0.585, 0.000200889, 0.185737, 0.00154482
418, 0.595916, 0.000200969, 0.185268, 0.00154482
418, 0.606832, 0.000201027, 0.184923, 0.00154482
418, 0.617748, 0.000201071, 0.184667, 0.00154482
418, 0.628664, 0.000201103, 0.184479, 0.00154482
418, 0.639579, 0.000201126, 0.18434, 0.00154482
418, 0.650495, 0.000201144, 0.184238, 0.00154482
418, 0.661411, 0.000201156, 0.184163, 0.00154482
418, 0.672327, 0.000201166, 0.184108, 0.00154482
418, 0.683243, 0.000201173, 0.184068, 0.00154482
418, 0.694159, 0.000201177, 0.184039, 0.00154482
418, 0.705075, 0.000201181, 0.18402, 0.00154482
418, 0.715991, 0.000201183, 0.184007, 0.00154482
418, 0.726907, 0.000201184, 0.184, 0.00154482
418, 0.737823, 0.000201184, 0.183998, 0.00154482
418, 0.748738, 0.000201184, 0.184001, 0.00154482
418, 0.759654, 0.000201183, 0.184009, 0.00154482
418, 0.77057, 0.00020118, 0.184023, 0.00154482
418, 0.781486, 0.000201177, 0.184044, 0.00154482
418, 0.792402, 0.000201171, 0.184075, 0.00154482
418, 0.803318, 0.000201164, 0.184117, 0.00154482
418, 0.814234, 0.000201154, 0.184176, 0.00154482
418, 0.82515, 0.000201141, 0.184256, 0.00154482
418, 0.836066, 0.000201122, 0.184365, 0.00154482
418, 0.846982, 0.000201097, 0.184513, 0.00154482
418, 0.857897, 0.000201063, 0.184714, 0.00154482
418, 0.868813, 0.000201016, 0.184987, 0.00154482
418, 0.879729, 0.000200953, 0.185359, 0.00154482
418, 0.890645, 0.000200868, 0.185864, 0.00154482
418, 0.901561, 0.000200751, 0.186553, 0.00154482
418, 0.912477, 0.000200592, 0.187494, 0.00154482
418, 0.923393, 0.000200374, 0.188784, 0.00154482
418, 0.934309, 0.000200076, 0.190558, 0.00154482
418, 0.945225, 0.000199664, 0.193014, 0.00154482
418, 0.95614, 0.000199092, 0.196443, 0.00154482
418, 0.967056, 0.000198289, 0.201284, 0.00154482
418, 0.977972, 0.000197149, 0.208232, 0.00154482
418, 0.988888, 0.000195497, 0.218441, 0.00154482
418, 0.999804, 0.000193036, 0.233973, 0.00154482
418, 1.01072, 0.000189214, 0.258899, 0.00154482
418, 1.02164, 0.000182875, 0.302537, 0.00154482
418, 1.03255, 0.000171122, 0.391997, 0.00154482
418, 1.04347, 0.000144039, 0.653735, 0.00154482
418, 1.05438, 3.04851e-05, 6.81371, 0.00154482
418, 1.0653, 0.000566453, -0.579485, 0.00154482
418, 1.07622, 0.00031125, -0.234692, 0.00154482
418, 1.08713, 0.000273789, -0.129979, 0.00154482
418, 1.09805, 0.000259205, -0.0810287, 0.00154482
418, 1.10896, 0.00025171, -0.0536646, 0.00154482
418, 1.11988, 0.000247309, -0.0368259, 0.00154482
418, 1.13079, 0.000244522, -0.0258455, 0.00154482
408, 0.0377095, 3.36541e-08, 7017.22, 0.00152393
408, 0.0486553, 4.59427e-08, 5140.01, 0.00152393
408, 0.0596011, 6.2717e-08, 3765, 0.00152393
408, 0.0705469, 8.56129e-08, 2757.84, 0.00152393
408, 0.0814928, 1.16862e-07, 2020.12, 0.00152393
408, 0.0924386, 1.59507e-07, 1479.76, 0.00152393
408, 0.103384, 2.17697e-07, 1083.96, 0.00152393
408, 0.11433, 2.9708e-07, 794.044, 0.00152393
408, 0.125276, 4.05348e-07, 581.69, 0.00152393
408, 0.136222, 5.52954e-07, 426.146, 0.00152393
408, 0.147168, 7.54093e-07, 312.214, 0.00152393
408, 0.158113, 1.02799e-06, 228.761, 0.00152393
408, 0.169059, 1.40062e-06, 167.634, 0.00152393
408, 0.180005, 1.90692e-06, 122.861, 0.00152393
408, 0.190951, 2.59366e-06, 90.065, 0.00152393
408, 0.201897, 3.52299e-06, 66.043, 0.00152393
408, 0.212842, 4.77662e-06, 48.4476, 0.00152393
408, 0.223788, 6.46052e-06, 35.5593, 0.00152393
408, 0.234734, 8.70947e-06, 26.119, 0.00152393
408, 0.24568, 1.16902e-05, 19.2042, 0.00152393
408, 0.256626, 1.56012e-05, 14.1393, 0.00152393
408, 0.267572, 2.06653e-05, 10.4294, 0.00152393
408, 0.278517, 2.71111e-05, 7.71199, 0.00152393
408, 0.289463, 3.51395e-05, 5.72156, 0.00152393
408, 0.300409, 4.48726e-05, 4.26361, 0.00152393
408, 0.311355, 5.62938e-05, 3.1957, 0.00152393
408, 0.322301, 6.91937e-05, 2.41349, 0.00152393
408, 0.333246, 8.31505e-05, 1.84054, 0.00152393
408, 0.344192, 9.75652e-05, 1.42086, 0.00152393
408, 0.355138, 0.000111756, 1.11347, 0.00152393
408, 0.366084, 0.000125082, 0.888303, 0.00152393
408, 0.37703, 0.000137052, 0.723377, 0.00152393
408, 0.387975, 0.000147383, 0.602573, 0.00152393
408, 0.398921, 0.000155996, 0.514087, 0.00152393
408, 0.409867, 0.000162973, 0.449274, 0.00152393
408, 0.420813, 0.000168492, 0.401799, 0.00152393
408, 0.431759, 0.000172778, 0.367026, 0.00152393
408, 0.442704, 0.000176058, 0.341555, 0.00152393
408, 0.45365, 0.000178541, 0.322898, 0.00152393
408, 0.464596, 0.000180405, 0.309233, 0.00152393
408, 0.475542, 0.000181795, 0.299223, 0.00152393
408, 0.486488, 0.000182827, 0.291891, 0.00152393
408, 0.497434, 0.00018359, 0.286521, 0.00152393
408, 0.508379, 0.000184153, 0.282587, 0.00152393
408, 0.519325, 0.000184567, 0.279706, 0.00152393
408, 0.530271, 0.000184872, 0.277595, 0.00152393
408, 0.541217, 0.000185096, 0.276049, 0.00152393
408, 0.552163, 0.000185261, 0.274917, 0.00152393
408, 0.563108, 0.000185381, 0.274088, 0.00152393
408, 0.574054, 0.00018547, 0.27348, 0.00152393
408, 0.585, 0.000185535, 0.273035, 0.00152393
408, 0.595946, 0.000185582, 0.27271, 0.00152393
408, 0.606892, 0.000185617, 0.272471, 0.00152393
408, 0.617837, 0.000185642, 0.272297, 0.00152393
408, 0.628783, 0.000185661, 0.272169, 0.00152393
408, 0.639729, 0.000185675, 0.272076, 0.00152393
408, 0.650675, 0.000185684, 0.272007, 0.00152393
408, 0.661621, 0.000185692, 0.271958, 0.00152393
408, 0.672566, 0.000185697, 0.271922, 0.00152393
408, 0.683512, 0.000185701, 0.271897, 0.00152393
408, 0.694458, 0.000185703, 0.27188, 0.00152393
408, 0.705404, 0.000185705, 0.271869, 0.00152393
408, 0.71635, 0.000185706, 0.271862, 0.00152393
408, 0.727296, 0.000185706, 0.271861, 0.00152393
408, 0.738241, 0.000185706, 0.271863, 0.00152393
408, 0.749187, 0.000185704, 0.27187, 0.00152393
408, 0.760133, 0.000185703, 0.271883, 0.00152393
408, 0.771079, 0.0001857, 0.271902, 0.00152393
408, 0.782025, 0.000185696, 0.271929, 0.00152393
408, 0.79297, 0.00018569, 0.271967, 0.00152393
408, 0.803916, 0.000185683, 0.27202, 0.00152393
408, 0.814862, 0.000185672, 0.272092, 0.00152393
408, 0.825808, 0.000185658, 0.272192, 0.00152393
408, 0.836754, 0.000185638, 0.272328, 0.00152393
408, 0.847699, 0.00018561, 0.272515, 0.00152393
408, 0.858645, 0.000185573, 0.27277, 0.00152393
408, 0.869591, 0.000185522, 0.27312, 0.00152393
408, 0.880537, 0.000185452, 0.273599, 0.00152393
408, 0.891483, 0.000185357, 0.274255, 0.00152393
408, 0.902428, 0.000185226, 0.275157, 0.00152393
408, 0.913374, 0.000185046, 0.276397, 0.00152393
408, 0.92432, 0.000184798, 0.278109, 0.00152393
408, 0.935266, 0.000184456, 0.28048, 0.00152393
408, 0.946212, 0.000183981, 0.283784, 0.00152393
408, 0.957158, 0.000183319, 0.288422, 0.00152393
408, 0.968103, 0.000182387, 0.295004, 0.00152393
408, 0.979049, 0.000181061, 0.304491, 0.00152393
408, 0.989995, 0.000179141, 0.318472, 0.00152393
408, 1.00094, 0.000176293, 0.339773, 0.00152393
408, 1.01189, 0.000171912, 0.373916, 0.00152393
408, 1.02283, 0.000164781, 0.433369, 0.00152393
408, 1.03378, 0.000152036, 0.553526, 0.00152393
408, 1.04472, 0.000124925, 0.890668, 0.00152393
408, 1.05567, 3.75676e-05, 5.28712, 0.00152393
408, 1.06662, 0.00299987, -0.921266, 0.00152393
408, 1.07756, 0.00036557, -0.353908, 0.00152393
408, 1.08851, 0.000292411, -0.19226, 0.00152393
408, 1.09945, 0.000267918, -0.118418, 0.00152393
408, 1.1104, 0.000256086, -0.0776842, 0.00152393
408, 1.12134, 0.000249374, -0.0528601, 0.00152393
408, 1.13229, 0.000245217, -0.0368039, 0.00152393
398, 0.0362307, 3.20643e-08, 7336.24, 0.00148427
398, 0.0472061, 4.4154e-08, 5327.25, 0.00148427
398, 0.0581815, 6.08005e-08, 3868.44, 0.00148427
398, 0.0691569, 8.37196e-08, 2809.14, 0.00148427
398, 0.0801322, 1.15272e-07, 2039.94, 0.00148427
398, 0.0911076, 1.58706e-07, 1481.39, 0.00148427
398, 0.102083, 2.18484e-07, 1075.8, 0.00148427
398, 0.113058, 3.00737e-07, 781.291, 0.00148427
398, 0.124034, 4.1388e-07, 567.434, 0.00148427
398, 0.135009, 5.69447e-07, 412.144, 0.00148427
398, 0.145985, 7.83217e-07, 299.381, 0.00148427
398, 0.15696, 1.07672e-06, 217.5, 0.00148427
398, 0.167935, 1.47925e-06, 158.042, 0.00148427
398, 0.178911, 2.03045e-06, 114.868, 0.00148427
398, 0.189886, 2.78362e-06, 83.5171, 0.00148427
398, 0.200861, 3.80981e-06, 60.752, 0.00148427
398, 0.211837, 5.20249e-06, 44.2214, 0.00148427
398, 0.222812, 7.08246e-06, 32.2178, 0.00148427
398, 0.233788, 9.602e-06, 23.5015, 0.00148427
398, 0.244763, 1.29463e-05, 17.1723, 0.00148427
398, 0.255738, 1.73289e-05, 12.5763, 0.00148427
398, 0.266714, 2.29771e-05, 9.23906, 0.00148427
398, 0.277689, 3.01013e-05, 6.81572, 0.00148427
398, 0.288665, 3.88478e-05, 5.05603, 0.00148427
398, 0.29964, 4.92363e-05, 3.77825, 0.00148427
398, 0.310615, 6.1101e-05, 2.85041, 0.00148427
398, 0.321591, 7.40601e-05, 2.17666, 0.00148427
398, 0.332566, 8.75425e-05, 1.68742, 0.00148427
398, 0.343542, 0.000100878, 1.33217, 0.00148427
398, 0.354517, 0.000113424, 1.0742, 0.00148427
398, 0.365492, 0.000124684, 0.886884, 0.00148427
398, 0.376468, 0.00013437, 0.750865, 0.00148427
398, 0.387443, 0.000142403, 0.652095, 0.00148427
398, 0.398418, 0.000148866, 0.580375, 0.00148427
398, 0.409394, 0.000153939, 0.528296, 0.00148427
398, 0.420369, 0.000157844, 0.490479, 0.00148427
398, 0.431345, 0.000160807, 0.463019, 0.00148427
398, 0.44232, 0.000163029, 0.443079, 0.00148427
398, 0.453295, 0.000164681, 0.428599, 0.00148427
398, 0.464271, 0.000165902, 0.418085, 0.00148427
398, 0.475246, 0.0001668, 0.410451, 0.00148427
398, 0.486222, 0.000167459, 0.404907, 0.00148427
398, 0.497197, 0.00016794, 0.400881, 0.00148427
398, 0.508172, 0.000168291, 0.397958, 0.00148427
398, 0.519148, 0.000168547, 0.395836, 0.00148427
398, 0.530123, 0.000168733, 0.394294, 0.00148427
398, 0.541098, 0.000168869, 0.393175, 0.00148427
398, 0.552074, 0.000168967, 0.392362, 0.00148427
398, 0.563049, 0.000169039, 0.391772, 0.00148427
398, 0.574025, 0.000169091, 0.391344, 0.00148427
398, 0.585, 0.000169129, 0.391033, 0.00148427
398, 0.595975, 0.000169156, 0.390807, 0.00148427
398, 0.606951, 0.000169176, 0.390643, 0.00148427
398, 0.617926, 0.000169191, 0.390524, 0.00148427
398, 0.628902, 0.000169201, 0.390438, 0.00148427
398, 0.639877, 0.000169209, 0.390376, 0.00148427
398, 0.650852, 0.000169214, 0.390331, 0.00148427
398, 0.661828, 0.000169218, 0.390299, 0.00148427
398, 0.672803, 0.000169221, 0.390276, 0.00148427
398, 0.683778, 0.000169223, 0.390261, 0.00148427
398, 0.694754, 0.000169224, 0.39025, 0.00148427
398, 0.705729, 0.000169225, 0.390245, 0.00148427
398, 0.716705, 0.000169225, 0.390243, 0.00148427
398, 0.72768, 0.000169225, 0.390245, 0.00148427
398, 0.738655, 0.000169224, 0.390251, 0.00148427
398, 0.749631, 0.000169223, 0.390261, 0.00148427
398, 0.760606, 0.000169221, 0.390277, 0.00148427
398, 0.771582, 0.000169218, 0.3903, 0.00148427
398, 0.782557, 0.000169214, 0.390333, 0.00148427
398, 0.793532, 0.000169208, 0.390378, 0.00148427
398, 0.804508, 0.000169201, 0.390442, 0.00148427
398, 0.815483, 0.00016919, 0.390529, 0.00148427
398, 0.826458, 0.000169175, 0.39065, 0.00148427
398, 0.837434, 0.000169155, 0.390817, 0.00148427
398, 0.848409, 0.000169127, 0.391046, 0.00148427
398, 0.859385, 0.000169089, 0.391364, 0.00148427
398, 0.87036, 0.000169035, 0.391801, 0.00148427
398, 0.881335, 0.000168962, 0.392406, 0.00148427
398, 0.892311, 0.000168861, 0.393241, 0.00148427
398, 0.903286, 0.000168721, 0.394397, 0.00148427
398, 0.914262, 0.000168527, 0.396001, 0.00148427
398, 0.925237, 0.000168258, 0.398231, 0.00148427
398, 0.936212, 0.000167884, 0.401344, 0.00148427
398, 0.947188, 0.000167363, 0.40571, 0.00148427
398, 0.958163, 0.000166631, 0.411882, 0.00148427
398, 0.969139, 0.000165598, 0.420695, 0.00148427
398, 0.980114, 0.000164122, 0.433468, 0.00148427
398, 0.991089, 0.000161984, 0.452384, 0.00148427
398, 1.00206, 0.000158822, 0.481308, 0.00148427
398, 1.01304, 0.000153991, 0.527779, 0.00148427
398, 1.02402, 0.000146243, 0.608718, 0.00148427
398, 1.03499, 0.00013279, 0.771696, 0.00148427
398, 1.04597, 0.000105859, 1.22242, 0.00148427
398, 1.05694, 3.24584e-05, 6.24816, 0.00148427
398, 1.06792, -0.000691382, -1.34028, 0.00148427
398, 1.07889, 0.000471941, -0.501498, 0.00148427
398, 1.08987, 0.000321994, -0.269355, 0.00148427
398, 1.10084, 0.000281582, -0.164493, 0.00148427
398, 1.11182, 0.000263478, -0.107083, 0.00148427
398, 1.12279, 0.000253605, -0.072322, 0.00148427
398, 1.13377, 0.00024764, -0.0499791, 0.00148427
388, 0.0347692, 3.04923e-08, 7634.86, 0.00146893
388, 0.0457738, 4.23738e-08, 5493.79, 0.00146893
388, 0.0567784, 5.88833e-08, 3953.18, 0.00146893
388, 0.067783, 8.18216e-08, 2844.64, 0.00146893
388, 0.0787877, 1.13689e-07, 2047, 0.00146893
388, 0.0897923, 1.57955e-07, 1473.06, 0.00146893
388, 0.100797, 2.19433e-07, 1060.08, 0.00146893
388, 0.111802, 3.0479e-07, 762.92, 0.00146893
388, 0.122806, 4.23259e-07, 549.101, 0.00146893
388, 0.133811, 5.87599e-07, 395.249, 0.00146893
388, 0.144815, 8.15408e-07, 284.544, 0.00146893
388, 0.15582, 1.13089e-06, 204.887, 0.00146893
388, 0.166825, 1.56717e-06, 147.57, 0.00146893
388, 0.177829, 2.16938e-06, 106.328, 0.00146893
388, 0.188834, 2.99843e-06, 76.6525, 0.00146893
388, 0.199838, 4.13566e-06, 55.2994, 0.00146893
388, 0.210843, 5.68794e-06, 39.9348, 0.00146893
388, 0.221848, 7.79251e-06, 28.8793, 0.00146893
388, 0.232852, 1.06199e-05, 20.9244, 0.00146893
388, 0.243857, 1.43722e-05, 15.2004, 0.00146893
388, 0.254862, 1.92716e-05, 11.0817, 0.00146893
388, 0.265866, 2.55353e-05, 8.11817, 0.00146893
388, 0.276871, 3.333e-05, 5.98574, 0.00146893
388, 0.287875, 4.27114e-05, 4.45136, 0.00146893
388, 0.29888, 5.35585e-05, 3.3473, 0.00146893
388, 0.309885, 6.55342e-05, 2.55288, 0.00146893
388, 0.320889, 7.80998e-05, 1.98125, 0.00146893
388, 0.331894, 9.05994e-05, 1.56994, 0.00146893
388, 0.342898, 0.000102391, 1.27398, 0.00146893
388, 0.353903, 0.00011297, 1.06103, 0.00146893
388, 0.364908, 0.000122044, 0.907795, 0.00146893
388, 0.375912, 0.00012953, 0.797538, 0.00146893
388, 0.386917, 0.000135511, 0.718203, 0.00146893
388, 0.397922, 0.000140168, 0.661117, 0.00146893
388, 0.408926, 0.000143722, 0.620042, 0.00146893
388, 0.419931, 0.000146392, 0.590486, 0.00146893
388, 0.430935, 0.000148376, 0.569219, 0.00146893
388, 0.44194, 0.000149838, 0.553916, 0.00146893
388, 0.452945, 0.000150907, 0.542905, 0.00146893
388, 0.463949, 0.000151686, 0.534983, 0.00146893
388, 0.474954, 0.000152251, 0.529282, 0.00146893
388, 0.485958, 0.000152661, 0.52518, 0.00146893
388, 0.496963, 0.000152957, 0.522228, 0.00146893
388, 0.507968, 0.00015317, 0.520104, 0.00146893
388, 0.518972, 0.000153325, 0.518576, 0.00146893
388, 0.529977, 0.000153436, 0.517476, 0.00146893
388, 0.540982, 0.000153516, 0.516685, 0.00146893
388, 0.551986, 0.000153573, 0.516116, 0.00146893
388, 0.562991, 0.000153615, 0.515706, 0.00146893
388, 0.573995, 0.000153645, 0.515412, 0.00146893
388, 0.585, 0.000153666, 0.5152, 0.00146893
388, 0.596005, 0.000153682, 0.515047, 0.00146893
388, 0.607009, 0.000153693, 0.514938, 0.00146893
388, 0.618014, 0.000153701, 0.514859, 0.00146893
388, 0.629018, 0.000153707, 0.514802, 0.00146893
388, 0.640023, 0.000153711, 0.514762, 0.00146893
388, 0.651028, 0.000153714, 0.514733, 0.00146893
388, 0.662032, 0.000153716, 0.514713, 0.00146893
388, 0.673037, 0.000153717, 0.514699, 0.00146893
388, 0.684042, 0.000153718, 0.51469, 0.00146893
388, 0.695046, 0.000153719, 0.514685, 0.00146893
388, 0.706051, 0.000153719, 0.514682, 0.00146893
388, 0.717055, 0.000153719, 0.514683, 0.00146893
388, 0.72806, 0.000153718, 0.514687, 0.00146893
388, 0.739065, 0.000153718, 0.514695, 0.00146893
388, 0.750069, 0.000153716, 0.514706, 0.00146893
388, 0.761074, 0.000153715, 0.514724, 0.00146893
388, 0.772078, 0.000153712, 0.514748, 0.00146893
388, 0.783083, 0.000153709, 0.514783, 0.00146893
388, 0.794088, 0.000153704, 0.514832, 0.00146893
388, 0.805092, 0.000153697, 0.5149, 0.00146893
388, 0.816097, 0.000153687, 0.514995, 0.00146893
388, 0.827102, 0.000153674, 0.515128, 0.00146893
388, 0.838106, 0.000153655, 0.515312, 0.00146893
388, 0.849111, 0.000153629, 0.515568, 0.00146893
388, 0.860115, 0.000153593, 0.515924, 0.00146893
388, 0.87112, 0.000153543, 0.51642, 0.00146893
388, 0.882125, 0.000153473, 0.517112, 0.00146893
388, 0.893129, 0.000153375, 0.518075, 0.00146893
388, 0.904134, 0.000153239, 0.519421, 0.00146893
388, 0.915138, 0.00015305, 0.521302, 0.00146893
388, 0.926143, 0.000152785, 0.52394, 0.00146893
388, 0.937148, 0.000152414, 0.52765, 0.00146893
388, 0.948152, 0.000151892, 0.532894, 0.00146893
388, 0.959157, 0.000151156, 0.540358, 0.00146893
388, 0.970162, 0.000150111, 0.551085, 0.00146893
388, 0.981166, 0.000148613, 0.56672, 0.00146893
388, 0.992171, 0.000146439, 0.589984, 0.00146893
388, 1.00318, 0.000143223, 0.625678, 0.00146893
388, 1.01418, 0.000138336, 0.683114, 0.00146893
388, 1.02518, 0.000130585, 0.78301, 0.00146893
388, 1.03619, 0.000117431, 0.982734, 0.00146893
388, 1.04719, 9.23065e-05, 1.52241, 0.00146893
388, 1.0582, 3.13405e-05, 6.42921, 0.00146893
388, 1.0692, -0.000274613, -1.84787, 0.00146893
388, 1.08021, 0.000689894, -0.662506, 0.00146893
388, 1.09121, 0.000358348, -0.350255, 0.00146893
388, 1.10222, 0.000295338, -0.211632, 0.00146893
388, 1.11322, 0.000269651, -0.136533, 0.00146893
388, 1.12423, 0.000256268, -0.0914388, 0.00146893
388, 1.13523, 0.000248403, -0.0626717, 0.00146893
378, 0.0333255, 2.89451e-08, 7921.09, 0.00148793
378, 0.044359, 4.06112e-08, 5645.36, 0.00148793
378, 0.0553925, 5.69774e-08, 4023.51, 0.00148793
378, 0.066426, 7.99352e-08, 2867.65, 0.00148793
378, 0.0774595, 1.12136e-07, 2043.89, 0.00148793
378, 0.088493, 1.57294e-07, 1456.82, 0.00148793
378, 0.0995264, 2.20608e-07, 1038.43, 0.00148793
378, 0.11056, 3.0935e-07, 740.25, 0.00148793
378, 0.121593, 4.33679e-07, 527.745, 0.00148793
378, 0.132627, 6.07758e-07, 376.298, 0.00148793
378, 0.14366, 8.51284e-07, 268.365, 0.00148793
378, 0.154694, 1.19155e-06, 191.443, 0.00148793
378, 0.165727, 1.66618e-06, 136.623, 0.00148793
378, 0.176761, 2.3267e-06, 97.5542, 0.00148793
378, 0.187794, 3.24287e-06, 69.7107, 0.00148793
378, 0.198828, 4.50793e-06, 49.8672, 0.00148793
378, 0.209861, 6.24382e-06, 35.7252, 0.00148793
378, 0.220895, 8.60546e-06, 25.6465, 0.00148793
378, 0.231928, 1.17812e-05, 18.4637, 0.00148793
378, 0.242962, 1.59854e-05, 13.3447, 0.00148793
378, 0.253995, 2.14376e-05, 9.69644, 0.00148793
378, 0.265029, 2.83218e-05, 7.09644, 0.00148793
378, 0.276062, 3.67273e-05, 5.24347, 0.00148793
378, 0.287096, 4.65793e-05, 3.92291, 0.00148793
378, 0.298129, 5.75888e-05, 2.98177, 0.00148793
378, 0.309163, 6.92547e-05, 2.31105, 0.00148793
378, 0.320196, 8.09398e-05, 1.83304, 0.00148793
378, 0.33123, 9.2003e-05, 1.49237, 0.00148793
378, 0.342263, 0.000101932, 1.24959, 0.00148793
378, 0.353297, 0.000110426, 1.07656, 0.00148793
378, 0.36433, 0.000117397, 0.953246, 0.00148793
378, 0.375364, 0.000122928, 0.865364, 0.00148793
378, 0.386397, 0.000127199, 0.802732, 0.00148793
378, 0.397431, 0.000130428, 0.758096, 0.00148793
378, 0.408464, 0.000132832, 0.726285, 0.00148793
378, 0.419498, 0.0001346, 0.703614, 0.00148793
378, 0.430531, 0.000135888, 0.687456, 0.00148793
378, 0.441565, 0.000136822, 0.675942, 0.00148793
378, 0.452598, 0.000137495, 0.667735, 0.00148793
378, 0.463632, 0.000137979, 0.661887, 0.00148793
378, 0.474665, 0.000138326, 0.657719, 0.00148793
378, 0.485699, 0.000138574, 0.654748, 0.00148793
378, 0.496732, 0.000138752, 0.652631, 0.00148793
378, 0.507766, 0.000138879, 0.651123, 0.00148793
378, 0.518799, 0.000138969, 0.650047, 0.00148793
378, 0.529833, 0.000139034, 0.649281, 0.00148793
378, 0.540866, 0.00013908, 0.648735, 0.00148793
378, 0.5519, 0.000139113, 0.648346, 0.00148793
378, 0.562933, 0.000139136, 0.648068, 0.00148793
378, 0.573967, 0.000139153, 0.647871, 0.00148793
378, 0.585, 0.000139165, 0.64773, 0.00148793
378, 0.596033, 0.000139173, 0.64763, 0.00148793
378, 0.607067, 0.000139179, 0.647558, 0.00148793
378, 0.6181, 0.000139183, 0.647508, 0.00148793
378, 0.629134, 0.000139186, 0.647471, 0.00148793
378, 0.640167, 0.000139189, 0.647446, 0.00148793
378, 0.651201, 0.00013919, 0.647428, 0.00148793
378, 0.662234, 0.000139191, 0.647416, 0.00148793
378, 0.673268, 0.000139192, 0.647408, 0.00148793
378, 0.684301, 0.000139192, 0.647403, 0.00148793
378, 0.695335, 0.000139192, 0.6474, 0.00148793
378, 0.706368, 0.000139192, 0.6474, 0.00148793
378, 0.717402, 0.000139192, 0.647402, 0.00148793
378, 0.728435, 0.000139192, 0.647407, 0.00148793
378, 0.739469, 0.000139191, 0.647415, 0.00148793
378, 0.750502, 0.00013919, 0.647427, 0.00148793
378, 0.761536, 0.000139189, 0.647444, 0.00148793
378, 0.772569, 0.000139187, 0.647468, 0.00148793
378, 0.783603, 0.000139184, 0.647503, 0.00148793
378, 0.794636, 0.00013918, 0.647552, 0.00148793
378, 0.80567, 0.000139174, 0.647621, 0.00148793
378, 0.816703, 0.000139166, 0.647718, 0.00148793
378, 0.827737, 0.000139154, 0.647854, 0.00148793
378, 0.83877, 0.000139138, 0.648045, 0.00148793
378, 0.849804, 0.000139115, 0.648313, 0.00148793
378, 0.860837, 0.000139084, 0.64869, 0.00148793
378, 0.871871, 0.000139039, 0.649219, 0.00148793
378, 0.882904, 0.000138976, 0.649963, 0.00148793
378, 0.893938, 0.000138888, 0.65101, 0.00148793
378, 0.904971, 0.000138764, 0.652485, 0.00148793
378, 0.916005, 0.00013859, 0.654566, 0.00148793
378, 0.927038, 0.000138344, 0.657509, 0.00148793
378, 0.938072, 0.000137996, 0.661682, 0.00148793
378, 0.949105, 0.000137504, 0.667629, 0.00148793
378, 0.960139, 0.000136805, 0.676155, 0.00148793
378, 0.971172, 0.000135805, 0.688493, 0.00148793
378, 0.982206, 0.000134365, 0.706583, 0.00148793
378, 0.993239, 0.000132269, 0.733632, 0.00148793
378, 1.00427, 0.000129166, 0.775274, 0.00148793
378, 1.01531, 0.000124463, 0.842366, 0.00148793
378, 1.02634, 0.000117065, 0.958791, 0.00148793
378, 1.03737, 0.000104731, 1.18947, 0.00148793
378, 1.04841, 8.20219e-05, 1.79566, 0.00148793
378, 1.05944, 3.13997e-05, 6.3028, 0.00148793
378, 1.07047, -0.000152954, -2.49918, 0.00148793
378, 1.08151, 0.00147414, -0.844448, 0.00148793
378, 1.09254, 0.000407839, -0.437754, 0.00148793
378, 1.10357, 0.000310386, -0.261225, 0.00148793
378, 1.11461, 0.00027522, -0.166827, 0.00148793
378, 1.12564, 0.000257849, -0.110698, 0.00148793
378, 1.13667, 0.000247951, -0.0751973, 0.00148793
368, 0.0319002, 2.712e-08, 8422.49, 0.00146207
368, 0.0429622, 3.84367e-08, 5942.42, 0.00146207
368, 0.0540242, 5.44734e-08, 4192.7, 0.00146207
368, 0.0650862, 7.7197e-08, 2958.25, 0.00146207
368, 0.0761482, 1.09391e-07, 2087.33, 0.00146207
368, 0.0872102, 1.54995e-07, 1472.88, 0.00146207
368, 0.0982722, 2.19577e-07, 1039.39, 0.00146207
368, 0.109334, 3.11002e-07, 733.547, 0.00146207
368, 0.120396, 4.40356e-07, 517.774, 0.00146207
368, 0.131458, 6.23243e-07, 365.543, 0.00146207
368, 0.14252, 8.81544e-07, 258.142, 0.00146207
368, 0.153582, 1.24582e-06, 182.37, 0.00146207
368, 0.164644, 1.75847e-06, 128.911, 0.00146207
368, 0.175706, 2.47783e-06, 91.1956, 0.00146207
368, 0.186768, 3.4831e-06, 64.5867, 0.00146207
368, 0.19783, 4.87987e-06, 45.8138, 0.00146207
368, 0.208892, 6.80519e-06, 32.5693, 0.00146207
368, 0.219954, 9.43011e-06, 23.2251, 0.00146207
368, 0.231016, 1.29558e-05, 16.6326, 0.00146207
368, 0.242078, 1.75976e-05, 11.9816, 0.00146207
368, 0.25314, 2.35505e-05, 8.70023, 0.00146207
368, 0.264202, 3.09329e-05, 6.38518, 0.00146207
368, 0.275264, 3.97166e-05, 4.75188, 0.00146207
368, 0.286326, 4.96666e-05, 3.59957, 0.00146207
368, 0.297388, 6.03299e-05, 2.7866, 0.00146207
368, 0.30845, 7.10994e-05, 2.21304, 0.00146207
368, 0.319512, 8.1344e-05, 1.80839, 0.00146207
368, 0.330574, 9.05488e-05, 1.5229, 0.00146207
368, 0.341636, 9.8405e-05, 1.32148, 0.00146207
368, 0.352698, 0.000104821, 1.17938, 0.00146207
368, 0.36376, 0.000109876, 1.07912, 0.00146207
368, 0.374822, 0.000113745, 1.00839, 0.00146207
368, 0.385884, 0.000116643, 0.958492, 0.00146207
368, 0.396946, 0.000118779, 0.923286, 0.00146207
368, 0.408008, 0.000120333, 0.898447, 0.00146207
368, 0.41907, 0.000121454, 0.880924, 0.00146207
368, 0.430132, 0.000122257, 0.86856, 0.00146207
368, 0.441194, 0.000122831, 0.859838, 0.00146207
368, 0.452256, 0.000123239, 0.853684, 0.00146207
368, 0.463318, 0.000123528, 0.849342, 0.00146207
368, 0.47438, 0.000123733, 0.846279, 0.00146207
368, 0.485442, 0.000123878, 0.844118, 0.00146207
368, 0.496504, 0.00012398, 0.842594, 0.00146207
368, 0.507566, 0.000124053, 0.841518, 0.00146207
368, 0.518628, 0.000124104, 0.840759, 0.00146207
368, 0.52969, 0.00012414, 0.840224, 0.00146207
368, 0.540752, 0.000124165, 0.839846, 0.00146207
368, 0.551814, 0.000124183, 0.83958, 0.00146207
368, 0.562876, 0.000124196, 0.839392, 0.00146207
368, 0.573938, 0.000124205, 0.839259, 0.00146207
368, 0.585, 0.000124211, 0.839166, 0.00146207
368, 0.596062, 0.000124216, 0.8391, 0.00146207
368, 0.607124, 0.000124219, 0.839053, 0.00146207
368, 0.618186, 0.000124221, 0.839021, 0.00146207
368, 0.629248, 0.000124223, 0.838998, 0.00146207
368, 0.64031, 0.000124224, 0.838982, 0.00146207
368, 0.651372, 0.000124225, 0.838971, 0.00146207
368, 0.662434, 0.000124225, 0.838963, 0.00146207
368, 0.673496, 0.000124225, 0.838959, 0.00146207
368, 0.684558, 0.000124226, 0.838956, 0.00146207
368, 0.69562, 0.000124226, 0.838956, 0.00146207
368, 0.706682, 0.000124225, 0.838957, 0.00146207
368, 0.717744, 0.000124225, 0.83896, 0.00146207
368, 0.728806, 0.000124225, 0.838965, 0.00146207
368, 0.739868, 0.000124224, 0.838973, 0.00146207
368, 0.75093, 0.000124224, 0.838985, 0.00146207
368, 0.761992, 0.000124222, 0.839003, 0.00146207
368, 0.773054, 0.000124221, 0.839028, 0.00146207
368, 0.784116, 0.000124218, 0.839064, 0.00146207
368, 0.795178, 0.000124215, 0.839115, 0.00146207
368, 0.80624, 0.00012421, 0.839187, 0.00146207
368, 0.817302, 0.000124203, 0.83929, 0.00146207
368, 0.828364, 0.000124193, 0.839436, 0.00146207
368, 0.839426, 0.000124179, 0.839642, 0.00146207
368, 0.850488, 0.000124159, 0.839935, 0.00146207
368, 0.86155, 0.000124131, 0.84035, 0.00146207
368, 0.872612, 0.000124092, 0.84094, 0.00146207
368, 0.883674, 0.000124035, 0.841777, 0.00146207
368, 0.894736, 0.000123955, 0.842966, 0.00146207
368, 0.905798, 0.000123842, 0.844658, 0.00146207
368, 0.91686, 0.00012368, 0.847067, 0.00146207
368, 0.927922, 0.00012345, 0.850506, 0.00146207
368, 0.938984, 0.000123123, 0.855428, 0.00146207
368, 0.950046, 0.000122655, 0.862503, 0.00146207
368, 0.961108, 0.000121985, 0.872734, 0.00146207
368, 0.97217, 0.00012102, 0.887659, 0.00146207
368, 0.983232, 0.000119623, 0.90971, 0.00146207
368, 0.994294, 0.000117579, 0.94291, 0.00146207
368, 1.00536, 0.000114546, 0.994346, 0.00146207
368, 1.01642, 0.000109952, 1.07767, 0.00146207
368, 1.02748, 0.000102768, 1.22293, 0.00146207
368, 1.03854, 9.09505e-05, 1.51175, 0.00146207
368, 1.0496, 6.98082e-05, 2.27247, 0.00146207
368, 1.06067, 2.55969e-05, 7.92471, 0.00146207
368, 1.07173, -0.000106854, -3.13791, 0.00146207
368, 1.08279, -0.00427266, -1.05347, 0.00146207
368, 1.09385, 0.000499432, -0.54259, 0.00146207
368, 1.10491, 0.000336721, -0.321559, 0.00146207
368, 1.11598, 0.000286939, -0.203854, 0.00146207
368, 1.12704, 0.00026386, -0.134217, 0.00146207
368, 1.1381, 0.000251158, -0.0904316, 0.00146207
353, 0.0297978, 2.44456e-08, 9167.63, 0.00153108
353, 0.0409018, 3.52119e-08, 6364.26, 0.00153108
353, 0.0520059, 5.07174e-08, 4418.25, 0.00153108
353, 0.0631099, 7.30461e-08, 3067.38, 0.00153108
353, 0.074214, 1.05195e-07, 2129.64, 0.00153108
353, 0.085318, 1.51473e-07, 1478.69, 0.00153108
353, 0.0964221, 2.18066e-07, 1026.82, 0.00153108
353, 0.107526, 3.13848e-07, 713.145, 0.00153108
353, 0.11863, 4.51517e-07, 495.4, 0.00153108
353, 0.129734, 6.49196e-07, 344.247, 0.00153108
353, 0.140838, 9.32639e-07, 239.321, 0.00153108
353, 0.151942, 1.33823e-06, 166.485, 0.00153108
353, 0.163046, 1.91692e-06, 115.924, 0.00153108
353, 0.17415, 2.73916e-06, 80.8254, 0.00153108
353, 0.185254, 3.90059e-06, 56.4613, 0.00153108
353, 0.196358, 5.52755e-06, 39.5484, 0.00153108
353, 0.207463, 7.78026e-06, 27.8079, 0.00153108
353, 0.218567, 1.08497e-05, 19.658, 0.00153108
353, 0.229671, 1.49416e-05, 14.0006, 0.00153108
353, 0.240775, 2.02407e-05, 10.0734, 0.00153108
353, 0.251879, 2.68513e-05, 7.34718, 0.00153108
353, 0.262983, 3.47237e-05, 5.45475, 0.00153108
353, 0.274087, 4.35965e-05, 4.14108, 0.00153108
353, 0.285191, 5.2997e-05, 3.22916, 0.00153108
353, 0.296295, 6.23261e-05, 2.59614, 0.00153108
353, 0.307399, 7.10021e-05, 2.15671, 0.00153108
353, 0.318503, 7.85972e-05, 1.85167, 0.00153108
353, 0.329607, 8.49015e-05, 1.63992, 0.00153108
353, 0.340711, 8.99075e-05, 1.49293, 0.00153108
353, 0.351815, 9.37445e-05, 1.39089, 0.00153108
353, 0.362919, 9.66065e-05, 1.32006, 0.00153108
353, 0.374023, 9.86983e-05, 1.27089, 0.00153108
353, 0.385127, 0.000100204, 1.23676, 0.00153108
353, 0.396231, 0.000101277, 1.21307, 0.00153108
353, 0.407335, 0.000102035, 1.19662, 0.00153108
353, 0.418439, 0.000102569, 1.1852, 0.00153108
353, 0.429543, 0.000102942, 1.17728, 0.00153108
353, 0.440647, 0.000103203, 1.17177, 0.00153108
353, 0.451751, 0.000103384, 1.16796, 0.00153108
353, 0.462856, 0.000103511, 1.1653, 0.00153108
353, 0.47396, 0.000103599, 1.16346, 0.00153108
353, 0.485064, 0.00010366, 1.16219, 0.00153108
353, 0.496168, 0.000103703, 1.1613, 0.00153108
353, 0.507272, 0.000103732, 1.16068, 0.00153108
353, 0.518376, 0.000103753, 1.16026, 0.00153108
353, 0.52948, 0.000103767, 1.15996, 0.00153108
353, 0.540584, 0.000103777, 1.15975, 0.00153108
353, 0.551688, 0.000103784, 1.15961, 0.00153108
353, 0.562792, 0.000103789, 1.15951, 0.00153108
353, 0.573896, 0.000103792, 1.15944, 0.00153108
353, 0.585, 0.000103794, 1.1594, 0.00153108
353, 0.596104, 0.000103796, 1.15936, 0.00153108
353, 0.607208, 0.000103797, 1.15934, 0.00153108
353, 0.618312, 0.000103798, 1.15932, 0.00153108
353, 0.629416, 0.000103798, 1.15931, 0.00153108
353, 0.64052, 0.000103799, 1.15931, 0.00153108
353, 0.651624, 0.000103799, 1.1593, 0.00153108
353, 0.662728, 0.000103799, 1.1593, 0.00153108
353, 0.673832, 0.000103799, 1.1593, 0.00153108
353, 0.684936, 0.000103799, 1.15929, 0.00153108
353, 0.69604, 0.000103799, 1.1593, 0.00153108
353, 0.707144, 0.000103799, 1.1593, 0.00153108
353, 0.718249, 0.000103799, 1.1593, 0.00153108
353, 0.729353, 0.000103799, 1.15931, 0.00153108
353, 0.740457, 0.000103798, 1.15931, 0.00153108
353, 0.751561, 0.000103798, 1.15932, 0.00153108
353, 0.762665, 0.000103797, 1.15934, 0.00153108
353, 0.773769, 0.000103796, 1.15936, 0.00153108
353, 0.784873, 0.000103794, 1.1594, 0.00153108
353, 0.795977, 0.000103792, 1.15945, 0.00153108
353, 0.807081, 0.000103788, 1.15952, 0.00153108
353, 0.818185, 0.000103784, 1.15962, 0.00153108
353, 0.829289, 0.000103777, 1.15976, 0.00153108
353, 0.840393, 0.000103767, 1.15997, 0.00153108
353, 0.851497, 0.000103752, 1.16028, 0.00153108
353, 0.862601, 0.000103731, 1.16071, 0.00153108
353, 0.873705, 0.000103701, 1.16134, 0.00153108
353, 0.884809, 0.000103657, 1.16225, 0.00153108
353, 0.895913, 0.000103594, 1.16356, 0.00153108
353, 0.907017, 0.000103504, 1.16545, 0.00153108
353, 0.918121, 0.000103373, 1.16819, 0.00153108
353, 0.929225, 0.000103184, 1.17216, 0.00153108
353, 0.940329, 0.000102911, 1.17792, 0.00153108
353, 0.951433, 0.000102516, 1.18633, 0.00153108
353, 0.962537, 0.000101941, 1.19864, 0.00153108
353, 0.973642, 0.000101105, 1.21684, 0.00153108
353, 0.984746, 9.98786e-05, 1.24405, 0.00153108
353, 0.99585, 9.80688e-05, 1.28547, 0.00153108
353, 1.00695, 9.53672e-05, 1.35021, 0.00153108
353, 1.01806, 9.12652e-05, 1.45584, 0.00153108
353, 1.02916, 8.48745e-05, 1.64076, 0.00153108
353, 1.04027, 7.45072e-05, 2.00821, 0.00153108
353, 1.05137, 5.65328e-05, 2.96465, 0.00153108
353, 1.06247, 2.14596e-05, 9.44442, 0.00153108
353, 1.07358, -6.6007e-05, -4.39559, 0.00153108
353, 1.08468, -0.000542817, -1.41291, 0.00153108
353, 1.09579, 0.000785016, -0.714486, 0.00153108
353, 1.10689, 0.000384657, -0.417318, 0.00153108
353, 1.11799, 0.000303276, -0.260961, 0.00153108
353, 1.1291, 0.000269872, -0.169484, 0.00153108
353, 1.1402, 0.000252577, -0.112616, 0.00153108
343, 0.0284208, 2.30082e-08, 9580.12, 0.00147525
343, 0.0395524, 3.35268e-08, 6574.15, 0.00147525
343, 0.050684, 4.88518e-08, 4511.51, 0.00147525
343, 0.0618156, 7.11763e-08, 3096.16, 0.00147525
343, 0.0729472, 1.03691e-07, 2124.96, 0.00147525
343, 0.0840787, 1.51036e-07, 1458.55, 0.00147525
343, 0.0952103, 2.19946e-07, 1001.26, 0.00147525
343, 0.106342, 3.20188e-07, 687.483, 0.00147525
343, 0.117473, 4.65886e-07, 472.171, 0.00147525
343, 0.128605, 6.77397e-07, 324.428, 0.00147525
343, 0.139737, 9.83909e-07, 223.049, 0.00147525
343, 0.150868, 1.42696e-06, 153.485, 0.00147525
343, 0.162, 2.06504e-06, 105.751, 0.00147525
343, 0.173131, 2.97913e-06, 72.9962, 0.00147525
343, 0.184263, 4.27875e-06, 50.5207, 0.00147525
343, 0.195395, 6.10676e-06, 35.0984, 0.00147525
343, 0.206526, 8.63951e-06, 24.5158, 0.00147525
343, 0.217658, 1.20763e-05, 17.2542, 0.00147525
343, 0.228789, 1.66104e-05, 12.2715, 0.00147525
343, 0.239921, 2.23747e-05, 8.85236, 0.00147525
343, 0.251052, 2.93681e-05, 6.50623, 0.00147525
343, 0.262184, 3.73865e-05, 4.89635, 0.00147525
343, 0.273316, 4.60056e-05, 3.79168, 0.00147525
343, 0.284447, 5.46509e-05, 3.03367, 0.00147525
343, 0.295579, 6.27413e-05, 2.51354, 0.00147525
343, 0.30671, 6.98352e-05, 2.15663, 0.00147525
343, 0.317842, 7.57089e-05, 1.91173, 0.00147525
343, 0.328974, 8.03461e-05, 1.74368, 0.00147525
343, 0.340105, 8.3871e-05, 1.62837, 0.00147525
343, 0.351237, 8.64743e-05, 1.54924, 0.00147525
343, 0.362368, 8.83561e-05, 1.49495, 0.00147525
343, 0.3735, 8.96955e-05, 1.45769, 0.00147525
343, 0.384631, 9.06383e-05, 1.43213, 0.00147525
343, 0.395763, 9.12968e-05, 1.41459, 0.00147525
343, 0.406895, 9.17542e-05, 1.40255, 0.00147525
343, 0.418026, 9.20707e-05, 1.39429, 0.00147525
343, 0.429158, 9.22892e-05, 1.38862, 0.00147525
343, 0.440289, 9.24397e-05, 1.38473, 0.00147525
343, 0.451421, 9.25433e-05, 1.38206, 0.00147525
343, 0.462553, 9.26145e-05, 1.38023, 0.00147525
343, 0.473684, 9.26634e-05, 1.37898, 0.00147525
343, 0.484816, 9.2697e-05, 1.37811, 0.00147525
343, 0.495947, 9.272e-05, 1.37752, 0.00147525
343, 0.507079, 9.27359e-05, 1.37712, 0.00147525
343, 0.51821, 9.27467e-05, 1.37684, 0.00147525
343, 0.529342, 9.27542e-05, 1.37665, 0.00147525
343, 0.540474, 9.27593e-05, 1.37652, 0.00147525
343, 0.551605, 9.27628e-05, 1.37643, 0.00147525
343, 0.562737, 9.27652e-05, 1.37636, 0.00147525
343, 0.573868, 9.27669e-05, 1.37632, 0.00147525
343, 0.585, 9.2768e-05, 1.37629, 0.00147525
343, 0.596132, 9.27688e-05, 1.37627, 0.00147525
343, 0.607263, 9.27693e-05, 1.37626, 0.00147525
343, 0.618395, 9.27697e-05, 1.37625, 0.00147525
343, 0.629526, 9.27699e-05, 1.37624, 0.00147525
343, 0.640658, 9.27701e-05, 1.37624, 0.00147525
343, 0.65179, 9.27702e-05, 1.37624, 0.00147525
343, 0.662921, 9.27703e-05, 1.37624, 0.00147525
343, 0.674053, 9.27703e-05, 1.37623, 0.00147525
343, 0.685184, 9.27703e-05, 1.37623, 0.00147525
343, 0.696316, 9.27703e-05, 1.37624, 0.00147525
343, 0.707447, 9.27702e-05, 1.37624, 0.00147525
343, 0.718579, 9.27701e-05, 1.37624, 0.00147525
343, 0.729711, 9.27699e-05, 1.37624, 0.00147525
343, 0.740842, 9.27697e-05, 1.37625, 0.00147525
343, 0.751974, 9.27693e-05, 1.37626, 0.00147525
343, 0.763105, 9.27687e-05, 1.37627, 0.00147525
343, 0.774237, 9.27679e-05, 1.3763, 0.00147525
343, 0.785369, 9.27668e-05, 1.37632, 0.00147525
343, 0.7965, 9.27651e-05, 1.37637, 0.00147525
343, 0.807632, 9.27626e-05, 1.37643, 0.00147525
343, 0.818763, 9.2759e-05, 1.37652, 0.00147525
343, 0.829895, 9.27537e-05, 1.37666, 0.00147525
343, 0.841026, 9.2746e-05, 1.37686, 0.00147525
343, 0.852158, 9.27348e-05, 1.37714, 0.00147525
343, 0.86329, 9.27185e-05, 1.37756, 0.00147525
343, 0.874421, 9.26946e-05, 1.37817, 0.00147525
343, 0.885553, 9.26599e-05, 1.37907, 0.00147525
343, 0.896684, 9.26093e-05, 1.38037, 0.00147525
343, 0.907816, 9.25354e-05, 1.38227, 0.00147525
343, 0.918948, 9.24276e-05, 1.38505, 0.00147525
343, 0.930079, 9.22701e-05, 1.38912, 0.00147525
343, 0.941211, 9.204e-05, 1.39509, 0.00147525
343, 0.952342, 9.17031e-05, 1.40389, 0.00147525
343, 0.963474, 9.1209e-05, 1.41691, 0.00147525
343, 0.974605, 9.0482e-05, 1.43633, 0.00147525
343, 0.985737, 8.94078e-05, 1.4656, 0.00147525
343, 0.996869, 8.78102e-05, 1.51046, 0.00147525
343, 1.008, 8.5411e-05, 1.58098, 0.00147525
343, 1.01913, 8.17548e-05, 1.69641, 0.00147525
343, 1.03026, 7.60574e-05, 1.89839, 0.00147525
343, 1.04139, 6.68629e-05, 2.29696, 0.00147525
343, 1.05253, 5.11521e-05, 3.30958, 0.00147525
343, 1.06366, 2.14925e-05, 9.25681, 0.00147525
343, 1.07479, -4.67209e-05, -5.71832, 0.00147525
343, 1.08592, -0.000313531, -1.7031, 0.00147525
343, 1.09705, 0.00139298, -0.841746, 0.00147525
343, 1.10818, 0.000427699, -0.484582, 0.00147525
343, 1.11932, 0.000314662, -0.299426, 0.00147525
343, 1.13045, 0.000272938, -0.19233, 0.00147525
343, 1.14158, 0.000252348, -0.126429, 0.00147525
333, 0.0270642, 2.08891e-08, 10492.6, 0.00143965
333, 0.038223, 3.0814e-08, 7112.72, 0.00143965
333, 0.0493817, 4.54517e-08, 4821.75, 0.00143965
333, 0.0605404, 6.7037e-08, 3268.87, 0.00143965
333, 0.0716991, 9.88606e-08, 2216.29, 0.00143965
333, 0.0828578, 1.45764e-07, 1502.82, 0.00143965
333, 0.0940165, 2.14859e-07, 1019.21, 0.00143965
333, 0.105175, 3.16578e-07, 691.412, 0.00143965
333, 0.116334, 4.6617e-07, 469.22, 0.00143965
333, 0.127493, 6.85838e-07, 318.613, 0.00143965
333, 0.138651, 1.0077e-06, 216.527, 0.00143965
333, 0.14981, 1.4778e-06, 147.331, 0.00143965
333, 0.160969, 2.16117e-06, 100.427, 0.00143965
333, 0.172128, 3.14786e-06, 68.6354, 0.00143965
333, 0.183286, 4.55856e-06, 47.0859, 0.00143965
333, 0.194445, 6.54745e-06, 32.4791, 0.00143965
333, 0.205604, 9.29683e-06, 22.5782, 0.00143965
333, 0.216762, 1.29958e-05, 15.8671, 0.00143965
333, 0.227921, 1.7795e-05, 11.3182, 0.00143965
333, 0.23908, 2.37366e-05, 8.23479, 0.00143965
333, 0.250239, 3.068e-05, 6.14479, 0.00143965
333, 0.261397, 3.82676e-05, 4.72814, 0.00143965
333, 0.272556, 4.59747e-05, 3.76789, 0.00143965
333, 0.283715, 5.32431e-05, 3.11701, 0.00143965
333, 0.294873, 5.96334e-05, 2.67583, 0.00143965
333, 0.306032, 6.49145e-05, 2.37678, 0.00143965
333, 0.317191, 6.906e-05, 2.17408, 0.00143965
333, 0.32835, 7.21847e-05, 2.03669, 0.00143965
333, 0.339508, 7.44685e-05, 1.94356, 0.00143965
333, 0.350667, 7.61005e-05, 1.88043, 0.00143965
333, 0.361826, 7.7248e-05, 1.83764, 0.00143965
333, 0.372984, 7.80457e-05, 1.80864, 0.00143965
333, 0.384143, 7.85958e-05, 1.78898, 0.00143965
333, 0.395302, 7.89732e-05, 1.77566, 0.00143965
333, 0.406461, 7.9231e-05, 1.76662, 0.00143965
333, 0.417619, 7.94067e-05, 1.7605, 0.00143965
333, 0.428778, 7.95263e-05, 1.75635, 0.00143965
333, 0.439937, 7.96075e-05, 1.75354, 0.00143965
333, 0.451095, 7.96627e-05, 1.75163, 0.00143965
333, 0.462254, 7.97001e-05, 1.75034, 0.00143965
333, 0.473413, 7.97255e-05, 1.74946, 0.00143965
333, 0.484572, 7.97427e-05, 1.74887, 0.00143965
333, 0.49573, 7.97544e-05, 1.74847, 0.00143965
333, 0.506889, 7.97623e-05, 1.74819, 0.00143965
333, 0.518048, 7.97677e-05, 1.74801, 0.00143965
333, 0.529206, 7.97713e-05, 1.74788, 0.00143965
333, 0.540365, 7.97738e-05, 1.7478, 0.00143965
333, 0.551524, 7.97754e-05, 1.74774, 0.00143965
333, 0.562683, 7.97766e-05, 1.7477, 0.00143965
333, 0.573841, 7.97773e-05, 1.74768, 0.00143965
333, 0.585, 7.97779e-05, 1.74766, 0.00143965
333, 0.596159, 7.97782e-05, 1.74765, 0.00143965
333, 0.607317, 7.97785e-05, 1.74764, 0.00143965
333, 0.618476, 7.97786e-05, 1.74763, 0.00143965
333, 0.629635, 7.97787e-05, 1.74763, 0.00143965
333, 0.640794, 7.97788e-05, 1.74763, 0.00143965
333, 0.651952, 7.97788e-05, 1.74762, 0.00143965
333, 0.663111, 7.97789e-05, 1.74762, 0.00143965
333, 0.67427, 7.97789e-05, 1.74762, 0.00143965
333, 0.685428, 7.97789e-05, 1.74762, 0.00143965
333, 0.696587, 7.97788e-05, 1.74763, 0.00143965
333, 0.707746, 7.97788e-05, 1.74763, 0.00143965
333, 0.718905, 7.97787e-05, 1.74763, 0.00143965
333, 0.730063, 7.97786e-05, 1.74763, 0.00143965
333, 0.741222, 7.97784e-05, 1.74764, 0.00143965
333, 0.752381, 7.97781e-05, 1.74765, 0.00143965
333, 0.763539, 7.97778e-05, 1.74766, 0.00143965
333, 0.774698, 7.97772e-05, 1.74768, 0.00143965
333, 0.785857, 7.97763e-05, 1.74771, 0.00143965
333, 0.797016, 7.97751e-05, 1.74775, 0.00143965
333, 0.808174, 7.97733e-05, 1.74782, 0.00143965
333, 0.819333, 7.97705e-05, 1.74791, 0.00143965
333, 0.830492, 7.97665e-05, 1.74805, 0.00143965
333, 0.84165, 7.97606e-05, 1.74825, 0.00143965
333, 0.852809, 7.97519e-05, 1.74855, 0.00143965
333, 0.863968, 7.9739e-05, 1.749, 0.00143965
333, 0.875127, 7.97201e-05, 1.74965, 0.00143965
333, 0.886285, 7.9692e-05, 1.75062, 0.00143965
333, 0.897444, 7.96507e-05, 1.75205, 0.00143965
333, 0.908603, 7.95896e-05, 1.75416, 0.00143965
333, 0.919761, 7.94994e-05, 1.75728, 0.00143965
333, 0.93092, 7.93662e-05, 1.76191, 0.00143965
333, 0.942079, 7.91691e-05, 1.76878, 0.00143965
333, 0.953238, 7.88774e-05, 1.77902, 0.00143965
333, 0.964396, 7.84448e-05, 1.79435, 0.00143965
333, 0.975555, 7.78017e-05, 1.81745, 0.00143965
333, 0.986714, 7.68421e-05, 1.85263, 0.00143965
333, 0.997872, 7.54024e-05, 1.9071, 0.00143965
333, 1.00903, 7.32244e-05, 1.99357, 0.00143965
333, 1.02019, 6.98879e-05, 2.13648, 0.00143965
333, 1.03135, 6.46775e-05, 2.38916, 0.00143965
333, 1.04251, 5.62904e-05, 2.89413, 0.00143965
333, 1.05367, 4.21098e-05, 4.20549, 0.00143965
333, 1.06482, 1.60174e-05, 12.6853, 0.00143965
333, 1.07598, -4.04152e-05, -6.42376, 0.00143965
333, 1.08714, -0.000220642, -1.99347, 0.00143965
333, 1.0983, 0.0184253, -0.988103, 0.00143965
333, 1.10946, 0.000505726, -0.566559, 0.00143965
333, 1.12062, 0.000336051, -0.347712, 0.00143965
333, 1.13178, 0.000281567, -0.22149, 0.00143965
333, 1.14294, 0.00025615, -0.144242, 0.00143965
323, 0.0257287, 1.91644e-08, 11172.8, 0.00140312
323, 0.0369141, 2.86394e-08, 7476.11, 0.00140312
323, 0.0480995, 4.27959e-08, 5002.75, 0.00140312
323, 0.059285, 6.39435e-08, 3347.89, 0.00140312
323, 0.0704704, 9.55268e-08, 2240.67, 0.00140312
323, 0.0816558, 1.42678e-07, 1499.87, 0.00140312
323, 0.0928412, 2.1303e-07, 1004.21, 0.00140312
323, 0.104027, 3.17912e-07, 672.583, 0.00140312
323, 0.115212, 4.74076e-07, 450.699, 0.00140312
323, 0.126398, 7.06165e-07, 302.243, 0.00140312
323, 0.137583, 1.05014e-06, 202.916, 0.00140312
323, 0.148768, 1.55785e-06, 136.458, 0.00140312
323, 0.159954, 2.30274e-06, 91.9936, 0.00140312
323, 0.171139, 3.38596e-06, 62.2435, 0.00140312
323, 0.182325, 4.9411e-06, 42.3385, 0.00140312
323, 0.19351, 7.13309e-06, 29.0206, 0.00140312
323, 0.204696, 1.0144e-05, 20.11, 0.00140312
323, 0.215881, 1.41363e-05, 14.1482, 0.00140312
323, 0.227066, 1.91894e-05, 10.1593, 0.00140312
323, 0.238252, 2.52213e-05, 7.49045, 0.00140312
323, 0.249437, 3.19383e-05, 5.70479, 0.00140312
323, 0.260623, 3.88634e-05, 4.51006, 0.00140312
323, 0.271808, 4.54582e-05, 3.7107, 0.00140312
323, 0.282993, 5.12804e-05, 3.17587, 0.00140312
323, 0.294179, 5.60866e-05, 2.81803, 0.00140312
323, 0.305364, 5.98389e-05, 2.57861, 0.00140312
323, 0.31655, 6.2643e-05, 2.41842, 0.00140312
323, 0.327735, 6.46707e-05, 2.31124, 0.00140312
323, 0.338921, 6.61022e-05, 2.23953, 0.00140312
323, 0.350106, 6.7096e-05, 2.19155, 0.00140312
323, 0.361291, 6.77777e-05, 2.15945, 0.00140312
323, 0.372477, 6.82416e-05, 2.13797, 0.00140312
323, 0.383662, 6.85556e-05, 2.1236, 0.00140312
323, 0.394848, 6.87672e-05, 2.11398, 0.00140312
323, 0.406033, 6.89096e-05, 2.10755, 0.00140312
323, 0.417219, 6.90052e-05, 2.10325, 0.00140312
323, 0.428404, 6.90693e-05, 2.10037, 0.00140312
323, 0.439589, 6.91122e-05, 2.09844, 0.00140312
323, 0.450775, 6.9141e-05, 2.09715, 0.00140312
323, 0.46196, 6.91602e-05, 2.09629, 0.00140312
323, 0.473146, 6.91731e-05, 2.09571, 0.00140312
323, 0.484331, 6.91818e-05, 2.09532, 0.00140312
323, 0.495517, 6.91875e-05, 2.09507, 0.00140312
323, 0.506702, 6.91914e-05, 2.09489, 0.00140312
323, 0.517887, 6.9194e-05, 2.09478, 0.00140312
323, 0.529073, 6.91957e-05, 2.0947, 0.00140312
323, 0.540258, 6.91969e-05, 2.09465, 0.00140312
323, 0.551444, 6.91976e-05, 2.09461, 0.00140312
323, 0.562629, 6.91982e-05, 2.09459, 0.00140312
323, 0.573815, 6.91985e-05, 2.09457, 0.00140312
323, 0.585, 6.91987e-05, 2.09456, 0.00140312
323, 0.596185, 6.91989e-05, 2.09456, 0.00140312
323, 0.607371, 6.9199e-05, 2.09455, 0.00140312
323, 0.618556, 6.91991e-05, 2.09455, 0.00140312
323, 0.629742, 6.91991e-05, 2.09455, 0.00140312
323, 0.640927, 6.91991e-05, 2.09455, 0.00140312
323, 0.652113, 6.91992e-05, 2.09455, 0.00140312
323, 0.663298, 6.91992e-05, 2.09455, 0.00140312
323, 0.674483, 6.91992e-05, 2.09455, 0.00140312
323, 0.685669, 6.91992e-05, 2.09455, 0.00140312
323, 0.696854, 6.91991e-05, 2.09455, 0.00140312
323, 0.70804, 6.91991e-05, 2.09455, 0.00140312
323, 0.719225, 6.91991e-05, 2.09455, 0.00140312
323, 0.730411, 6.9199e-05, 2.09455, 0.00140312
323, 0.741596, 6.91989e-05, 2.09456, 0.00140312
323, 0.752781, 6.91987e-05, 2.09457, 0.00140312
323, 0.763967, 6.91984e-05, 2.09458, 0.00140312
323, 0.775152, 6.91981e-05, 2.09459, 0.00140312
323, 0.786338, 6.91975e-05, 2.09462, 0.00140312
323, 0.797523, 6.91967e-05, 2.09466, 0.00140312
323, 0.808709, 6.91954e-05, 2.09471, 0.00140312
323, 0.819894, 6.91935e-05, 2.0948, 0.00140312
323, 0.831079, 6.91907e-05, 2.09493, 0.00140312
323, 0.842265, 6.91864e-05, 2.09512, 0.00140312
323, 0.85345, 6.91801e-05, 2.0954, 0.00140312
323, 0.864636, 6.91706e-05, 2.09582, 0.00140312
323, 0.875821, 6.91565e-05, 2.09645, 0.00140312
323, 0.887007, 6.91354e-05, 2.0974, 0.00140312
323, 0.898192, 6.91037e-05, 2.09882, 0.00140312
323, 0.909377, 6.90565e-05, 2.10094, 0.00140312
323, 0.920563, 6.89858e-05, 2.10412, 0.00140312
323, 0.931748, 6.888e-05, 2.10889, 0.00140312
323, 0.942934, 6.87215e-05, 2.11605, 0.00140312
323, 0.954119, 6.84841e-05, 2.12686, 0.00140312
323, 0.965304, 6.81278e-05, 2.14321, 0.00140312
323, 0.97649, 6.7592e-05, 2.16812, 0.00140312
323, 0.987675, 6.67838e-05, 2.20646, 0.00140312
323, 0.998861, 6.55592e-05, 2.26636, 0.00140312
323, 1.01005, 6.36904e-05, 2.3622, 0.00140312
323, 1.02123, 6.08079e-05, 2.52158, 0.00140312
323, 1.03242, 5.62878e-05, 2.80438, 0.00140312
323, 1.0436, 4.90123e-05, 3.36911, 0.00140312
323, 1.05479, 3.67954e-05, 4.81974, 0.00140312
323, 1.06597, 1.47471e-05, 13.5208, 0.00140312
323, 1.07716, -3.07593e-05, -7.96179, 0.00140312
323, 1.08834, -0.000157543, -2.35925, 0.00140312
323, 1.09953, -0.00142868, -1.14989, 0.00140312
323, 1.11072, 0.000613709, -0.651072, 0.00140312
323, 1.1219, 0.000353941, -0.394984, 0.00140312
323, 1.13309, 0.000285045, -0.248749, 0.00140312
323, 1.14427, 0.00025497, -0.160137, 0.00140312
308, 0.0237662, 1.58499e-08, 12973.6, 0.00137733
308, 0.0349909, 2.41895e-08, 8500.48, 0.00137733
308, 0.0462156, 3.69139e-08, 5569.97, 0.00137733
308, 0.0574403, 5.63246e-08, 3650.09, 0.00137733
308, 0.0686649, 8.59254e-08, 2392.31, 0.00137733
308, 0.0798896, 1.31044e-07, 1568.3, 0.00137733
308, 0.0911143, 1.99763e-07, 1028.45, 0.00137733
308, 0.102339, 3.04308e-07, 674.784, 0.00137733
308, 0.113564, 4.63081e-07, 443.083, 0.00137733
308, 0.124788, 7.03576e-07, 291.287, 0.00137733
308, 0.136013, 1.06641e-06, 191.841, 0.00137733
308, 0.147238, 1.61052e-06, 126.69, 0.00137733
308, 0.158462, 2.41917e-06, 84.0071, 0.00137733
308, 0.169687, 3.60504e-06, 56.0441, 0.00137733
308, 0.180912, 5.31048e-06, 37.7246, 0.00137733
308, 0.192136, 7.69552e-06, 25.7229, 0.00137733
308, 0.203361, 1.09038e-05, 17.8601, 0.00137733
308, 0.214586, 1.50009e-05, 12.7089, 0.00137733
308, 0.22581, 1.98996e-05, 9.33421, 0.00137733
308, 0.237035, 2.53156e-05, 7.12332, 0.00137733
308, 0.24826, 3.0809e-05, 5.67488, 0.00137733
308, 0.259484, 3.59147e-05, 4.72596, 0.00137733
308, 0.270709, 4.02889e-05, 4.10429, 0.00137733
308, 0.281934, 4.37824e-05, 3.69701, 0.00137733
308, 0.293158, 4.64193e-05, 3.43019, 0.00137733
308, 0.304383, 4.83261e-05, 3.25539, 0.00137733
308, 0.315608, 4.96627e-05, 3.14087, 0.00137733
308, 0.326832, 5.05791e-05, 3.06584, 0.00137733
308, 0.338057, 5.1198e-05, 3.01669, 0.00137733
308, 0.349282, 5.16118e-05, 2.98449, 0.00137733
308, 0.360506, 5.18865e-05, 2.96339, 0.00137733
308, 0.371731, 5.20681e-05, 2.94957, 0.00137733
308, 0.382956, 5.21877e-05, 2.94051, 0.00137733
308, 0.394181, 5.22664e-05, 2.93458, 0.00137733
308, 0.405405, 5.23181e-05, 2.9307, 0.00137733
308, 0.41663, 5.2352e-05, 2.92815, 0.00137733
308, 0.427855, 5.23742e-05, 2.92648, 0.00137733
308, 0.439079, 5.23888e-05, 2.92539, 0.00137733
308, 0.450304, 5.23984e-05, 2.92467, 0.00137733
308, 0.461529, 5.24046e-05, 2.9242, 0.00137733
308, 0.472753, 5.24087e-05, 2.9239, 0.00137733
308, 0.483978, 5.24114e-05, 2.9237, 0.00137733
308, 0.495203, 5.24132e-05, 2.92356, 0.00137733
308, 0.506427, 5.24143e-05, 2.92348, 0.00137733
308, 0.517652, 5.24151e-05, 2.92342, 0.00137733
308, 0.528877, 5.24156e-05, 2.92338, 0.00137733
308, 0.540101, 5.24159e-05, 2.92336, 0.00137733
308, 0.551326, 5.24161e-05, 2.92334, 0.00137733
308, 0.562551, 5.24163e-05, 2.92333, 0.00137733
308, 0.573775, 5.24163e-05, 2.92333, 0.00137733
308, 0.585, 5.24164e-05, 2.92332, 0.00137733
308, 0.596225, 5.24164e-05, 2.92332, 0.00137733
308, 0.607449, 5.24165e-05, 2.92332, 0.00137733
308, 0.618674, 5.24165e-05, 2.92332, 0.00137733
308, 0.629899, 5.24165e-05, 2.92332, 0.00137733
308, 0.641123, 5.24165e-05, 2.92331, 0.00137733
308, 0.652348, 5.24165e-05, 2.92331, 0.00137733
308, 0.663573, 5.24165e-05, 2.92331, 0.00137733
308, 0.674797, 5.24165e-05, 2.92331, 0.00137733
308, 0.686022, 5.24165e-05, 2.92331, 0.00137733
308, 0.697247, 5.24165e-05, 2.92332, 0.00137733
308, 0.708471, 5.24165e-05, 2.92332, 0.00137733
308, 0.719696, 5.24165e-05, 2.92332, 0.00137733
308, 0.730921, 5.24164e-05, 2.92332, 0.00137733
308, 0.742145, 5.24164e-05, 2.92333, 0.00137733
308, 0.75337, 5.24163e-05, 2.92333, 0.00137733
308, 0.764595, 5.24162e-05, 2.92334, 0.00137733
308, 0.775819, 5.2416e-05, 2.92336, 0.00137733
308, 0.787044, 5.24157e-05, 2.92338, 0.00137733
308, 0.798269, 5.24152e-05, 2.92341, 0.00137733
308, 0.809494, 5.24145e-05, 2.92346, 0.00137733
308, 0.820718, 5.24135e-05, 2.92354, 0.00137733
308, 0.831943, 5.24119e-05, 2.92366, 0.00137733
308, 0.843168, 5.24094e-05, 2.92385, 0.00137733
308, 0.854392, 5.24057e-05, 2.92413, 0.00137733
308, 0.865617, 5.24e-05, 2.92455, 0.00137733
308, 0.876842, 5.23912e-05, 2.92521, 0.00137733
308, 0.888066, 5.23779e-05, 2.92621, 0.00137733
308, 0.899291, 5.23576e-05, 2.92773, 0.00137733
308, 0.910516, 5.23265e-05, 2.93006, 0.00137733
308, 0.92174, 5.22791e-05, 2.93362, 0.00137733
308, 0.932965, 5.22067e-05, 2.93908, 0.00137733
308, 0.94419, 5.2096e-05, 2.94745, 0.00137733
308, 0.955414, 5.19268e-05, 2.96031, 0.00137733
308, 0.966639, 5.16677e-05, 2.98017, 0.00137733
308, 0.977864, 5.12706e-05, 3.011, 0.00137733
308, 0.989088, 5.06605e-05, 3.0593, 0.00137733
308, 1.00031, 4.97199e-05, 3.1361, 0.00137733
308, 1.01154, 4.82619e-05, 3.26105, 0.00137733
308, 1.02276, 4.59831e-05, 3.47222, 0.00137733
308, 1.03399, 4.23745e-05, 3.85307, 0.00137733
308, 1.04521, 3.65407e-05, 4.62788, 0.00137733
308, 1.05644, 2.67857e-05, 6.67747, 0.00137733
308, 1.06766, 9.51614e-06, 20.6103, 0.00137733
308, 1.07889, -2.43858e-05, -9.43305, 0.00137733
308, 1.09011, -0.000106832, -2.92496, 0.00137733
308, 1.10134, -0.000484268, -1.42465, 0.00137733
308, 1.11256, 0.00102336, -0.799047, 0.00137733
308, 1.12378, 0.000394253, -0.478389, 0.00137733
308, 1.13501, 0.000292388, -0.296667, 0.00137733
308, 1.14623, 0.000253192, -0.187785, 0.00137733
