Temperature, Et, tn0, k, chi2
463, 0.0461313, 2.16807e-09, 17566.6, 0.000129399
463, 0.0569086, 2.84031e-09, 13408.7, 0.000129399
463, 0.067686, 3.72094e-09, 10235.1, 0.000129399
463, 0.0784634, 4.87453e-09, 7812.65, 0.000129399
463, 0.0892408, 6.3856e-09, 5963.65, 0.000129399
463, 0.100018, 8.36482e-09, 4552.33, 0.000129399
463, 0.110796, 1.09571e-08, 3475.1, 0.000129399
463, 0.121573, 1.43519e-08, 2652.86, 0.000129399
463, 0.13235, 1.87972e-08, 2025.26, 0.000129399
463, 0.143128, 2.4617e-08, 1546.21, 0.000129399
463, 0.153905, 3.2235e-08, 1180.57, 0.000129399
463, 0.164682, 4.22037e-08, 901.477, 0.000129399
463, 0.17546, 5.52438e-08, 688.45, 0.000129399
463, 0.186237, 7.22936e-08, 525.849, 0.000129399
463, 0.197015, 9.45721e-08, 401.739, 0.000129399
463, 0.207792, 1.23659e-07, 307.007, 0.000129399
463, 0.218569, 1.61595e-07, 234.699, 0.000129399
463, 0.229347, 2.11004e-07, 179.508, 0.000129399
463, 0.240124, 2.75239e-07, 137.381, 0.000129399
463, 0.250901, 3.58555e-07, 105.226, 0.000129399
463, 0.261679, 4.6629e-07, 80.6828, 0.000129399
463, 0.272456, 6.05057e-07, 61.9492, 0.000129399
463, 0.283234, 7.82893e-07, 47.6501, 0.000129399
463, 0.294011, 1.00933e-06, 36.7359, 0.000129399
463, 0.304788, 1.29528e-06, 28.4052, 0.000129399
463, 0.315566, 1.65266e-06, 22.0464, 0.000129399
463, 0.326343, 2.09355e-06, 17.1929, 0.000129399
463, 0.33712, 2.62887e-06, 13.4883, 0.000129399
463, 0.347898, 3.26637e-06, 10.6606, 0.000129399
463, 0.358675, 4.00828e-06, 8.50228, 0.000129399
463, 0.369453, 4.84895e-06, 6.85485, 0.000129399
463, 0.38023, 5.77316e-06, 5.5974, 0.000129399
463, 0.391007, 6.75604e-06, 4.6376, 0.000129399
463, 0.401785, 7.76511e-06, 3.905, 0.000129399
463, 0.412562, 8.76426e-06, 3.34581, 0.000129399
463, 0.423339, 9.71877e-06, 2.919, 0.000129399
463, 0.434117, 1.05999e-05, 2.59321, 0.000129399
463, 0.444894, 1.1388e-05, 2.34455, 0.000129399
463, 0.455672, 1.20732e-05, 2.15474, 0.000129399
463, 0.466449, 1.26543e-05, 2.00987, 0.000129399
463, 0.477226, 1.3137e-05, 1.89929, 0.000129399
463, 0.488004, 1.35309e-05, 1.81489, 0.000129399
463, 0.498781, 1.38478e-05, 1.75046, 0.000129399
463, 0.509558, 1.40999e-05, 1.70129, 0.000129399
463, 0.520336, 1.42985e-05, 1.66376, 0.000129399
463, 0.531113, 1.4454e-05, 1.63511, 0.000129399
463, 0.541891, 1.45749e-05, 1.61325, 0.000129399
463, 0.552668, 1.46686e-05, 1.59656, 0.000129399
463, 0.563445, 1.47409e-05, 1.58383, 0.000129399
463, 0.574223, 1.47965e-05, 1.57411, 0.000129399
463, 0.585, 1.48392e-05, 1.5667, 0.000129399
463, 0.595777, 1.4872e-05, 1.56104, 0.000129399
463, 0.606555, 1.4897e-05, 1.55674, 0.000129399
463, 0.617332, 1.49162e-05, 1.55346, 0.000129399
463, 0.628109, 1.49307e-05, 1.55097, 0.000129399
463, 0.638887, 1.49418e-05, 1.54909, 0.000129399
463, 0.649664, 1.49501e-05, 1.54767, 0.000129399
463, 0.660442, 1.49562e-05, 1.54662, 0.000129399
463, 0.671219, 1.49607e-05, 1.54585, 0.000129399
463, 0.681996, 1.49639e-05, 1.54532, 0.000129399
463, 0.692774, 1.49659e-05, 1.54497, 0.000129399
463, 0.703551, 1.4967e-05, 1.54479, 0.000129399
463, 0.714328, 1.49671e-05, 1.54476, 0.000129399
463, 0.725106, 1.49664e-05, 1.54488, 0.000129399
463, 0.735883, 1.49648e-05, 1.54517, 0.000129399
463, 0.746661, 1.49621e-05, 1.54563, 0.000129399
463, 0.757438, 1.49581e-05, 1.5463, 0.000129399
463, 0.768215, 1.49526e-05, 1.54724, 0.000129399
463, 0.778993, 1.49451e-05, 1.54852, 0.000129399
463, 0.78977, 1.49351e-05, 1.55023, 0.000129399
463, 0.800547, 1.49218e-05, 1.55249, 0.000129399
463, 0.811325, 1.49043e-05, 1.55549, 0.000129399
463, 0.822102, 1.48813e-05, 1.55944, 0.000129399
463, 0.83288, 1.4851e-05, 1.56467, 0.000129399
463, 0.843657, 1.48111e-05, 1.57158, 0.000129399
463, 0.854434, 1.47586e-05, 1.58073, 0.000129399
463, 0.865212, 1.46894e-05, 1.59288, 0.000129399
463, 0.875989, 1.45981e-05, 1.6091, 0.000129399
463, 0.886766, 1.44774e-05, 1.63085, 0.000129399
463, 0.897544, 1.43174e-05, 1.66025, 0.000129399
463, 0.908321, 1.41044e-05, 1.70042, 0.000129399
463, 0.919099, 1.38195e-05, 1.75609, 0.000129399
463, 0.929876, 1.34359e-05, 1.83479, 0.000129399
463, 0.940653, 1.29145e-05, 1.94923, 0.000129399
463, 0.951431, 1.21971e-05, 2.12269, 0.000129399
463, 0.962208, 1.1193e-05, 2.40283, 0.000129399
463, 0.972985, 9.75328e-06, 2.90513, 0.000129399
463, 0.983763, 7.61621e-06, 4.00089, 0.000129399
463, 0.99454, 4.27507e-06, 7.90928, 0.000129399
463, 1.00532, 1.7226e-08, 2130.32, 0.00013024
463, 1.01609, -1.2519e-05, -4.04239, 0.000129399
463, 1.02687, -4.21176e-05, -1.90432, 0.000129399
463, 1.03765, -0.000305045, -1.12486, 0.000129399
463, 1.04843, 0.000142231, -0.732212, 0.000129399
463, 1.0592, 7.65489e-05, -0.502438, 0.000129399
463, 1.06998, 5.91476e-05, -0.356054, 0.000129399
463, 1.08076, 5.13101e-05, -0.257693, 0.000129399
463, 1.09154, 4.69763e-05, -0.189212, 0.000129399
463, 1.10231, 4.43061e-05, -0.140348, 0.000129399
463, 1.11309, 4.25499e-05, -0.104867, 0.000129399
463, 1.12387, 4.13448e-05, -0.0787762, 0.000129399
453, 0.0445656, 2.1707e-09, 16691.4, 8.6778e-05
453, 0.0553743, 2.86305e-09, 12654.8, 8.6778e-05
453, 0.066183, 3.77617e-09, 9594.45, 8.6778e-05
453, 0.0769917, 4.98043e-09, 7274.3, 8.6778e-05
453, 0.0878003, 6.56855e-09, 5515.3, 8.6778e-05
453, 0.098609, 8.66278e-09, 4181.73, 8.6778e-05
453, 0.109418, 1.14242e-08, 3170.7, 8.6778e-05
453, 0.120226, 1.50649e-08, 2404.2, 8.6778e-05
453, 0.131035, 1.98642e-08, 1823.09, 8.6778e-05
453, 0.141844, 2.61898e-08, 1382.52, 8.6778e-05
453, 0.152652, 3.45248e-08, 1048.51, 8.6778e-05
453, 0.163461, 4.55042e-08, 795.281, 8.6778e-05
453, 0.17427, 5.99605e-08, 603.3, 8.6778e-05
453, 0.185079, 7.89843e-08, 457.751, 8.6778e-05
453, 0.195887, 1.04e-07, 347.404, 8.6778e-05
453, 0.206696, 1.36863e-07, 263.747, 8.6778e-05
453, 0.217505, 1.79981e-07, 200.322, 8.6778e-05
453, 0.228313, 2.36457e-07, 152.238, 8.6778e-05
453, 0.239122, 3.10269e-07, 115.783, 8.6778e-05
453, 0.249931, 4.06463e-07, 88.145, 8.6778e-05
453, 0.260739, 5.31357e-07, 67.1917, 8.6778e-05
453, 0.271548, 6.92732e-07, 51.3061, 8.6778e-05
453, 0.282357, 8.99944e-07, 39.2626, 8.6778e-05
453, 0.293165, 1.16389e-06, 30.132, 8.6778e-05
453, 0.303974, 1.49668e-06, 23.2097, 8.6778e-05
453, 0.314783, 1.91092e-06, 17.9616, 8.6778e-05
453, 0.325591, 2.41837e-06, 13.9829, 8.6778e-05
453, 0.3364, 3.02798e-06, 10.9664, 8.6778e-05
453, 0.347209, 3.74338e-06, 8.67951, 8.6778e-05
453, 0.358018, 4.5602e-06, 6.94572, 8.6778e-05
453, 0.368826, 5.46413e-06, 5.63127, 8.6778e-05
453, 0.379635, 6.4305e-06, 4.63473, 8.6778e-05
453, 0.390444, 7.42622e-06, 3.87921, 8.6778e-05
453, 0.401252, 8.41397e-06, 3.30642, 8.6778e-05
453, 0.412061, 9.35757e-06, 2.87217, 8.6778e-05
453, 0.42287, 1.02271e-05, 2.54295, 8.6778e-05
453, 0.433678, 1.10022e-05, 2.29335, 8.6778e-05
453, 0.444487, 1.16729e-05, 2.10412, 8.6778e-05
453, 0.455296, 1.22385e-05, 1.96066, 8.6778e-05
453, 0.466104, 1.27053e-05, 1.85189, 8.6778e-05
453, 0.476913, 1.30836e-05, 1.76943, 8.6778e-05
453, 0.487722, 1.33857e-05, 1.70692, 8.6778e-05
453, 0.49853, 1.36243e-05, 1.65952, 8.6778e-05
453, 0.509339, 1.38109e-05, 1.62359, 8.6778e-05
453, 0.520148, 1.39558e-05, 1.59635, 8.6778e-05
453, 0.530957, 1.40677e-05, 1.5757, 8.6778e-05
453, 0.541765, 1.41537e-05, 1.56005, 8.6778e-05
453, 0.552574, 1.42196e-05, 1.54818, 8.6778e-05
453, 0.563383, 1.427e-05, 1.53918, 8.6778e-05
453, 0.574191, 1.43084e-05, 1.53236, 8.6778e-05
453, 0.585, 1.43377e-05, 1.5272, 8.6778e-05
453, 0.595809, 1.43599e-05, 1.52329, 8.6778e-05
453, 0.606617, 1.43768e-05, 1.52033, 8.6778e-05
453, 0.617426, 1.43895e-05, 1.51809, 8.6778e-05
453, 0.628235, 1.43992e-05, 1.5164, 8.6778e-05
453, 0.639043, 1.44064e-05, 1.51513, 8.6778e-05
453, 0.649852, 1.44119e-05, 1.51419, 8.6778e-05
453, 0.660661, 1.44159e-05, 1.51349, 8.6778e-05
453, 0.67147, 1.44187e-05, 1.51299, 8.6778e-05
453, 0.682278, 1.44207e-05, 1.51264, 8.6778e-05
453, 0.693087, 1.44219e-05, 1.51243, 8.6778e-05
453, 0.703896, 1.44225e-05, 1.51233, 8.6778e-05
453, 0.714704, 1.44225e-05, 1.51234, 8.6778e-05
453, 0.725513, 1.44218e-05, 1.51245, 8.6778e-05
453, 0.736322, 1.44205e-05, 1.51268, 8.6778e-05
453, 0.74713, 1.44184e-05, 1.51304, 8.6778e-05
453, 0.757939, 1.44154e-05, 1.51357, 8.6778e-05
453, 0.768748, 1.44112e-05, 1.5143, 8.6778e-05
453, 0.779556, 1.44056e-05, 1.51528, 8.6778e-05
453, 0.790365, 1.4398e-05, 1.51661, 8.6778e-05
453, 0.801174, 1.43879e-05, 1.51837, 8.6778e-05
453, 0.811982, 1.43745e-05, 1.52072, 8.6778e-05
453, 0.822791, 1.43568e-05, 1.52383, 8.6778e-05
453, 0.8336, 1.43333e-05, 1.52796, 8.6778e-05
453, 0.844409, 1.43023e-05, 1.53345, 8.6778e-05
453, 0.855217, 1.42611e-05, 1.54076, 8.6778e-05
453, 0.866026, 1.42066e-05, 1.55051, 8.6778e-05
453, 0.876835, 1.41343e-05, 1.56356, 8.6778e-05
453, 0.887643, 1.40382e-05, 1.58111, 8.6778e-05
453, 0.898452, 1.39101e-05, 1.60488, 8.6778e-05
453, 0.909261, 1.37389e-05, 1.63735, 8.6778e-05
453, 0.920069, 1.35089e-05, 1.68223, 8.6778e-05
453, 0.930878, 1.31984e-05, 1.74535, 8.6778e-05
453, 0.941687, 1.27755e-05, 1.83622, 8.6778e-05
453, 0.952495, 1.21934e-05, 1.97163, 8.6778e-05
453, 0.963304, 1.13799e-05, 2.18405, 8.6778e-05
453, 0.974113, 1.02187e-05, 2.54586, 8.6778e-05
453, 0.984921, 8.51028e-06, 3.25769, 8.6778e-05
453, 0.99573, 5.88111e-06, 5.1611, 8.6778e-05
453, 1.00654, 1.54149e-06, 22.5059, 8.6778e-05
453, 1.01735, -6.52148e-06, -6.55612, 8.6778e-05
453, 1.02816, -2.54227e-05, -2.42527, 8.6778e-05
453, 1.03896, -0.000111661, -1.3245, 8.6778e-05
453, 1.04977, 0.00021128, -0.828502, 8.6778e-05
453, 1.06058, 8.13469e-05, -0.554573, 8.6778e-05
453, 1.07139, 5.90289e-05, -0.386164, 8.6778e-05
453, 1.0822, 5.00279e-05, -0.275723, 8.6778e-05
453, 1.09301, 4.5304e-05, -0.2002, 8.6778e-05
453, 1.10382, 4.24818e-05, -0.147067, 8.6778e-05
453, 1.11463, 4.06637e-05, -0.108933, 8.6778e-05
453, 1.12543, 3.94351e-05, -0.0811709, 8.6778e-05
443, 0.0430147, 2.1181e-09, 16507.6, 8.57815e-05
443, 0.0538544, 2.81347e-09, 12427.4, 8.57815e-05
443, 0.0646941, 3.73707e-09, 9355.79, 8.57815e-05
443, 0.0755338, 4.96375e-09, 7043.47, 8.57815e-05
443, 0.0863735, 6.59289e-09, 5302.74, 8.57815e-05
443, 0.0972133, 8.75638e-09, 3992.32, 8.57815e-05
443, 0.108053, 1.16292e-08, 3005.82, 8.57815e-05
443, 0.118893, 1.54435e-08, 2263.19, 8.57815e-05
443, 0.129732, 2.0507e-08, 1704.13, 8.57815e-05
443, 0.140572, 2.72272e-08, 1283.26, 8.57815e-05
443, 0.151412, 3.61439e-08, 966.438, 8.57815e-05
443, 0.162251, 4.79703e-08, 727.93, 8.57815e-05
443, 0.173091, 6.36481e-08, 548.38, 8.57815e-05
443, 0.183931, 8.44177e-08, 413.214, 8.57815e-05
443, 0.194771, 1.11908e-07, 311.461, 8.57815e-05
443, 0.20561, 1.48253e-07, 234.86, 8.57815e-05
443, 0.21645, 1.96229e-07, 177.195, 8.57815e-05
443, 0.22729, 2.59429e-07, 133.785, 8.57815e-05
443, 0.238129, 3.42461e-07, 101.105, 8.57815e-05
443, 0.248969, 4.51166e-07, 76.5036, 8.57815e-05
443, 0.259809, 5.92825e-07, 57.9836, 8.57815e-05
443, 0.270649, 7.76324e-07, 44.0417, 8.57815e-05
443, 0.281488, 1.01218e-06, 33.5462, 8.57815e-05
443, 0.292328, 1.31232e-06, 25.6451, 8.57815e-05
443, 0.303168, 1.68946e-06, 19.6972, 8.57815e-05
443, 0.314007, 2.15586e-06, 15.2195, 8.57815e-05
443, 0.324847, 2.72144e-06, 11.8487, 8.57815e-05
443, 0.335687, 3.39118e-06, 9.31117, 8.57815e-05
443, 0.346526, 4.16229e-06, 7.40089, 8.57815e-05
443, 0.357366, 5.02195e-06, 5.96283, 8.57815e-05
443, 0.368206, 5.94651e-06, 4.88025, 8.57815e-05
443, 0.379046, 6.90326e-06, 4.06528, 8.57815e-05
443, 0.389885, 7.85462e-06, 3.45177, 8.57815e-05
443, 0.400725, 8.76384e-06, 2.98992, 8.57815e-05
443, 0.411565, 9.60043e-06, 2.64223, 8.57815e-05
443, 0.422404, 1.03438e-05, 2.38049, 8.57815e-05
443, 0.433244, 1.0984e-05, 2.18345, 8.57815e-05
443, 0.444084, 1.15208e-05, 2.03512, 8.57815e-05
443, 0.454924, 1.19608e-05, 1.92346, 8.57815e-05
443, 0.465763, 1.23149e-05, 1.8394, 8.57815e-05
443, 0.476603, 1.25957e-05, 1.77612, 8.57815e-05
443, 0.487443, 1.28156e-05, 1.72848, 8.57815e-05
443, 0.498282, 1.29863e-05, 1.69262, 8.57815e-05
443, 0.509122, 1.31178e-05, 1.66562, 8.57815e-05
443, 0.519962, 1.32186e-05, 1.6453, 8.57815e-05
443, 0.530801, 1.32954e-05, 1.63, 8.57815e-05
443, 0.541641, 1.33539e-05, 1.61848, 8.57815e-05
443, 0.552481, 1.33983e-05, 1.60981, 8.57815e-05
443, 0.563321, 1.34319e-05, 1.60329, 8.57815e-05
443, 0.57416, 1.34572e-05, 1.59838, 8.57815e-05
443, 0.585, 1.34764e-05, 1.59468, 8.57815e-05
443, 0.59584, 1.34908e-05, 1.59191, 8.57815e-05
443, 0.606679, 1.35017e-05, 1.58982, 8.57815e-05
443, 0.617519, 1.35099e-05, 1.58825, 8.57815e-05
443, 0.628359, 1.3516e-05, 1.58708, 8.57815e-05
443, 0.639199, 1.35206e-05, 1.58621, 8.57815e-05
443, 0.650038, 1.35239e-05, 1.58556, 8.57815e-05
443, 0.660878, 1.35264e-05, 1.5851, 8.57815e-05
443, 0.671718, 1.35281e-05, 1.58476, 8.57815e-05
443, 0.682557, 1.35293e-05, 1.58454, 8.57815e-05
443, 0.693397, 1.35299e-05, 1.58442, 8.57815e-05
443, 0.704237, 1.35302e-05, 1.58437, 8.57815e-05
443, 0.715076, 1.353e-05, 1.58441, 8.57815e-05
443, 0.725916, 1.35294e-05, 1.58452, 8.57815e-05
443, 0.736756, 1.35283e-05, 1.58473, 8.57815e-05
443, 0.747596, 1.35266e-05, 1.58505, 8.57815e-05
443, 0.758435, 1.35243e-05, 1.5855, 8.57815e-05
443, 0.769275, 1.3521e-05, 1.58612, 8.57815e-05
443, 0.780115, 1.35166e-05, 1.58696, 8.57815e-05
443, 0.790954, 1.35107e-05, 1.5881, 8.57815e-05
443, 0.801794, 1.35028e-05, 1.58962, 8.57815e-05
443, 0.812634, 1.34922e-05, 1.59165, 8.57815e-05
443, 0.823474, 1.34781e-05, 1.59436, 8.57815e-05
443, 0.834313, 1.34593e-05, 1.59797, 8.57815e-05
443, 0.845153, 1.34343e-05, 1.60281, 8.57815e-05
443, 0.855993, 1.3401e-05, 1.60928, 8.57815e-05
443, 0.866832, 1.33566e-05, 1.61796, 8.57815e-05
443, 0.877672, 1.32973e-05, 1.62963, 8.57815e-05
443, 0.888512, 1.3218e-05, 1.64541, 8.57815e-05
443, 0.899351, 1.31118e-05, 1.66684, 8.57815e-05
443, 0.910191, 1.29691e-05, 1.69619, 8.57815e-05
443, 0.921031, 1.27766e-05, 1.73681, 8.57815e-05
443, 0.931871, 1.25156e-05, 1.79388, 8.57815e-05
443, 0.94271, 1.21592e-05, 1.87576, 8.57815e-05
443, 0.95355, 1.1668e-05, 1.99682, 8.57815e-05
443, 0.96439, 1.09818e-05, 2.18407, 8.57815e-05
443, 0.975229, 1.00053e-05, 2.49485, 8.57815e-05
443, 0.986069, 8.57804e-06, 3.07634, 8.57815e-05
443, 0.996909, 6.409e-06, 4.45592, 8.57815e-05
443, 1.00775, 2.9087e-06, 11.0215, 8.57815e-05
443, 1.01859, 8.78081e-09, 3641.41, 8.93822e-05
443, 1.02943, -1.66645e-05, -3.09829, 8.57815e-05
443, 1.04027, -6.11286e-05, -1.57202, 8.57815e-05
443, 1.05111, 0.000702459, -0.950222, 8.57815e-05
443, 1.06195, 9.27316e-05, -0.622923, 8.57815e-05
443, 1.07279, 6.10646e-05, -0.427377, 8.57815e-05
443, 1.08363, 5.00678e-05, -0.301607, 8.57815e-05
443, 1.09447, 4.46486e-05, -0.216841, 8.57815e-05
443, 1.10531, 4.15232e-05, -0.157894, 8.57815e-05
443, 1.11615, 3.95556e-05, -0.116003, 8.57815e-05
443, 1.12699, 3.82477e-05, -0.0857745, 8.57815e-05
428, 0.0407171, 2.06896e-09, 15895.5, 7.39436e-05
428, 0.0516028, 2.77913e-09, 11833.3, 7.39436e-05
428, 0.0624884, 3.73299e-09, 8809.42, 7.39436e-05
428, 0.0733741, 5.0141e-09, 6558.34, 7.39436e-05
428, 0.0842598, 6.73463e-09, 4882.59, 7.39436e-05
428, 0.0951454, 9.04512e-09, 3635.13, 7.39436e-05
428, 0.106031, 1.21475e-08, 2706.49, 7.39436e-05
428, 0.116917, 1.63126e-08, 2015.19, 7.39436e-05
428, 0.127802, 2.19032e-08, 1500.57, 7.39436e-05
428, 0.138688, 2.94054e-08, 1117.48, 7.39436e-05
428, 0.149574, 3.94689e-08, 832.293, 7.39436e-05
428, 0.160459, 5.29619e-08, 619.997, 7.39436e-05
428, 0.171345, 7.10411e-08, 461.96, 7.39436e-05
428, 0.182231, 9.52445e-08, 344.313, 7.39436e-05
428, 0.193116, 1.27609e-07, 256.734, 7.39436e-05
428, 0.204002, 1.70818e-07, 191.539, 7.39436e-05
428, 0.214888, 2.28388e-07, 143.006, 7.39436e-05
428, 0.225773, 3.04876e-07, 106.877, 7.39436e-05
428, 0.236659, 4.0613e-07, 79.9819, 7.39436e-05
428, 0.247545, 5.39515e-07, 59.9606, 7.39436e-05
428, 0.25843, 7.14108e-07, 45.0563, 7.39436e-05
428, 0.269316, 9.40734e-07, 33.9612, 7.39436e-05
428, 0.280202, 1.23172e-06, 25.7018, 7.39436e-05
428, 0.291087, 1.60019e-06, 19.5533, 7.39436e-05
428, 0.301973, 2.05863e-06, 14.9762, 7.39436e-05
428, 0.312859, 2.6167e-06, 11.5689, 7.39436e-05
428, 0.323744, 3.27826e-06, 9.0325, 7.39436e-05
428, 0.33463, 4.0383e-06, 7.14431, 7.39436e-05
428, 0.345516, 4.88063e-06, 5.73871, 7.39436e-05
428, 0.356401, 5.77779e-06, 4.69235, 7.39436e-05
428, 0.367287, 6.69375e-06, 3.91341, 7.39436e-05
428, 0.378173, 7.58942e-06, 3.33356, 7.39436e-05
428, 0.389058, 8.42901e-06, 2.9019, 7.39436e-05
428, 0.399944, 9.18547e-06, 2.58057, 7.39436e-05
428, 0.410829, 9.84305e-06, 2.34136, 7.39436e-05
428, 0.421715, 1.03972e-05, 2.16329, 7.39436e-05
428, 0.432601, 1.08519e-05, 2.03073, 7.39436e-05
428, 0.443486, 1.12171e-05, 1.93205, 7.39436e-05
428, 0.454372, 1.15054e-05, 1.85859, 7.39436e-05
428, 0.465258, 1.17298e-05, 1.8039, 7.39436e-05
428, 0.476143, 1.19026e-05, 1.76319, 7.39436e-05
428, 0.487029, 1.20346e-05, 1.73289, 7.39436e-05
428, 0.497915, 1.21348e-05, 1.71033, 7.39436e-05
428, 0.5088, 1.22104e-05, 1.69353, 7.39436e-05
428, 0.519686, 1.22673e-05, 1.68103, 7.39436e-05
428, 0.530572, 1.23101e-05, 1.67173, 7.39436e-05
428, 0.541457, 1.23421e-05, 1.6648, 7.39436e-05
428, 0.552343, 1.2366e-05, 1.65964, 7.39436e-05
428, 0.563229, 1.23839e-05, 1.65581, 7.39436e-05
428, 0.574114, 1.23972e-05, 1.65295, 7.39436e-05
428, 0.585, 1.24071e-05, 1.65083, 7.39436e-05
428, 0.595886, 1.24145e-05, 1.64925, 7.39436e-05
428, 0.606771, 1.242e-05, 1.64807, 7.39436e-05
428, 0.617657, 1.24241e-05, 1.6472, 7.39436e-05
428, 0.628543, 1.24271e-05, 1.64656, 7.39436e-05
428, 0.639428, 1.24294e-05, 1.64609, 7.39436e-05
428, 0.650314, 1.2431e-05, 1.64574, 7.39436e-05
428, 0.6612, 1.24321e-05, 1.6455, 7.39436e-05
428, 0.672085, 1.24329e-05, 1.64533, 7.39436e-05
428, 0.682971, 1.24334e-05, 1.64523, 7.39436e-05
428, 0.693857, 1.24337e-05, 1.64517, 7.39436e-05
428, 0.704742, 1.24337e-05, 1.64517, 7.39436e-05
428, 0.715628, 1.24335e-05, 1.64521, 7.39436e-05
428, 0.726514, 1.2433e-05, 1.64531, 7.39436e-05
428, 0.737399, 1.24323e-05, 1.64547, 7.39436e-05
428, 0.748285, 1.24312e-05, 1.6457, 7.39436e-05
428, 0.759171, 1.24296e-05, 1.64603, 7.39436e-05
428, 0.770056, 1.24275e-05, 1.64649, 7.39436e-05
428, 0.780942, 1.24246e-05, 1.6471, 7.39436e-05
428, 0.791827, 1.24207e-05, 1.64794, 7.39436e-05
428, 0.802713, 1.24154e-05, 1.64907, 7.39436e-05
428, 0.813599, 1.24082e-05, 1.65059, 7.39436e-05
428, 0.824484, 1.23986e-05, 1.65265, 7.39436e-05
428, 0.83537, 1.23857e-05, 1.65542, 7.39436e-05
428, 0.846256, 1.23683e-05, 1.65915, 7.39436e-05
428, 0.857141, 1.23449e-05, 1.6642, 7.39436e-05
428, 0.868027, 1.23133e-05, 1.67103, 7.39436e-05
428, 0.878913, 1.22708e-05, 1.68029, 7.39436e-05
428, 0.889798, 1.22133e-05, 1.69289, 7.39436e-05
428, 0.900684, 1.21357e-05, 1.71012, 7.39436e-05
428, 0.91157, 1.20304e-05, 1.73383, 7.39436e-05
428, 0.922455, 1.18874e-05, 1.76673, 7.39436e-05
428, 0.933341, 1.16921e-05, 1.81295, 7.39436e-05
428, 0.944227, 1.14239e-05, 1.87898, 7.39436e-05
428, 0.955112, 1.10528e-05, 1.97563, 7.39436e-05
428, 0.965998, 1.05337e-05, 2.12228, 7.39436e-05
428, 0.976884, 9.79617e-06, 2.35735, 7.39436e-05
428, 0.987769, 8.7253e-06, 2.7694, 7.39436e-05
428, 0.998655, 7.12007e-06, 3.61922, 7.39436e-05
428, 1.00954, 4.59516e-06, 6.15735, 7.39436e-05
428, 1.02043, 3.06586e-07, 106.276, 7.39436e-05
428, 1.03131, -8.02369e-06, -5.09901, 7.39436e-05
428, 1.0422, -2.94251e-05, -2.11772, 7.39436e-05
428, 1.05308, -0.000176705, -1.18613, 7.39436e-05
428, 1.06397, 0.000129257, -0.745552, 7.39436e-05
428, 1.07485, 6.54352e-05, -0.497378, 7.39436e-05
428, 1.08574, 5.01125e-05, -0.343693, 7.39436e-05
428, 1.09663, 4.34399e-05, -0.24288, 7.39436e-05
428, 1.10751, 3.98285e-05, -0.174229, 7.39436e-05
428, 1.1184, 3.76427e-05, -0.126281, 7.39436e-05
428, 1.12928, 3.62294e-05, -0.0921968, 7.39436e-05
418, 0.0392051, 1.96943e-09, 16376.8, 8.58508e-05
418, 0.050121, 2.6664e-09, 12095.8, 8.58508e-05
418, 0.0610369, 3.60996e-09, 8934, 8.58508e-05
418, 0.0719528, 4.88726e-09, 6598.81, 8.58508e-05
418, 0.0828687, 6.61624e-09, 4874.12, 8.58508e-05
418, 0.0937846, 8.95641e-09, 3600.33, 8.58508e-05
418, 0.104701, 1.21234e-08, 2659.55, 8.58508e-05
418, 0.115616, 1.64086e-08, 1964.73, 8.58508e-05
418, 0.126532, 2.22056e-08, 1451.56, 8.58508e-05
418, 0.137448, 3.00451e-08, 1072.55, 8.58508e-05
418, 0.148364, 4.06424e-08, 792.628, 8.58508e-05
418, 0.15928, 5.49594e-08, 585.887, 8.58508e-05
418, 0.170196, 7.42866e-08, 433.197, 8.58508e-05
418, 0.181112, 1.0035e-07, 320.425, 8.58508e-05
418, 0.192028, 1.35448e-07, 237.135, 8.58508e-05
418, 0.202944, 1.82622e-07, 175.621, 8.58508e-05
418, 0.21386, 2.45866e-07, 130.189, 8.58508e-05
418, 0.224775, 3.30365e-07, 96.6344, 8.58508e-05
418, 0.235691, 4.42745e-07, 71.8522, 8.58508e-05
418, 0.246607, 5.91303e-07, 53.549, 8.58508e-05
418, 0.257523, 7.86114e-07, 40.0309, 8.58508e-05
418, 0.268439, 1.03891e-06, 30.0469, 8.58508e-05
418, 0.279355, 1.36251e-06, 22.6732, 8.58508e-05
418, 0.290271, 1.76961e-06, 17.2271, 8.58508e-05
418, 0.301187, 2.27069e-06, 13.2049, 8.58508e-05
418, 0.312103, 2.87113e-06, 10.2343, 8.58508e-05
418, 0.323018, 3.56794e-06, 8.04023, 8.58508e-05
418, 0.333934, 4.34715e-06, 6.4198, 8.58508e-05
418, 0.34485, 5.18317e-06, 5.22302, 8.58508e-05
418, 0.355766, 6.04126e-06, 4.33911, 8.58508e-05
418, 0.366682, 6.88283e-06, 3.68629, 8.58508e-05
418, 0.377598, 7.67218e-06, 3.20414, 8.58508e-05
418, 0.388514, 8.38216e-06, 2.84805, 8.58508e-05
418, 0.39943, 8.99708e-06, 2.58505, 8.58508e-05
418, 0.410346, 9.51248e-06, 2.3908, 8.58508e-05
418, 0.421262, 9.93272e-06, 2.24734, 8.58508e-05
418, 0.432177, 1.02677e-05, 2.14139, 8.58508e-05
418, 0.443093, 1.053e-05, 2.06314, 8.58508e-05
418, 0.454009, 1.07325e-05, 2.00534, 8.58508e-05
418, 0.464925, 1.08872e-05, 1.96265, 8.58508e-05
418, 0.475841, 1.10043e-05, 1.93113, 8.58508e-05
418, 0.486757, 1.10924e-05, 1.90785, 8.58508e-05
418, 0.497673, 1.11584e-05, 1.89065, 8.58508e-05
418, 0.508589, 1.12076e-05, 1.87795, 8.58508e-05
418, 0.519505, 1.12443e-05, 1.86857, 8.58508e-05
418, 0.530421, 1.12715e-05, 1.86164, 8.58508e-05
418, 0.541336, 1.12917e-05, 1.85652, 8.58508e-05
418, 0.552252, 1.13066e-05, 1.85275, 8.58508e-05
418, 0.563168, 1.13177e-05, 1.84996, 8.58508e-05
418, 0.574084, 1.13259e-05, 1.8479, 8.58508e-05
418, 0.585, 1.13319e-05, 1.84638, 8.58508e-05
418, 0.595916, 1.13364e-05, 1.84526, 8.58508e-05
418, 0.606832, 1.13397e-05, 1.84443, 8.58508e-05
418, 0.617748, 1.13421e-05, 1.84382, 8.58508e-05
418, 0.628664, 1.13439e-05, 1.84338, 8.58508e-05
418, 0.639579, 1.13452e-05, 1.84305, 8.58508e-05
418, 0.650495, 1.13461e-05, 1.84282, 8.58508e-05
418, 0.661411, 1.13468e-05, 1.84266, 8.58508e-05
418, 0.672327, 1.13472e-05, 1.84255, 8.58508e-05
418, 0.683243, 1.13474e-05, 1.84249, 8.58508e-05
418, 0.694159, 1.13475e-05, 1.84247, 8.58508e-05
418, 0.705075, 1.13475e-05, 1.84248, 8.58508e-05
418, 0.715991, 1.13472e-05, 1.84254, 8.58508e-05
418, 0.726907, 1.13469e-05, 1.84264, 8.58508e-05
418, 0.737823, 1.13463e-05, 1.84278, 8.58508e-05
418, 0.748738, 1.13454e-05, 1.843, 8.58508e-05
418, 0.759654, 1.13442e-05, 1.8433, 8.58508e-05
418, 0.77057, 1.13425e-05, 1.84372, 8.58508e-05
418, 0.781486, 1.13402e-05, 1.84429, 8.58508e-05
418, 0.792402, 1.13371e-05, 1.84507, 8.58508e-05
418, 0.803318, 1.13329e-05, 1.84613, 8.58508e-05
418, 0.814234, 1.13272e-05, 1.84756, 8.58508e-05
418, 0.82515, 1.13195e-05, 1.84951, 8.58508e-05
418, 0.836066, 1.1309e-05, 1.85216, 8.58508e-05
418, 0.846982, 1.12947e-05, 1.85576, 8.58508e-05
418, 0.857897, 1.12754e-05, 1.86065, 8.58508e-05
418, 0.868813, 1.12492e-05, 1.86732, 8.58508e-05
418, 0.879729, 1.12136e-05, 1.87642, 8.58508e-05
418, 0.890645, 1.11652e-05, 1.88889, 8.58508e-05
418, 0.901561, 1.10993e-05, 1.90604, 8.58508e-05
418, 0.912477, 1.10094e-05, 1.92976, 8.58508e-05
418, 0.923393, 1.08865e-05, 1.96284, 8.58508e-05
418, 0.934309, 1.07178e-05, 2.00947, 8.58508e-05
418, 0.945225, 1.04851e-05, 2.07626, 8.58508e-05
418, 0.95614, 1.01619e-05, 2.1741, 8.58508e-05
418, 0.967056, 9.70868e-06, 2.32228, 8.58508e-05
418, 0.977972, 9.06454e-06, 2.55837, 8.58508e-05
418, 0.988888, 8.13138e-06, 2.96673, 8.58508e-05
418, 0.999804, 6.74131e-06, 3.78467, 8.58508e-05
418, 1.01072, 4.58229e-06, 6.03904, 8.58508e-05
418, 1.02164, 1.00136e-06, 31.2112, 8.58508e-05
418, 1.03255, -5.63782e-06, -6.72118, 8.58508e-05
418, 1.04347, -2.09372e-05, -2.54056, 8.58508e-05
418, 1.05438, -8.50829e-05, -1.3791, 8.58508e-05
418, 1.0653, 0.000217682, -0.851825, 8.58508e-05
418, 1.07622, 7.35192e-05, -0.561272, 8.58508e-05
418, 1.08713, 5.23577e-05, -0.38395, 8.58508e-05
418, 1.09805, 4.41194e-05, -0.268917, 8.58508e-05
418, 1.10896, 3.98855e-05, -0.191311, 8.58508e-05
418, 1.11988, 3.73997e-05, -0.13756, 8.58508e-05
418, 1.13079, 3.5825e-05, -0.0996513, 8.58508e-05
408, 0.0377095, 1.99106e-09, 15205.4, 5.83753e-05
408, 0.0486553, 2.71809e-09, 11138.1, 5.83753e-05
408, 0.0596011, 3.7105e-09, 8158.81, 5.83753e-05
408, 0.0705469, 5.06508e-09, 5976.59, 5.83753e-05
408, 0.0814928, 6.91386e-09, 4378.17, 5.83753e-05
408, 0.0924386, 9.43687e-09, 3207.37, 5.83753e-05
408, 0.103384, 1.28795e-08, 2349.78, 5.83753e-05
408, 0.11433, 1.7576e-08, 1721.63, 5.83753e-05
408, 0.125276, 2.39814e-08, 1261.52, 5.83753e-05
408, 0.136222, 3.27142e-08, 924.499, 5.83753e-05
408, 0.147168, 4.46141e-08, 677.642, 5.83753e-05
408, 0.158113, 6.08185e-08, 496.825, 5.83753e-05
408, 0.169059, 8.2864e-08, 364.381, 5.83753e-05
408, 0.180005, 1.12818e-07, 267.37, 5.83753e-05
408, 0.190951, 1.53448e-07, 196.311, 5.83753e-05
408, 0.201897, 2.08429e-07, 144.263, 5.83753e-05
408, 0.212842, 2.82597e-07, 106.138, 5.83753e-05
408, 0.223788, 3.82221e-07, 78.2133, 5.83753e-05
408, 0.234734, 5.15274e-07, 57.7589, 5.83753e-05
408, 0.24568, 6.91624e-07, 42.7766, 5.83753e-05
408, 0.256626, 9.23009e-07, 31.8025, 5.83753e-05
408, 0.267572, 1.22261e-06, 23.7642, 5.83753e-05
408, 0.278517, 1.60396e-06, 17.8763, 5.83753e-05
408, 0.289463, 2.07894e-06, 13.5636, 5.83753e-05
408, 0.300409, 2.65478e-06, 10.4047, 5.83753e-05
408, 0.311355, 3.33048e-06, 8.09086, 5.83753e-05
408, 0.322301, 4.09368e-06, 6.39603, 5.83753e-05
408, 0.333246, 4.9194e-06, 5.15461, 5.83753e-05
408, 0.344192, 5.77221e-06, 4.2453, 5.83753e-05
408, 0.355138, 6.61176e-06, 3.57926, 5.83753e-05
408, 0.366084, 7.40015e-06, 3.0914, 5.83753e-05
408, 0.37703, 8.10834e-06, 2.73405, 5.83753e-05
408, 0.387975, 8.71956e-06, 2.4723, 5.83753e-05
408, 0.398921, 9.22914e-06, 2.28058, 5.83753e-05
408, 0.409867, 9.64188e-06, 2.14015, 5.83753e-05
408, 0.420813, 9.96842e-06, 2.03729, 5.83753e-05
408, 0.431759, 1.0222e-05, 1.96194, 5.83753e-05
408, 0.442704, 1.04161e-05, 1.90675, 5.83753e-05
408, 0.45365, 1.0563e-05, 1.86633, 5.83753e-05
408, 0.464596, 1.06732e-05, 1.83672, 5.83753e-05
408, 0.475542, 1.07555e-05, 1.81503, 5.83753e-05
408, 0.486488, 1.08165e-05, 1.79915, 5.83753e-05
408, 0.497434, 1.08616e-05, 1.78751, 5.83753e-05
408, 0.508379, 1.0895e-05, 1.77899, 5.83753e-05
408, 0.519325, 1.09195e-05, 1.77275, 5.83753e-05
408, 0.530271, 1.09375e-05, 1.76817, 5.83753e-05
408, 0.541217, 1.09508e-05, 1.76482, 5.83753e-05
408, 0.552163, 1.09605e-05, 1.76237, 5.83753e-05
408, 0.563108, 1.09676e-05, 1.76058, 5.83753e-05
408, 0.574054, 1.09729e-05, 1.75926, 5.83753e-05
408, 0.585, 1.09767e-05, 1.7583, 5.83753e-05
408, 0.595946, 1.09795e-05, 1.75759, 5.83753e-05
408, 0.606892, 1.09815e-05, 1.75708, 5.83753e-05
408, 0.617837, 1.0983e-05, 1.7567, 5.83753e-05
408, 0.628783, 1.09841e-05, 1.75643, 5.83753e-05
408, 0.639729, 1.09849e-05, 1.75624, 5.83753e-05
408, 0.650675, 1.09855e-05, 1.7561, 5.83753e-05
408, 0.661621, 1.09858e-05, 1.756, 5.83753e-05
408, 0.672566, 1.09861e-05, 1.75594, 5.83753e-05
408, 0.683512, 1.09862e-05, 1.7559, 5.83753e-05
408, 0.694458, 1.09863e-05, 1.75589, 5.83753e-05
408, 0.705404, 1.09862e-05, 1.75591, 5.83753e-05
408, 0.71635, 1.0986e-05, 1.75595, 5.83753e-05
408, 0.727296, 1.09858e-05, 1.75602, 5.83753e-05
408, 0.738241, 1.09854e-05, 1.75612, 5.83753e-05
408, 0.749187, 1.09848e-05, 1.75627, 5.83753e-05
408, 0.760133, 1.09839e-05, 1.75648, 5.83753e-05
408, 0.771079, 1.09828e-05, 1.75677, 5.83753e-05
408, 0.782025, 1.09812e-05, 1.75717, 5.83753e-05
408, 0.79297, 1.0979e-05, 1.75771, 5.83753e-05
408, 0.803916, 1.0976e-05, 1.75846, 5.83753e-05
408, 0.814862, 1.09719e-05, 1.75949, 5.83753e-05
408, 0.825808, 1.09664e-05, 1.76089, 5.83753e-05
408, 0.836754, 1.09587e-05, 1.76282, 5.83753e-05
408, 0.847699, 1.09483e-05, 1.76544, 5.83753e-05
408, 0.858645, 1.09341e-05, 1.76905, 5.83753e-05
408, 0.869591, 1.09146e-05, 1.77399, 5.83753e-05
408, 0.880537, 1.08879e-05, 1.78078, 5.83753e-05
408, 0.891483, 1.08514e-05, 1.79014, 5.83753e-05
408, 0.902428, 1.08013e-05, 1.80308, 5.83753e-05
408, 0.913374, 1.07325e-05, 1.82104, 5.83753e-05
408, 0.92432, 1.06378e-05, 1.84615, 5.83753e-05
408, 0.935266, 1.05071e-05, 1.88158, 5.83753e-05
408, 0.946212, 1.03257e-05, 1.9322, 5.83753e-05
408, 0.957158, 1.00726e-05, 2.00587, 5.83753e-05
408, 0.968103, 9.71657e-06, 2.11601, 5.83753e-05
408, 0.979049, 9.20972e-06, 2.2875, 5.83753e-05
408, 0.989995, 8.476e-06, 2.57208, 5.83753e-05
408, 1.00094, 7.38767e-06, 3.09831, 5.83753e-05
408, 1.01189, 5.71356e-06, 4.29914, 5.83753e-05
408, 1.02283, 2.98877e-06, 9.13023, 5.83753e-05
408, 1.03378, 7.72316e-09, 3671.05, 6.05906e-05
408, 1.04472, -1.22413e-05, -3.47335, 5.83753e-05
408, 1.05567, -4.56231e-05, -1.66363, 5.83753e-05
408, 1.06662, 0.00108636, -0.97213, 5.83753e-05
408, 1.07756, 7.9716e-05, -0.62019, 5.83753e-05
408, 1.08851, 5.17598e-05, -0.415049, 5.83753e-05
408, 1.09945, 4.24005e-05, -0.285929, 5.83753e-05
408, 1.1104, 3.7879e-05, -0.200692, 5.83753e-05
408, 1.12134, 3.53142e-05, -0.14264, 5.83753e-05
408, 1.13229, 3.37257e-05, -0.102257, 5.83753e-05
398, 0.0362307, 1.76028e-09, 17554.9, 9.67856e-05
398, 0.0472061, 2.42398e-09, 12747.9, 9.67856e-05
398, 0.0581815, 3.33784e-09, 9257.44, 9.67856e-05
398, 0.0691569, 4.59606e-09, 6722.84, 9.67856e-05
398, 0.0801322, 6.32826e-09, 4882.36, 9.67856e-05
398, 0.0911076, 8.71268e-09, 3545.92, 9.67856e-05
398, 0.102083, 1.19944e-08, 2575.47, 9.67856e-05
398, 0.113058, 1.65099e-08, 1870.79, 9.67856e-05
398, 0.124034, 2.27213e-08, 1359.1, 9.67856e-05
398, 0.135009, 3.12617e-08, 987.533, 9.67856e-05
398, 0.145985, 4.29972e-08, 717.725, 9.67856e-05
398, 0.15696, 5.91102e-08, 521.806, 9.67856e-05
398, 0.167935, 8.12084e-08, 379.542, 9.67856e-05
398, 0.178911, 1.11468e-07, 276.238, 9.67856e-05
398, 0.189886, 1.52816e-07, 201.225, 9.67856e-05
398, 0.200861, 2.09152e-07, 146.755, 9.67856e-05
398, 0.211837, 2.85608e-07, 107.202, 9.67856e-05
398, 0.222812, 3.88815e-07, 78.4805, 9.67856e-05
398, 0.233788, 5.27133e-07, 57.625, 9.67856e-05
398, 0.244763, 7.10729e-07, 42.4809, 9.67856e-05
398, 0.255738, 9.51329e-07, 31.4842, 9.67856e-05
398, 0.266714, 1.2614e-06, 23.4991, 9.67856e-05
398, 0.277689, 1.65251e-06, 17.7007, 9.67856e-05
398, 0.288665, 2.13268e-06, 13.4903, 9.67856e-05
398, 0.29964, 2.70299e-06, 10.433, 9.67856e-05
398, 0.310615, 3.35434e-06, 8.2129, 9.67856e-05
398, 0.321591, 4.06577e-06, 6.60082, 9.67856e-05
398, 0.332566, 4.80593e-06, 5.43022, 9.67856e-05
398, 0.343542, 5.53801e-06, 4.5802, 9.67856e-05
398, 0.354517, 6.22676e-06, 3.96296, 9.67856e-05
398, 0.365492, 6.84492e-06, 3.51476, 9.67856e-05
398, 0.376468, 7.37668e-06, 3.18931, 9.67856e-05
398, 0.387443, 7.81769e-06, 2.95298, 9.67856e-05
398, 0.398418, 8.17247e-06, 2.78138, 9.67856e-05
398, 0.409394, 8.45096e-06, 2.65677, 9.67856e-05
398, 0.420369, 8.66538e-06, 2.56628, 9.67856e-05
398, 0.431345, 8.82802e-06, 2.50058, 9.67856e-05
398, 0.44232, 8.95001e-06, 2.45287, 9.67856e-05
398, 0.453295, 9.04072e-06, 2.41822, 9.67856e-05
398, 0.464271, 9.10775e-06, 2.39307, 9.67856e-05
398, 0.475246, 9.15705e-06, 2.3748, 9.67856e-05
398, 0.486222, 9.19318e-06, 2.36153, 9.67856e-05
398, 0.497197, 9.2196e-06, 2.3519, 9.67856e-05
398, 0.508172, 9.23888e-06, 2.34491, 9.67856e-05
398, 0.519148, 9.25293e-06, 2.33983, 9.67856e-05
398, 0.530123, 9.26315e-06, 2.33614, 9.67856e-05
398, 0.541098, 9.27059e-06, 2.33346, 9.67856e-05
398, 0.552074, 9.276e-06, 2.33152, 9.67856e-05
398, 0.563049, 9.27993e-06, 2.33011, 9.67856e-05
398, 0.574025, 9.28279e-06, 2.32908, 9.67856e-05
398, 0.585, 9.28486e-06, 2.32834, 9.67856e-05
398, 0.595975, 9.28636e-06, 2.3278, 9.67856e-05
398, 0.606951, 9.28745e-06, 2.32741, 9.67856e-05
398, 0.617926, 9.28824e-06, 2.32713, 9.67856e-05
398, 0.628902, 9.2888e-06, 2.32693, 9.67856e-05
398, 0.639877, 9.2892e-06, 2.32679, 9.67856e-05
398, 0.650852, 9.28947e-06, 2.32669, 9.67856e-05
398, 0.661828, 9.28966e-06, 2.32662, 9.67856e-05
398, 0.672803, 9.28976e-06, 2.32658, 9.67856e-05
398, 0.683778, 9.2898e-06, 2.32657, 9.67856e-05
398, 0.694754, 9.28978e-06, 2.32658, 9.67856e-05
398, 0.705729, 9.2897e-06, 2.32661, 9.67856e-05
398, 0.716705, 9.28955e-06, 2.32666, 9.67856e-05
398, 0.72768, 9.28931e-06, 2.32675, 9.67856e-05
398, 0.738655, 9.28897e-06, 2.32687, 9.67856e-05
398, 0.749631, 9.28847e-06, 2.32705, 9.67856e-05
398, 0.760606, 9.28778e-06, 2.3273, 9.67856e-05
398, 0.771582, 9.28681e-06, 2.32764, 9.67856e-05
398, 0.782557, 9.28548e-06, 2.32812, 9.67856e-05
398, 0.793532, 9.28364e-06, 2.32878, 9.67856e-05
398, 0.804508, 9.2811e-06, 2.32969, 9.67856e-05
398, 0.815483, 9.27761e-06, 2.33094, 9.67856e-05
398, 0.826458, 9.27279e-06, 2.33267, 9.67856e-05
398, 0.837434, 9.26614e-06, 2.33506, 9.67856e-05
398, 0.848409, 9.25699e-06, 2.33836, 9.67856e-05
398, 0.859385, 9.24437e-06, 2.34292, 9.67856e-05
398, 0.87036, 9.22696e-06, 2.34923, 9.67856e-05
398, 0.881335, 9.20295e-06, 2.35797, 9.67856e-05
398, 0.892311, 9.16978e-06, 2.37011, 9.67856e-05
398, 0.903286, 9.12395e-06, 2.38704, 9.67856e-05
398, 0.914262, 9.06051e-06, 2.41075, 9.67856e-05
398, 0.925237, 8.97254e-06, 2.44419, 9.67856e-05
398, 0.936212, 8.85023e-06, 2.49179, 9.67856e-05
398, 0.947188, 8.67953e-06, 2.56047, 9.67856e-05
398, 0.958163, 8.44009e-06, 2.66148, 9.67856e-05
398, 0.969139, 8.10177e-06, 2.81437, 9.67856e-05
398, 0.980114, 7.61882e-06, 3.05616, 9.67856e-05
398, 0.991089, 6.91923e-06, 3.46627, 9.67856e-05
398, 1.00206, 5.88403e-06, 4.25205, 9.67856e-05
398, 1.01304, 4.30288e-06, 6.18198, 9.67856e-05
398, 1.02402, 1.7671e-06, 16.4881, 9.67856e-05
398, 1.03499, 3.74068e-09, 7440.79, 0.000101095
398, 1.04597, -1.14504e-05, -3.69888, 9.67856e-05
398, 1.05694, -3.54741e-05, -1.87115, 9.67856e-05
398, 1.06792, -0.000272384, -1.11345, 9.67856e-05
398, 1.07889, 0.000108367, -0.714828, 9.67856e-05
398, 1.08987, 5.92897e-05, -0.478777, 9.67856e-05
398, 1.10084, 4.6063e-05, -0.32911, 9.67856e-05
398, 1.11182, 4.01375e-05, -0.230067, 9.67856e-05
398, 1.12279, 3.69062e-05, -0.162656, 9.67856e-05
398, 1.13377, 3.49541e-05, -0.115892, 9.67856e-05
383, 0.0340451, 1.83654e-09, 14966.7, 4.42237e-05
383, 0.0450642, 2.56427e-09, 10719, 4.42237e-05
383, 0.0560833, 3.58024e-09, 7676.93, 4.42237e-05
383, 0.0671024, 4.99851e-09, 5498.4, 4.42237e-05
383, 0.0781215, 6.9782e-09, 3938.24, 4.42237e-05
383, 0.0891406, 9.7411e-09, 2820.94, 4.42237e-05
383, 0.10016, 1.35963e-08, 2020.79, 4.42237e-05
383, 0.111179, 1.8974e-08, 1447.76, 4.42237e-05
383, 0.122198, 2.64725e-08, 1037.39, 4.42237e-05
383, 0.133217, 3.69223e-08, 743.504, 4.42237e-05
383, 0.144236, 5.14736e-08, 533.037, 4.42237e-05
383, 0.155255, 7.17139e-08, 382.312, 4.42237e-05
383, 0.166274, 9.98247e-08, 274.371, 4.42237e-05
383, 0.177293, 1.38784e-07, 197.069, 4.42237e-05
383, 0.188312, 1.92621e-07, 141.709, 4.42237e-05
383, 0.199332, 2.66717e-07, 102.064, 4.42237e-05
383, 0.210351, 3.6813e-07, 73.6715, 4.42237e-05
383, 0.22137, 5.0588e-07, 53.3386, 4.42237e-05
383, 0.232389, 6.9107e-07, 38.7772, 4.42237e-05
383, 0.243408, 9.36616e-07, 28.3491, 4.42237e-05
383, 0.254427, 1.25629e-06, 20.881, 4.42237e-05
383, 0.265446, 1.66269e-06, 15.5328, 4.42237e-05
383, 0.276465, 2.16403e-06, 11.7026, 4.42237e-05
383, 0.287484, 2.76001e-06, 8.95969, 4.42237e-05
383, 0.298503, 3.4381e-06, 6.99535, 4.42237e-05
383, 0.309523, 4.17219e-06, 5.58858, 4.42237e-05
383, 0.320542, 4.92531e-06, 4.58113, 4.42237e-05
383, 0.331561, 5.65654e-06, 3.85965, 4.42237e-05
383, 0.34258, 6.32951e-06, 3.34296, 4.42237e-05
383, 0.353599, 6.91902e-06, 2.97294, 4.42237e-05
383, 0.364618, 7.41349e-06, 2.70794, 4.42237e-05
383, 0.375637, 7.81338e-06, 2.51817, 4.42237e-05
383, 0.386656, 8.12734e-06, 2.38226, 4.42237e-05
383, 0.397675, 8.36815e-06, 2.28493, 4.42237e-05
383, 0.408694, 8.54956e-06, 2.21523, 4.42237e-05
383, 0.419714, 8.68438e-06, 2.16532, 4.42237e-05
383, 0.430733, 8.78358e-06, 2.12957, 4.42237e-05
383, 0.441752, 8.85602e-06, 2.10397, 4.42237e-05
383, 0.452771, 8.90864e-06, 2.08563, 4.42237e-05
383, 0.46379, 8.94671e-06, 2.0725, 4.42237e-05
383, 0.474809, 8.97418e-06, 2.0631, 4.42237e-05
383, 0.485828, 8.99395e-06, 2.05637, 4.42237e-05
383, 0.496847, 9.00816e-06, 2.05155, 4.42237e-05
383, 0.507866, 9.01837e-06, 2.04809, 4.42237e-05
383, 0.518885, 9.02569e-06, 2.04562, 4.42237e-05
383, 0.529905, 9.03094e-06, 2.04385, 4.42237e-05
383, 0.540924, 9.03471e-06, 2.04258, 4.42237e-05
383, 0.551943, 9.03741e-06, 2.04167, 4.42237e-05
383, 0.562962, 9.03934e-06, 2.04102, 4.42237e-05
383, 0.573981, 9.04072e-06, 2.04056, 4.42237e-05
383, 0.585, 9.04171e-06, 2.04022, 4.42237e-05
383, 0.596019, 9.04242e-06, 2.03998, 4.42237e-05
383, 0.607038, 9.04293e-06, 2.03981, 4.42237e-05
383, 0.618057, 9.04329e-06, 2.03969, 4.42237e-05
383, 0.629076, 9.04354e-06, 2.03961, 4.42237e-05
383, 0.640095, 9.04372e-06, 2.03955, 4.42237e-05
383, 0.651115, 9.04384e-06, 2.03951, 4.42237e-05
383, 0.662134, 9.04392e-06, 2.03948, 4.42237e-05
383, 0.673153, 9.04396e-06, 2.03947, 4.42237e-05
383, 0.684172, 9.04397e-06, 2.03946, 4.42237e-05
383, 0.695191, 9.04396e-06, 2.03947, 4.42237e-05
383, 0.70621, 9.04392e-06, 2.03948, 4.42237e-05
383, 0.717229, 9.04384e-06, 2.03951, 4.42237e-05
383, 0.728248, 9.04372e-06, 2.03955, 4.42237e-05
383, 0.739267, 9.04354e-06, 2.03961, 4.42237e-05
383, 0.750286, 9.04328e-06, 2.03969, 4.42237e-05
383, 0.761306, 9.04292e-06, 2.03982, 4.42237e-05
383, 0.772325, 9.04241e-06, 2.03999, 4.42237e-05
383, 0.783344, 9.0417e-06, 2.04023, 4.42237e-05
383, 0.794363, 9.0407e-06, 2.04056, 4.42237e-05
383, 0.805382, 9.03931e-06, 2.04103, 4.42237e-05
383, 0.816401, 9.03736e-06, 2.04169, 4.42237e-05
383, 0.82742, 9.03464e-06, 2.0426, 4.42237e-05
383, 0.838439, 9.03085e-06, 2.04388, 4.42237e-05
383, 0.849458, 9.02554e-06, 2.04567, 4.42237e-05
383, 0.860477, 9.01813e-06, 2.04817, 4.42237e-05
383, 0.871497, 9.00776e-06, 2.05168, 4.42237e-05
383, 0.882516, 8.99327e-06, 2.0566, 4.42237e-05
383, 0.893535, 8.973e-06, 2.0635, 4.42237e-05
383, 0.904554, 8.94462e-06, 2.07322, 4.42237e-05
383, 0.915573, 8.90484e-06, 2.08695, 4.42237e-05
383, 0.926592, 8.84901e-06, 2.10643, 4.42237e-05
383, 0.937611, 8.77049e-06, 2.13424, 4.42237e-05
383, 0.94863, 8.65973e-06, 2.17433, 4.42237e-05
383, 0.959649, 8.50286e-06, 2.23289, 4.42237e-05
383, 0.970668, 8.27939e-06, 2.32015, 4.42237e-05
383, 0.981688, 7.95839e-06, 2.45407, 4.42237e-05
383, 0.992707, 7.49178e-06, 2.6692, 4.42237e-05
383, 1.00373, 6.80164e-06, 3.0415, 4.42237e-05
383, 1.01474, 5.75423e-06, 3.77715, 4.42237e-05
383, 1.02576, 4.1007e-06, 5.70345, 4.42237e-05
383, 1.03678, 1.32081e-06, 19.8121, 4.42237e-05
383, 1.0478, -3.88658e-06, -8.07276, 4.42237e-05
383, 1.05882, -1.59598e-05, -2.72238, 4.42237e-05
383, 1.06984, -6.64168e-05, -1.41388, 4.42237e-05
383, 1.08086, 0.00017856, -0.846053, 4.42237e-05
383, 1.09188, 6.00279e-05, -0.542066, 4.42237e-05
383, 1.1029, 4.30161e-05, -0.360965, 4.42237e-05
383, 1.11392, 3.6464e-05, -0.246138, 4.42237e-05
383, 1.12494, 3.31363e-05, -0.170432, 4.42237e-05
383, 1.13595, 3.12099e-05, -0.119226, 4.42237e-05
373, 0.0326105, 1.64674e-09, 16106.7, 6.11913e-05
373, 0.0436583, 2.32199e-09, 11422.5, 6.11913e-05
373, 0.0547061, 3.274e-09, 8100.8, 6.11913e-05
373, 0.0657539, 4.61611e-09, 5745.25, 6.11913e-05
373, 0.0768017, 6.50792e-09, 4074.85, 6.11913e-05
373, 0.0878495, 9.17413e-09, 2890.32, 6.11913e-05
373, 0.0988973, 1.29308e-08, 2050.33, 6.11913e-05
373, 0.109945, 1.82222e-08, 1454.66, 6.11913e-05
373, 0.120993, 2.56716e-08, 1032.25, 6.11913e-05
373, 0.132041, 3.61522e-08, 732.713, 6.11913e-05
373, 0.143088, 5.08832e-08, 520.298, 6.11913e-05
373, 0.154136, 7.15609e-08, 369.667, 6.11913e-05
373, 0.165184, 1.00532e-07, 262.851, 6.11913e-05
373, 0.176232, 1.41015e-07, 187.103, 6.11913e-05
373, 0.18728, 1.97378e-07, 133.388, 6.11913e-05
373, 0.198327, 2.75453e-07, 95.2971, 6.11913e-05
373, 0.209375, 3.82841e-07, 68.2855, 6.11913e-05
373, 0.220423, 5.29123e-07, 49.1307, 6.11913e-05
373, 0.231471, 7.25778e-07, 35.5474, 6.11913e-05
373, 0.242519, 9.8552e-07, 25.915, 6.11913e-05
373, 0.253566, 1.32069e-06, 19.0844, 6.11913e-05
373, 0.264614, 1.74044e-06, 14.2406, 6.11913e-05
373, 0.275662, 2.24683e-06, 10.8057, 6.11913e-05
373, 0.28671, 2.83091e-06, 8.36988, 6.11913e-05
373, 0.297757, 3.47073e-06, 6.64257, 6.11913e-05
373, 0.308805, 4.13317e-06, 5.41767, 6.11913e-05
373, 0.319853, 4.78015e-06, 4.54906, 6.11913e-05
373, 0.330901, 5.37701e-06, 3.9331, 6.11913e-05
373, 0.341949, 5.89936e-06, 3.4963, 6.11913e-05
373, 0.352996, 6.33584e-06, 3.18655, 6.11913e-05
373, 0.364044, 6.68666e-06, 2.9669, 6.11913e-05
373, 0.375092, 6.95995e-06, 2.81114, 6.11913e-05
373, 0.38614, 7.16769e-06, 2.70068, 6.11913e-05
373, 0.397188, 7.32268e-06, 2.62235, 6.11913e-05
373, 0.408235, 7.43671e-06, 2.56681, 6.11913e-05
373, 0.419283, 7.51975e-06, 2.52742, 6.11913e-05
373, 0.430331, 7.57977e-06, 2.49949, 6.11913e-05
373, 0.441379, 7.62292e-06, 2.47968, 6.11913e-05
373, 0.452427, 7.65382e-06, 2.46563, 6.11913e-05
373, 0.463474, 7.67588e-06, 2.45567, 6.11913e-05
373, 0.474522, 7.6916e-06, 2.44861, 6.11913e-05
373, 0.48557, 7.70279e-06, 2.4436, 6.11913e-05
373, 0.496618, 7.71074e-06, 2.44005, 6.11913e-05
373, 0.507665, 7.71639e-06, 2.43753, 6.11913e-05
373, 0.518713, 7.7204e-06, 2.43574, 6.11913e-05
373, 0.529761, 7.72325e-06, 2.43448, 6.11913e-05
373, 0.540809, 7.72527e-06, 2.43358, 6.11913e-05
373, 0.551857, 7.7267e-06, 2.43294, 6.11913e-05
373, 0.562904, 7.72772e-06, 2.43249, 6.11913e-05
373, 0.573952, 7.72844e-06, 2.43217, 6.11913e-05
373, 0.585, 7.72895e-06, 2.43194, 6.11913e-05
373, 0.596048, 7.72931e-06, 2.43178, 6.11913e-05
373, 0.607096, 7.72956e-06, 2.43167, 6.11913e-05
373, 0.618143, 7.72974e-06, 2.43159, 6.11913e-05
373, 0.629191, 7.72987e-06, 2.43153, 6.11913e-05
373, 0.640239, 7.72995e-06, 2.4315, 6.11913e-05
373, 0.651287, 7.73001e-06, 2.43147, 6.11913e-05
373, 0.662335, 7.73005e-06, 2.43146, 6.11913e-05
373, 0.673382, 7.73006e-06, 2.43145, 6.11913e-05
373, 0.68443, 7.73006e-06, 2.43145, 6.11913e-05
373, 0.695478, 7.73004e-06, 2.43146, 6.11913e-05
373, 0.706526, 7.73001e-06, 2.43147, 6.11913e-05
373, 0.717573, 7.72995e-06, 2.4315, 6.11913e-05
373, 0.728621, 7.72986e-06, 2.43154, 6.11913e-05
373, 0.739669, 7.72973e-06, 2.43159, 6.11913e-05
373, 0.750717, 7.72955e-06, 2.43168, 6.11913e-05
373, 0.761765, 7.72929e-06, 2.43179, 6.11913e-05
373, 0.772812, 7.72892e-06, 2.43195, 6.11913e-05
373, 0.78386, 7.7284e-06, 2.43219, 6.11913e-05
373, 0.794908, 7.72767e-06, 2.43251, 6.11913e-05
373, 0.805956, 7.72663e-06, 2.43297, 6.11913e-05
373, 0.817004, 7.72516e-06, 2.43362, 6.11913e-05
373, 0.828051, 7.7231e-06, 2.43454, 6.11913e-05
373, 0.839099, 7.72018e-06, 2.43584, 6.11913e-05
373, 0.850147, 7.71607e-06, 2.43767, 6.11913e-05
373, 0.861195, 7.71028e-06, 2.44025, 6.11913e-05
373, 0.872243, 7.70209e-06, 2.44391, 6.11913e-05
373, 0.88329, 7.69054e-06, 2.44908, 6.11913e-05
373, 0.894338, 7.67422e-06, 2.45642, 6.11913e-05
373, 0.905386, 7.65117e-06, 2.46683, 6.11913e-05
373, 0.916434, 7.61856e-06, 2.48167, 6.11913e-05
373, 0.927481, 7.57238e-06, 2.5029, 6.11913e-05
373, 0.938529, 7.50688e-06, 2.53347, 6.11913e-05
373, 0.949577, 7.41374e-06, 2.57786, 6.11913e-05
373, 0.960625, 7.28083e-06, 2.64317, 6.11913e-05
373, 0.971673, 7.09024e-06, 2.7411, 6.11913e-05
373, 0.98272, 6.81497e-06, 2.89221, 6.11913e-05
373, 0.993768, 6.41326e-06, 3.13601, 6.11913e-05
373, 1.00482, 5.81813e-06, 3.55908, 6.11913e-05
373, 1.01586, 4.91644e-06, 4.39523, 6.11913e-05
373, 1.02691, 3.50272e-06, 6.57277, 6.11913e-05
373, 1.03796, 1.16283e-06, 21.8109, 6.11913e-05
373, 1.04901, -3.08031e-06, -9.61125, 6.11913e-05
373, 1.06005, -1.22215e-05, -3.17037, 6.11913e-05
373, 1.0711, -4.21036e-05, -1.63, 6.11913e-05
373, 1.08215, 0.000810474, -0.967272, 6.11913e-05
373, 1.0932, 6.88584e-05, -0.614784, 6.11913e-05
373, 1.10425, 4.46627e-05, -0.406097, 6.11913e-05
373, 1.11529, 3.65682e-05, -0.274634, 6.11913e-05
373, 1.12634, 3.26891e-05, -0.188557, 6.11913e-05
373, 1.13739, 3.05156e-05, -0.130763, 6.11913e-05
363, 0.0311946, 1.67478e-09, 14143, 3.82147e-05
363, 0.0422707, 2.38614e-09, 9926.4, 3.82147e-05
363, 0.0533468, 3.3995e-09, 6967.13, 3.82147e-05
363, 0.0644229, 4.84293e-09, 4890.28, 3.82147e-05
363, 0.075499, 6.8987e-09, 3432.71, 3.82147e-05
363, 0.0865751, 9.82595e-09, 2409.77, 3.82147e-05
363, 0.0976512, 1.3993e-08, 1691.86, 3.82147e-05
363, 0.108727, 1.99225e-08, 1188.02, 3.82147e-05
363, 0.119803, 2.8355e-08, 834.412, 3.82147e-05
363, 0.13088, 4.03375e-08, 586.248, 3.82147e-05
363, 0.141956, 5.73447e-08, 412.083, 3.82147e-05
363, 0.153032, 8.14441e-08, 289.852, 3.82147e-05
363, 0.164108, 1.15514e-07, 204.068, 3.82147e-05
363, 0.175184, 1.63521e-07, 143.863, 3.82147e-05
363, 0.18626, 2.30854e-07, 101.611, 3.82147e-05
363, 0.197336, 3.24682e-07, 71.9579, 3.82147e-05
363, 0.208412, 4.54259e-07, 51.1468, 3.82147e-05
363, 0.219488, 6.30989e-07, 36.5413, 3.82147e-05
363, 0.230565, 8.67985e-07, 26.291, 3.82147e-05
363, 0.241641, 1.17868e-06, 19.0971, 3.82147e-05
363, 0.252717, 1.57413e-06, 14.0484, 3.82147e-05
363, 0.263793, 2.05893e-06, 10.5051, 3.82147e-05
363, 0.274869, 2.62665e-06, 8.01837, 3.82147e-05
363, 0.285945, 3.25693e-06, 6.27315, 3.82147e-05
363, 0.297021, 3.91648e-06, 5.04833, 3.82147e-05
363, 0.308097, 4.5653e-06, 4.18874, 3.82147e-05
363, 0.319173, 5.16593e-06, 3.58546, 3.82147e-05
363, 0.330249, 5.69143e-06, 3.16207, 3.82147e-05
363, 0.341326, 6.12899e-06, 2.86493, 3.82147e-05
363, 0.352402, 6.47855e-06, 2.65639, 3.82147e-05
363, 0.363478, 6.74868e-06, 2.51004, 3.82147e-05
363, 0.374554, 6.95212e-06, 2.40733, 3.82147e-05
363, 0.38563, 7.10238e-06, 2.33524, 3.82147e-05
363, 0.396706, 7.21177e-06, 2.28465, 3.82147e-05
363, 0.407782, 7.29057e-06, 2.24915, 3.82147e-05
363, 0.418858, 7.34692e-06, 2.22423, 3.82147e-05
363, 0.429934, 7.38699e-06, 2.20674, 3.82147e-05
363, 0.441011, 7.41537e-06, 2.19447, 3.82147e-05
363, 0.452087, 7.43542e-06, 2.18585, 3.82147e-05
363, 0.463163, 7.44955e-06, 2.17981, 3.82147e-05
363, 0.474239, 7.4595e-06, 2.17556, 3.82147e-05
363, 0.485315, 7.4665e-06, 2.17259, 3.82147e-05
363, 0.496391, 7.47143e-06, 2.1705, 3.82147e-05
363, 0.507467, 7.47488e-06, 2.16903, 3.82147e-05
363, 0.518543, 7.47731e-06, 2.168, 3.82147e-05
363, 0.529619, 7.47902e-06, 2.16728, 3.82147e-05
363, 0.540696, 7.48021e-06, 2.16677, 3.82147e-05
363, 0.551772, 7.48105e-06, 2.16642, 3.82147e-05
363, 0.562848, 7.48164e-06, 2.16617, 3.82147e-05
363, 0.573924, 7.48206e-06, 2.16599, 3.82147e-05
363, 0.585, 7.48235e-06, 2.16587, 3.82147e-05
363, 0.596076, 7.48255e-06, 2.16578, 3.82147e-05
363, 0.607152, 7.48269e-06, 2.16572, 3.82147e-05
363, 0.618228, 7.48279e-06, 2.16568, 3.82147e-05
363, 0.629304, 7.48286e-06, 2.16565, 3.82147e-05
363, 0.640381, 7.48291e-06, 2.16563, 3.82147e-05
363, 0.651457, 7.48294e-06, 2.16562, 3.82147e-05
363, 0.662533, 7.48295e-06, 2.16561, 3.82147e-05
363, 0.673609, 7.48296e-06, 2.16561, 3.82147e-05
363, 0.684685, 7.48296e-06, 2.16561, 3.82147e-05
363, 0.695761, 7.48295e-06, 2.16561, 3.82147e-05
363, 0.706837, 7.48293e-06, 2.16562, 3.82147e-05
363, 0.717913, 7.4829e-06, 2.16564, 3.82147e-05
363, 0.728989, 7.48285e-06, 2.16566, 3.82147e-05
363, 0.740066, 7.48277e-06, 2.16569, 3.82147e-05
363, 0.751142, 7.48266e-06, 2.16574, 3.82147e-05
363, 0.762218, 7.48251e-06, 2.1658, 3.82147e-05
363, 0.773294, 7.48229e-06, 2.1659, 3.82147e-05
363, 0.78437, 7.48197e-06, 2.16603, 3.82147e-05
363, 0.795446, 7.48152e-06, 2.16622, 3.82147e-05
363, 0.806522, 7.48087e-06, 2.16649, 3.82147e-05
363, 0.817598, 7.47996e-06, 2.16688, 3.82147e-05
363, 0.828674, 7.47865e-06, 2.16744, 3.82147e-05
363, 0.839751, 7.47679e-06, 2.16822, 3.82147e-05
363, 0.850827, 7.47413e-06, 2.16935, 3.82147e-05
363, 0.861903, 7.47035e-06, 2.17096, 3.82147e-05
363, 0.872979, 7.46495e-06, 2.17325, 3.82147e-05
363, 0.884055, 7.45725e-06, 2.17652, 3.82147e-05
363, 0.895131, 7.44627e-06, 2.18121, 3.82147e-05
363, 0.906207, 7.43061e-06, 2.18791, 3.82147e-05
363, 0.917283, 7.40823e-06, 2.19754, 3.82147e-05
363, 0.928359, 7.37624e-06, 2.21141, 3.82147e-05
363, 0.939435, 7.33043e-06, 2.23148, 3.82147e-05
363, 0.950512, 7.26472e-06, 2.26071, 3.82147e-05
363, 0.961588, 7.17018e-06, 2.3037, 3.82147e-05
363, 0.972664, 7.03356e-06, 2.36787, 3.82147e-05
363, 0.98374, 6.83495e-06, 2.46574, 3.82147e-05
363, 0.994816, 6.54364e-06, 2.62003, 3.82147e-05
363, 1.00589, 6.1107e-06, 2.8765, 3.82147e-05
363, 1.01697, 5.45465e-06, 3.34274, 3.82147e-05
363, 1.02804, 4.43049e-06, 4.34662, 3.82147e-05
363, 1.03912, 2.75514e-06, 7.59779, 3.82147e-05
363, 1.0502, 1.26084e-08, 1855.23, 3.84497e-05
363, 1.06127, -6.24125e-06, -4.79542, 3.82147e-05
363, 1.07235, -2.30644e-05, -2.02704, 3.82147e-05
363, 1.08342, -0.000211152, -1.11219, 3.82147e-05
363, 1.0945, 7.33126e-05, -0.676889, 3.82147e-05
363, 1.10558, 4.18925e-05, -0.434549, 3.82147e-05
363, 1.11665, 3.32584e-05, -0.287755, 3.82147e-05
363, 1.12773, 2.9399e-05, -0.194254, 3.82147e-05
363, 1.13881, 2.7315e-05, -0.132779, 3.82147e-05
353, 0.0297978, 1.57911e-09, 13679.5, 2.47033e-05
353, 0.0409018, 2.27458e-09, 9496.61, 2.47033e-05
353, 0.0520059, 3.27619e-09, 6592.96, 2.47033e-05
353, 0.0631099, 4.71855e-09, 4577.33, 2.47033e-05
353, 0.074214, 6.79527e-09, 3178.13, 2.47033e-05
353, 0.085318, 9.78466e-09, 2206.85, 2.47033e-05
353, 0.0964221, 1.40864e-08, 1532.61, 2.47033e-05
353, 0.107526, 2.02736e-08, 1064.58, 2.47033e-05
353, 0.11863, 2.91666e-08, 739.678, 2.47033e-05
353, 0.129734, 4.1936e-08, 514.143, 2.47033e-05
353, 0.140838, 6.02455e-08, 357.583, 2.47033e-05
353, 0.151942, 8.64454e-08, 248.904, 2.47033e-05
353, 0.163046, 1.23827e-07, 173.462, 2.47033e-05
353, 0.17415, 1.76941e-07, 121.092, 2.47033e-05
353, 0.185254, 2.51966e-07, 84.7379, 2.47033e-05
353, 0.196358, 3.57062e-07, 59.5022, 2.47033e-05
353, 0.207463, 5.0258e-07, 41.9843, 2.47033e-05
353, 0.218567, 7.00856e-07, 29.8238, 2.47033e-05
353, 0.229671, 9.65181e-07, 21.3824, 2.47033e-05
353, 0.240775, 1.30749e-06, 15.5225, 2.47033e-05
353, 0.251879, 1.73451e-06, 11.4548, 2.47033e-05
353, 0.262983, 2.24304e-06, 8.63113, 2.47033e-05
353, 0.274087, 2.8162e-06, 6.671, 2.47033e-05
353, 0.285191, 3.42344e-06, 5.31033, 2.47033e-05
353, 0.296295, 4.02607e-06, 4.36579, 2.47033e-05
353, 0.307399, 4.58651e-06, 3.71012, 2.47033e-05
353, 0.318503, 5.07713e-06, 3.25497, 2.47033e-05
353, 0.329607, 5.48437e-06, 2.93902, 2.47033e-05
353, 0.340711, 5.80774e-06, 2.7197, 2.47033e-05
353, 0.351815, 6.0556e-06, 2.56745, 2.47033e-05
353, 0.362919, 6.24048e-06, 2.46176, 2.47033e-05
353, 0.374023, 6.3756e-06, 2.3884, 2.47033e-05
353, 0.385127, 6.47288e-06, 2.33747, 2.47033e-05
353, 0.396231, 6.54218e-06, 2.30212, 2.47033e-05
353, 0.407335, 6.59117e-06, 2.27757, 2.47033e-05
353, 0.418439, 6.6256e-06, 2.26054, 2.47033e-05
353, 0.429543, 6.64972e-06, 2.24871, 2.47033e-05
353, 0.440647, 6.66657e-06, 2.2405, 2.47033e-05
353, 0.451751, 6.67831e-06, 2.23481, 2.47033e-05
353, 0.462856, 6.68649e-06, 2.23085, 2.47033e-05
353, 0.47396, 6.69218e-06, 2.2281, 2.47033e-05
353, 0.485064, 6.69613e-06, 2.2262, 2.47033e-05
353, 0.496168, 6.69888e-06, 2.22487, 2.47033e-05
353, 0.507272, 6.70079e-06, 2.22396, 2.47033e-05
353, 0.518376, 6.70211e-06, 2.22332, 2.47033e-05
353, 0.52948, 6.70303e-06, 2.22288, 2.47033e-05
353, 0.540584, 6.70367e-06, 2.22257, 2.47033e-05
353, 0.551688, 6.70411e-06, 2.22236, 2.47033e-05
353, 0.562792, 6.70442e-06, 2.22221, 2.47033e-05
353, 0.573896, 6.70464e-06, 2.2221, 2.47033e-05
353, 0.585, 6.70478e-06, 2.22203, 2.47033e-05
353, 0.596104, 6.70489e-06, 2.22198, 2.47033e-05
353, 0.607208, 6.70496e-06, 2.22195, 2.47033e-05
353, 0.618312, 6.70501e-06, 2.22193, 2.47033e-05
353, 0.629416, 6.70504e-06, 2.22191, 2.47033e-05
353, 0.64052, 6.70506e-06, 2.2219, 2.47033e-05
353, 0.651624, 6.70508e-06, 2.22189, 2.47033e-05
353, 0.662728, 6.70508e-06, 2.22189, 2.47033e-05
353, 0.673832, 6.70509e-06, 2.22189, 2.47033e-05
353, 0.684936, 6.70509e-06, 2.22189, 2.47033e-05
353, 0.69604, 6.70508e-06, 2.22189, 2.47033e-05
353, 0.707144, 6.70507e-06, 2.2219, 2.47033e-05
353, 0.718249, 6.70504e-06, 2.22191, 2.47033e-05
353, 0.729353, 6.70501e-06, 2.22192, 2.47033e-05
353, 0.740457, 6.70497e-06, 2.22195, 2.47033e-05
353, 0.751561, 6.7049e-06, 2.22198, 2.47033e-05
353, 0.762665, 6.7048e-06, 2.22202, 2.47033e-05
353, 0.773769, 6.70466e-06, 2.22209, 2.47033e-05
353, 0.784873, 6.70446e-06, 2.22219, 2.47033e-05
353, 0.795977, 6.70417e-06, 2.22233, 2.47033e-05
353, 0.807081, 6.70376e-06, 2.22253, 2.47033e-05
353, 0.818185, 6.70315e-06, 2.22282, 2.47033e-05
353, 0.829289, 6.70229e-06, 2.22324, 2.47033e-05
353, 0.840393, 6.70104e-06, 2.22384, 2.47033e-05
353, 0.851497, 6.69923e-06, 2.2247, 2.47033e-05
353, 0.862601, 6.69664e-06, 2.22595, 2.47033e-05
353, 0.873705, 6.6929e-06, 2.22776, 2.47033e-05
353, 0.884809, 6.68751e-06, 2.23036, 2.47033e-05
353, 0.895913, 6.67973e-06, 2.23412, 2.47033e-05
353, 0.907017, 6.66852e-06, 2.23956, 2.47033e-05
353, 0.918121, 6.65233e-06, 2.24744, 2.47033e-05
353, 0.929225, 6.62896e-06, 2.25889, 2.47033e-05
353, 0.940329, 6.59515e-06, 2.27559, 2.47033e-05
353, 0.951433, 6.54619e-06, 2.30009, 2.47033e-05
353, 0.962537, 6.47509e-06, 2.33633, 2.47033e-05
353, 0.973642, 6.37147e-06, 2.39059, 2.47033e-05
353, 0.984746, 6.21968e-06, 2.47333, 2.47033e-05
353, 0.99585, 5.99563e-06, 2.60313, 2.47033e-05
353, 1.00695, 5.66115e-06, 2.81602, 2.47033e-05
353, 1.01806, 5.1533e-06, 3.19208, 2.47033e-05
353, 1.02916, 4.3621e-06, 3.95244, 2.47033e-05
353, 1.04027, 3.07857e-06, 6.01723, 2.47033e-05
353, 1.05137, 8.53253e-07, 24.3184, 2.47033e-05
353, 1.06247, -3.489e-06, -7.19175, 2.47033e-05
353, 1.07358, -1.43178e-05, -2.50882, 2.47033e-05
353, 1.08468, -7.33495e-05, -1.29452, 2.47033e-05
353, 1.09579, 9.10434e-05, -0.762717, 2.47033e-05
353, 1.10689, 4.14768e-05, -0.479153, 2.47033e-05
353, 1.11799, 3.14014e-05, -0.312035, 2.47033e-05
353, 1.1291, 2.72658e-05, -0.207686, 2.47033e-05
353, 1.1402, 2.51246e-05, -0.140163, 2.47033e-05
338, 0.0277399, 1.38749e-09, 14285.1, 2.58311e-05
338, 0.0388851, 2.03405e-09, 9744.05, 2.58311e-05
338, 0.0500303, 2.98173e-09, 6646.79, 2.58311e-05
338, 0.0611755, 4.37058e-09, 4534.3, 2.58311e-05
338, 0.0723207, 6.40559e-09, 3093.47, 2.58311e-05
338, 0.083466, 9.38649e-09, 2110.75, 2.58311e-05
338, 0.0946112, 1.37511e-08, 1440.48, 2.58311e-05
338, 0.105756, 2.01376e-08, 983.324, 2.58311e-05
338, 0.116902, 2.94742e-08, 671.518, 2.58311e-05
338, 0.128047, 4.31052e-08, 458.85, 2.58311e-05
338, 0.139192, 6.29669e-08, 313.799, 2.58311e-05
338, 0.150337, 9.18248e-08, 214.867, 2.58311e-05
338, 0.161482, 1.3358e-07, 147.39, 2.58311e-05
338, 0.172628, 1.93636e-07, 101.367, 2.58311e-05
338, 0.183773, 2.79273e-07, 69.9768, 2.58311e-05
338, 0.194918, 3.999e-07, 48.5672, 2.58311e-05
338, 0.206063, 5.66913e-07, 33.9646, 2.58311e-05
338, 0.217208, 7.92719e-07, 24.005, 2.58311e-05
338, 0.228354, 1.0884e-06, 17.212, 2.58311e-05
338, 0.239499, 1.45977e-06, 12.5788, 2.58311e-05
338, 0.250644, 1.90254e-06, 9.41867, 2.58311e-05
338, 0.261789, 2.39878e-06, 7.26332, 2.58311e-05
338, 0.272934, 2.91788e-06, 5.79326, 2.58311e-05
338, 0.28408, 3.42312e-06, 4.79061, 2.58311e-05
338, 0.295225, 3.88152e-06, 4.10674, 2.58311e-05
338, 0.30637, 4.27168e-06, 3.64031, 2.58311e-05
338, 0.317515, 4.58609e-06, 3.32218, 2.58311e-05
338, 0.32866, 4.8285e-06, 3.1052, 2.58311e-05
338, 0.339806, 5.00907e-06, 2.9572, 2.58311e-05
338, 0.350951, 5.14019e-06, 2.85626, 2.58311e-05
338, 0.362096, 5.23362e-06, 2.78742, 2.58311e-05
338, 0.373241, 5.29932e-06, 2.74046, 2.58311e-05
338, 0.384386, 5.34509e-06, 2.70843, 2.58311e-05
338, 0.395532, 5.37676e-06, 2.68659, 2.58311e-05
338, 0.406677, 5.39858e-06, 2.67169, 2.58311e-05
338, 0.417822, 5.41356e-06, 2.66153, 2.58311e-05
338, 0.428967, 5.42383e-06, 2.6546, 2.58311e-05
338, 0.440112, 5.43085e-06, 2.64987, 2.58311e-05
338, 0.451258, 5.43565e-06, 2.64665, 2.58311e-05
338, 0.462403, 5.43893e-06, 2.64445, 2.58311e-05
338, 0.473548, 5.44117e-06, 2.64295, 2.58311e-05
338, 0.484693, 5.4427e-06, 2.64193, 2.58311e-05
338, 0.495838, 5.44375e-06, 2.64123, 2.58311e-05
338, 0.506984, 5.44446e-06, 2.64075, 2.58311e-05
338, 0.518129, 5.44494e-06, 2.64043, 2.58311e-05
338, 0.529274, 5.44527e-06, 2.64021, 2.58311e-05
338, 0.540419, 5.4455e-06, 2.64006, 2.58311e-05
338, 0.551564, 5.44565e-06, 2.63995, 2.58311e-05
338, 0.56271, 5.44576e-06, 2.63988, 2.58311e-05
338, 0.573855, 5.44583e-06, 2.63983, 2.58311e-05
338, 0.585, 5.44588e-06, 2.6398, 2.58311e-05
338, 0.596145, 5.44591e-06, 2.63978, 2.58311e-05
338, 0.60729, 5.44593e-06, 2.63976, 2.58311e-05
338, 0.618436, 5.44595e-06, 2.63975, 2.58311e-05
338, 0.629581, 5.44596e-06, 2.63975, 2.58311e-05
338, 0.640726, 5.44597e-06, 2.63974, 2.58311e-05
338, 0.651871, 5.44597e-06, 2.63974, 2.58311e-05
338, 0.663016, 5.44597e-06, 2.63974, 2.58311e-05
338, 0.674162, 5.44597e-06, 2.63974, 2.58311e-05
338, 0.685307, 5.44597e-06, 2.63974, 2.58311e-05
338, 0.696452, 5.44597e-06, 2.63974, 2.58311e-05
338, 0.707597, 5.44596e-06, 2.63975, 2.58311e-05
338, 0.718742, 5.44595e-06, 2.63975, 2.58311e-05
338, 0.729888, 5.44593e-06, 2.63976, 2.58311e-05
338, 0.741033, 5.44591e-06, 2.63978, 2.58311e-05
338, 0.752178, 5.44588e-06, 2.6398, 2.58311e-05
338, 0.763323, 5.44583e-06, 2.63984, 2.58311e-05
338, 0.774468, 5.44575e-06, 2.63989, 2.58311e-05
338, 0.785614, 5.44565e-06, 2.63996, 2.58311e-05
338, 0.796759, 5.44549e-06, 2.64006, 2.58311e-05
338, 0.807904, 5.44526e-06, 2.64022, 2.58311e-05
338, 0.819049, 5.44492e-06, 2.64044, 2.58311e-05
338, 0.830194, 5.44442e-06, 2.64078, 2.58311e-05
338, 0.84134, 5.44369e-06, 2.64126, 2.58311e-05
338, 0.852485, 5.44263e-06, 2.64198, 2.58311e-05
338, 0.86363, 5.44106e-06, 2.64302, 2.58311e-05
338, 0.874775, 5.43876e-06, 2.64456, 2.58311e-05
338, 0.88592, 5.4354e-06, 2.64682, 2.58311e-05
338, 0.897066, 5.43045e-06, 2.65014, 2.58311e-05
338, 0.908211, 5.4232e-06, 2.65502, 2.58311e-05
338, 0.919356, 5.41256e-06, 2.66221, 2.58311e-05
338, 0.930501, 5.39693e-06, 2.67282, 2.58311e-05
338, 0.941646, 5.37394e-06, 2.68852, 2.58311e-05
338, 0.952792, 5.34011e-06, 2.71189, 2.58311e-05
338, 0.963937, 5.29023e-06, 2.74689, 2.58311e-05
338, 0.975082, 5.21646e-06, 2.79988, 2.58311e-05
338, 0.986227, 5.10694e-06, 2.88137, 2.58311e-05
338, 0.997372, 4.94336e-06, 3.00981, 2.58311e-05
338, 1.00852, 4.69684e-06, 3.22026, 2.58311e-05
338, 1.01966, 4.32028e-06, 3.58811, 2.58311e-05
338, 1.03081, 3.73299e-06, 4.30994, 2.58311e-05
338, 1.04195, 2.78674e-06, 6.11295, 2.58311e-05
338, 1.0531, 1.17917e-06, 15.8101, 2.58311e-05
338, 1.06424, -1.8144e-06, -11.9248, 2.58311e-05
338, 1.07539, -8.47673e-06, -3.33839, 2.58311e-05
338, 1.08653, -3.17677e-05, -1.62396, 2.58311e-05
338, 1.09768, 0.000269393, -0.92642, 2.58311e-05
338, 1.10882, 4.59307e-05, -0.568438, 2.58311e-05
338, 1.11997, 3.11108e-05, -0.362861, 2.58311e-05
338, 1.13111, 2.59832e-05, -0.237127, 2.58311e-05
338, 1.14226, 2.35203e-05, -0.157242, 2.58311e-05
328, 0.0263938, 1.45468e-09, 12215.9, 1.38441e-05
328, 0.0375659, 2.1596e-09, 8228.18, 1.38441e-05
328, 0.048738, 3.20591e-09, 5542.43, 1.38441e-05
328, 0.0599102, 4.75871e-09, 3733.57, 1.38441e-05
328, 0.0710823, 7.06262e-09, 2515.31, 1.38441e-05
328, 0.0822544, 1.04798e-08, 1694.81, 1.38441e-05
328, 0.0934265, 1.55456e-08, 1142.2, 1.38441e-05
328, 0.104599, 2.30496e-08, 770.02, 1.38441e-05
328, 0.115771, 3.4153e-08, 519.356, 1.38441e-05
328, 0.126943, 5.05549e-08, 350.533, 1.38441e-05
328, 0.138115, 7.4724e-08, 236.832, 1.38441e-05
328, 0.149287, 1.1021e-07, 160.254, 1.38441e-05
328, 0.160459, 1.62035e-07, 108.678, 1.38441e-05
328, 0.171631, 2.37139e-07, 73.9421, 1.38441e-05
328, 0.182804, 3.44765e-07, 50.5474, 1.38441e-05
328, 0.193976, 4.96541e-07, 34.7911, 1.38441e-05
328, 0.205148, 7.05811e-07, 24.1792, 1.38441e-05
328, 0.21632, 9.85564e-07, 17.032, 1.38441e-05
328, 0.227492, 1.34446e-06, 12.2185, 1.38441e-05
328, 0.238664, 1.78136e-06, 8.97652, 1.38441e-05
328, 0.249836, 2.28046e-06, 6.79306, 1.38441e-05
328, 0.261008, 2.81087e-06, 5.32251, 1.38441e-05
328, 0.272181, 3.33298e-06, 4.33209, 1.38441e-05
328, 0.283353, 3.80956e-06, 3.66504, 1.38441e-05
328, 0.294525, 4.21552e-06, 3.21578, 1.38441e-05
328, 0.305697, 4.54147e-06, 2.91321, 1.38441e-05
328, 0.316869, 4.79097e-06, 2.70942, 1.38441e-05
328, 0.328041, 4.97504e-06, 2.57218, 1.38441e-05
328, 0.339213, 5.1072e-06, 2.47974, 1.38441e-05
328, 0.350385, 5.20024e-06, 2.41748, 1.38441e-05
328, 0.361558, 5.26484e-06, 2.37555, 1.38441e-05
328, 0.37273, 5.30925e-06, 2.34731, 1.38441e-05
328, 0.383902, 5.33959e-06, 2.32829, 1.38441e-05
328, 0.395074, 5.36022e-06, 2.31548, 1.38441e-05
328, 0.406246, 5.37421e-06, 2.30686, 1.38441e-05
328, 0.417418, 5.38367e-06, 2.30105, 1.38441e-05
328, 0.42859, 5.39006e-06, 2.29713, 1.38441e-05
328, 0.439762, 5.39437e-06, 2.2945, 1.38441e-05
328, 0.450935, 5.39728e-06, 2.29272, 1.38441e-05
328, 0.462107, 5.39924e-06, 2.29153, 1.38441e-05
328, 0.473279, 5.40056e-06, 2.29072, 1.38441e-05
328, 0.484451, 5.40145e-06, 2.29018, 1.38441e-05
328, 0.495623, 5.40205e-06, 2.28981, 1.38441e-05
328, 0.506795, 5.40245e-06, 2.28957, 1.38441e-05
328, 0.517967, 5.40272e-06, 2.2894, 1.38441e-05
328, 0.529139, 5.40291e-06, 2.28929, 1.38441e-05
328, 0.540312, 5.40303e-06, 2.28922, 1.38441e-05
328, 0.551484, 5.40311e-06, 2.28917, 1.38441e-05
328, 0.562656, 5.40317e-06, 2.28913, 1.38441e-05
328, 0.573828, 5.40321e-06, 2.28911, 1.38441e-05
328, 0.585, 5.40323e-06, 2.28909, 1.38441e-05
328, 0.596172, 5.40325e-06, 2.28908, 1.38441e-05
328, 0.607344, 5.40326e-06, 2.28908, 1.38441e-05
328, 0.618516, 5.40327e-06, 2.28907, 1.38441e-05
328, 0.629688, 5.40327e-06, 2.28907, 1.38441e-05
328, 0.640861, 5.40328e-06, 2.28907, 1.38441e-05
328, 0.652033, 5.40328e-06, 2.28907, 1.38441e-05
328, 0.663205, 5.40328e-06, 2.28906, 1.38441e-05
328, 0.674377, 5.40328e-06, 2.28906, 1.38441e-05
328, 0.685549, 5.40328e-06, 2.28907, 1.38441e-05
328, 0.696721, 5.40328e-06, 2.28907, 1.38441e-05
328, 0.707893, 5.40327e-06, 2.28907, 1.38441e-05
328, 0.719065, 5.40327e-06, 2.28907, 1.38441e-05
328, 0.730238, 5.40326e-06, 2.28908, 1.38441e-05
328, 0.74141, 5.40325e-06, 2.28908, 1.38441e-05
328, 0.752582, 5.40323e-06, 2.2891, 1.38441e-05
328, 0.763754, 5.4032e-06, 2.28911, 1.38441e-05
328, 0.774926, 5.40316e-06, 2.28914, 1.38441e-05
328, 0.786098, 5.4031e-06, 2.28917, 1.38441e-05
328, 0.79727, 5.40301e-06, 2.28923, 1.38441e-05
328, 0.808442, 5.40288e-06, 2.28931, 1.38441e-05
328, 0.819615, 5.40268e-06, 2.28943, 1.38441e-05
328, 0.830787, 5.40238e-06, 2.28961, 1.38441e-05
328, 0.841959, 5.40195e-06, 2.28988, 1.38441e-05
328, 0.853131, 5.4013e-06, 2.29027, 1.38441e-05
328, 0.864303, 5.40034e-06, 2.29086, 1.38441e-05
328, 0.875475, 5.39891e-06, 2.29173, 1.38441e-05
328, 0.886647, 5.39679e-06, 2.29302, 1.38441e-05
328, 0.897819, 5.39363e-06, 2.29495, 1.38441e-05
328, 0.908992, 5.38895e-06, 2.29781, 1.38441e-05
328, 0.920164, 5.38199e-06, 2.30208, 1.38441e-05
328, 0.931336, 5.37164e-06, 2.30844, 1.38441e-05
328, 0.942508, 5.35624e-06, 2.31795, 1.38441e-05
328, 0.95368, 5.3333e-06, 2.33222, 1.38441e-05
328, 0.964852, 5.29909e-06, 2.35373, 1.38441e-05
328, 0.976024, 5.24794e-06, 2.38642, 1.38441e-05
328, 0.987196, 5.17122e-06, 2.43666, 1.38441e-05
328, 0.998369, 5.05556e-06, 2.51529, 1.38441e-05
328, 1.00954, 4.87985e-06, 2.64186, 1.38441e-05
328, 1.02071, 4.60983e-06, 2.85518, 1.38441e-05
328, 1.03188, 4.18736e-06, 3.24414, 1.38441e-05
328, 1.04306, 3.50756e-06, 4.0667, 1.38441e-05
328, 1.05423, 2.36261e-06, 6.52207, 1.38441e-05
328, 1.0654, 2.77691e-07, 62.9982, 1.38441e-05
328, 1.07657, -4.12038e-06, -5.31313, 1.38441e-05
328, 1.08775, -1.71595e-05, -2.03568, 1.38441e-05
328, 1.09892, -0.000284261, -1.06252, 1.38441e-05
328, 1.11009, 4.69441e-05, -0.621428, 1.38441e-05
328, 1.12126, 2.88715e-05, -0.384455, 1.38441e-05
328, 1.13243, 2.35534e-05, -0.24547, 1.38441e-05
328, 1.14361, 2.11501e-05, -0.159731, 1.38441e-05
318, 0.025069, 1.22913e-09, 14623.2, 2.99892e-05
318, 0.0362676, 1.84933e-09, 9718.75, 2.99892e-05
318, 0.0474662, 2.78228e-09, 6459.53, 2.99892e-05
318, 0.0586649, 4.18543e-09, 4293.67, 2.99892e-05
318, 0.0698635, 6.29518e-09, 2854.37, 2.99892e-05
318, 0.0810621, 9.46604e-09, 1897.9, 2.99892e-05
318, 0.0922607, 1.42288e-08, 1262.29, 2.99892e-05
318, 0.103459, 2.1376e-08, 839.9, 2.99892e-05
318, 0.114658, 3.20864e-08, 559.208, 2.99892e-05
318, 0.125857, 4.81031e-08, 372.677, 2.99892e-05
318, 0.137055, 7.19805e-08, 248.721, 2.99892e-05
318, 0.148254, 1.07412e-07, 166.347, 2.99892e-05
318, 0.159452, 1.59626e-07, 111.607, 2.99892e-05
318, 0.170651, 2.358e-07, 75.2299, 2.99892e-05
318, 0.18185, 3.45302e-07, 51.056, 2.99892e-05
318, 0.193048, 4.99425e-07, 34.9915, 2.99892e-05
318, 0.204247, 7.10026e-07, 24.316, 2.99892e-05
318, 0.215446, 9.86459e-07, 17.2218, 2.99892e-05
318, 0.226644, 1.33076e-06, 12.5074, 2.99892e-05
318, 0.237843, 1.73262e-06, 9.3745, 2.99892e-05
318, 0.249041, 2.16761e-06, 7.29257, 2.99892e-05
318, 0.26024, 2.60166e-06, 5.90906, 2.99892e-05
318, 0.271439, 3.00101e-06, 4.98966, 2.99892e-05
318, 0.282637, 3.3419e-06, 4.37869, 2.99892e-05
318, 0.293836, 3.61477e-06, 3.97267, 2.99892e-05
318, 0.305034, 3.82215e-06, 3.70286, 2.99892e-05
318, 0.316233, 3.97365e-06, 3.52356, 2.99892e-05
318, 0.327432, 4.08115e-06, 3.4044, 2.99892e-05
318, 0.33863, 4.15586e-06, 3.32522, 2.99892e-05
318, 0.349829, 4.20704e-06, 3.2726, 2.99892e-05
318, 0.361028, 4.24176e-06, 3.23764, 2.99892e-05
318, 0.372226, 4.26515e-06, 3.2144, 2.99892e-05
318, 0.383425, 4.28083e-06, 3.19896, 2.99892e-05
318, 0.394623, 4.29132e-06, 3.1887, 2.99892e-05
318, 0.405822, 4.29832e-06, 3.18188, 2.99892e-05
318, 0.417021, 4.30298e-06, 3.17735, 2.99892e-05
318, 0.428219, 4.30608e-06, 3.17433, 2.99892e-05
318, 0.439418, 4.30815e-06, 3.17233, 2.99892e-05
318, 0.450617, 4.30952e-06, 3.171, 2.99892e-05
318, 0.461815, 4.31044e-06, 3.17012, 2.99892e-05
318, 0.473014, 4.31104e-06, 3.16953, 2.99892e-05
318, 0.484212, 4.31145e-06, 3.16914, 2.99892e-05
318, 0.495411, 4.31172e-06, 3.16888, 2.99892e-05
318, 0.50661, 4.31189e-06, 3.16871, 2.99892e-05
318, 0.517808, 4.31201e-06, 3.1686, 2.99892e-05
318, 0.529007, 4.31209e-06, 3.16852, 2.99892e-05
318, 0.540206, 4.31214e-06, 3.16847, 2.99892e-05
318, 0.551404, 4.31218e-06, 3.16844, 2.99892e-05
318, 0.562603, 4.3122e-06, 3.16841, 2.99892e-05
318, 0.573801, 4.31222e-06, 3.1684, 2.99892e-05
318, 0.585, 4.31223e-06, 3.16839, 2.99892e-05
318, 0.596199, 4.31223e-06, 3.16838, 2.99892e-05
318, 0.607397, 4.31224e-06, 3.16838, 2.99892e-05
318, 0.618596, 4.31224e-06, 3.16838, 2.99892e-05
318, 0.629794, 4.31224e-06, 3.16837, 2.99892e-05
318, 0.640993, 4.31224e-06, 3.16837, 2.99892e-05
318, 0.652192, 4.31224e-06, 3.16837, 2.99892e-05
318, 0.66339, 4.31224e-06, 3.16837, 2.99892e-05
318, 0.674589, 4.31224e-06, 3.16837, 2.99892e-05
318, 0.685788, 4.31224e-06, 3.16837, 2.99892e-05
318, 0.696986, 4.31224e-06, 3.16837, 2.99892e-05
318, 0.708185, 4.31224e-06, 3.16838, 2.99892e-05
318, 0.719383, 4.31224e-06, 3.16838, 2.99892e-05
318, 0.730582, 4.31223e-06, 3.16839, 2.99892e-05
318, 0.741781, 4.31222e-06, 3.16839, 2.99892e-05
318, 0.752979, 4.31221e-06, 3.16841, 2.99892e-05
318, 0.764178, 4.31219e-06, 3.16842, 2.99892e-05
318, 0.775377, 4.31216e-06, 3.16845, 2.99892e-05
318, 0.786575, 4.31212e-06, 3.16849, 2.99892e-05
318, 0.797774, 4.31206e-06, 3.16855, 2.99892e-05
318, 0.808972, 4.31196e-06, 3.16865, 2.99892e-05
318, 0.820171, 4.31181e-06, 3.16879, 2.99892e-05
318, 0.83137, 4.3116e-06, 3.169, 2.99892e-05
318, 0.842568, 4.31127e-06, 3.16932, 2.99892e-05
318, 0.853767, 4.31077e-06, 3.16979, 2.99892e-05
318, 0.864966, 4.31003e-06, 3.17051, 2.99892e-05
318, 0.876164, 4.30891e-06, 3.1716, 2.99892e-05
318, 0.887363, 4.30722e-06, 3.17323, 2.99892e-05
318, 0.898561, 4.30469e-06, 3.17569, 2.99892e-05
318, 0.90976, 4.30087e-06, 3.1794, 2.99892e-05
318, 0.920959, 4.29511e-06, 3.185, 2.99892e-05
318, 0.932157, 4.28645e-06, 3.19346, 2.99892e-05
318, 0.943356, 4.27339e-06, 3.20627, 2.99892e-05
318, 0.954554, 4.25369e-06, 3.22575, 2.99892e-05
318, 0.965753, 4.22394e-06, 3.25552, 2.99892e-05
318, 0.976952, 4.17892e-06, 3.30135, 2.99892e-05
318, 0.98815, 4.11063e-06, 3.37282, 2.99892e-05
318, 0.999349, 4.00658e-06, 3.48638, 2.99892e-05
318, 1.01055, 3.84702e-06, 3.67246, 2.99892e-05
318, 1.02175, 3.59992e-06, 3.99318, 2.99892e-05
318, 1.03294, 3.21136e-06, 4.59733, 2.99892e-05
318, 1.04414, 2.58539e-06, 5.95255, 2.99892e-05
318, 1.05534, 1.53656e-06, 10.6982, 2.99892e-05
318, 1.06654, 3.23304e-09, 5391.81, 3.06604e-05
318, 1.07774, -4.14583e-06, -5.33569, 2.99892e-05
318, 1.08894, -1.4201e-05, -2.26576, 2.99892e-05
318, 1.10014, -8.38535e-05, -1.21436, 2.99892e-05
318, 1.11134, 6.30818e-05, -0.715052, 2.99892e-05
318, 1.12253, 3.21981e-05, -0.441736, 2.99892e-05
318, 1.13373, 2.49804e-05, -0.280434, 2.99892e-05
318, 1.14493, 2.19471e-05, -0.180985, 2.99892e-05
308, 0.0237662, 1.2536e-09, 13257, 2.18305e-05
308, 0.0349909, 1.91319e-09, 8686.19, 2.18305e-05
308, 0.0462156, 2.91959e-09, 5691.67, 2.18305e-05
308, 0.0574403, 4.45482e-09, 3729.85, 2.18305e-05
308, 0.0686649, 6.796e-09, 2444.59, 2.18305e-05
308, 0.0798896, 1.03645e-08, 1602.58, 2.18305e-05
308, 0.0911143, 1.57996e-08, 1050.94, 2.18305e-05
308, 0.102339, 2.40683e-08, 689.546, 2.18305e-05
308, 0.113564, 3.66259e-08, 452.784, 2.18305e-05
308, 0.124788, 5.56471e-08, 297.672, 2.18305e-05
308, 0.136013, 8.4344e-08, 196.053, 2.18305e-05
308, 0.147238, 1.27379e-07, 129.479, 2.18305e-05
308, 0.158462, 1.91337e-07, 85.864, 2.18305e-05
308, 0.169687, 2.85129e-07, 57.2902, 2.18305e-05
308, 0.180912, 4.20016e-07, 38.5705, 2.18305e-05
308, 0.192136, 6.08653e-07, 26.3066, 2.18305e-05
308, 0.203361, 8.624e-07, 18.2721, 2.18305e-05
308, 0.214586, 1.18645e-06, 13.0084, 2.18305e-05
308, 0.22581, 1.57389e-06, 9.55996, 2.18305e-05
308, 0.237035, 2.00226e-06, 7.30077, 2.18305e-05
308, 0.24826, 2.43674e-06, 5.82069, 2.18305e-05
308, 0.259484, 2.84056e-06, 4.85104, 2.18305e-05
308, 0.270709, 3.18653e-06, 4.21579, 2.18305e-05
308, 0.281934, 3.46283e-06, 3.79962, 2.18305e-05
308, 0.293158, 3.67139e-06, 3.52697, 2.18305e-05
308, 0.304383, 3.8222e-06, 3.34834, 2.18305e-05
308, 0.315608, 3.92791e-06, 3.23132, 2.18305e-05
308, 0.326832, 4.00039e-06, 3.15466, 2.18305e-05
308, 0.338057, 4.04935e-06, 3.10443, 2.18305e-05
308, 0.349282, 4.08207e-06, 3.07152, 2.18305e-05
308, 0.360506, 4.1038e-06, 3.04997, 2.18305e-05
308, 0.371731, 4.11816e-06, 3.03584, 2.18305e-05
308, 0.382956, 4.12762e-06, 3.02659, 2.18305e-05
308, 0.394181, 4.13385e-06, 3.02053, 2.18305e-05
308, 0.405405, 4.13793e-06, 3.01656, 2.18305e-05
308, 0.41663, 4.14062e-06, 3.01396, 2.18305e-05
308, 0.427855, 4.14237e-06, 3.01225, 2.18305e-05
308, 0.439079, 4.14353e-06, 3.01114, 2.18305e-05
308, 0.450304, 4.14428e-06, 3.01041, 2.18305e-05
308, 0.461529, 4.14478e-06, 3.00993, 2.18305e-05
308, 0.472753, 4.1451e-06, 3.00961, 2.18305e-05
308, 0.483978, 4.14532e-06, 3.00941, 2.18305e-05
308, 0.495203, 4.14546e-06, 3.00927, 2.18305e-05
308, 0.506427, 4.14555e-06, 3.00918, 2.18305e-05
308, 0.517652, 4.14561e-06, 3.00913, 2.18305e-05
308, 0.528877, 4.14565e-06, 3.00909, 2.18305e-05
308, 0.540101, 4.14567e-06, 3.00906, 2.18305e-05
308, 0.551326, 4.14569e-06, 3.00905, 2.18305e-05
308, 0.562551, 4.1457e-06, 3.00904, 2.18305e-05
308, 0.573775, 4.14571e-06, 3.00903, 2.18305e-05
308, 0.585, 4.14571e-06, 3.00902, 2.18305e-05
308, 0.596225, 4.14571e-06, 3.00902, 2.18305e-05
308, 0.607449, 4.14572e-06, 3.00902, 2.18305e-05
308, 0.618674, 4.14572e-06, 3.00902, 2.18305e-05
308, 0.629899, 4.14572e-06, 3.00902, 2.18305e-05
308, 0.641123, 4.14572e-06, 3.00902, 2.18305e-05
308, 0.652348, 4.14572e-06, 3.00902, 2.18305e-05
308, 0.663573, 4.14572e-06, 3.00902, 2.18305e-05
308, 0.674797, 4.14572e-06, 3.00902, 2.18305e-05
308, 0.686022, 4.14572e-06, 3.00902, 2.18305e-05
308, 0.697247, 4.14572e-06, 3.00902, 2.18305e-05
308, 0.708471, 4.14572e-06, 3.00902, 2.18305e-05
308, 0.719696, 4.14571e-06, 3.00902, 2.18305e-05
308, 0.730921, 4.14571e-06, 3.00902, 2.18305e-05
308, 0.742145, 4.14571e-06, 3.00903, 2.18305e-05
308, 0.75337, 4.1457e-06, 3.00903, 2.18305e-05
308, 0.764595, 4.14569e-06, 3.00904, 2.18305e-05
308, 0.775819, 4.14567e-06, 3.00906, 2.18305e-05
308, 0.787044, 4.14565e-06, 3.00908, 2.18305e-05
308, 0.798269, 4.14561e-06, 3.00912, 2.18305e-05
308, 0.809494, 4.14556e-06, 3.00917, 2.18305e-05
308, 0.820718, 4.14547e-06, 3.00926, 2.18305e-05
308, 0.831943, 4.14534e-06, 3.00938, 2.18305e-05
308, 0.843168, 4.14514e-06, 3.00958, 2.18305e-05
308, 0.854392, 4.14484e-06, 3.00987, 2.18305e-05
308, 0.865617, 4.14437e-06, 3.01032, 2.18305e-05
308, 0.876842, 4.14366e-06, 3.01101, 2.18305e-05
308, 0.888066, 4.14258e-06, 3.01206, 2.18305e-05
308, 0.899291, 4.14092e-06, 3.01366, 2.18305e-05
308, 0.910516, 4.1384e-06, 3.01611, 2.18305e-05
308, 0.92174, 4.13454e-06, 3.01986, 2.18305e-05
308, 0.932965, 4.12864e-06, 3.0256, 2.18305e-05
308, 0.94419, 4.11963e-06, 3.03441, 2.18305e-05
308, 0.955414, 4.10585e-06, 3.04794, 2.18305e-05
308, 0.966639, 4.08476e-06, 3.06884, 2.18305e-05
308, 0.977864, 4.05243e-06, 3.1013, 2.18305e-05
308, 0.989088, 4.00276e-06, 3.1522, 2.18305e-05
308, 1.00031, 3.92619e-06, 3.23318, 2.18305e-05
308, 1.01154, 3.80749e-06, 3.36515, 2.18305e-05
308, 1.02276, 3.62197e-06, 3.58874, 2.18305e-05
308, 1.03399, 3.32819e-06, 3.99378, 2.18305e-05
308, 1.04521, 2.85326e-06, 4.82501, 2.18305e-05
308, 1.05644, 2.0591e-06, 7.07161, 2.18305e-05
308, 1.06766, 6.53175e-07, 24.4453, 2.18305e-05
308, 1.07889, -2.1068e-06, -8.88886, 2.18305e-05
308, 1.09011, -8.81876e-06, -2.88465, 2.18305e-05
308, 1.10134, -3.95461e-05, -1.42028, 2.18305e-05
308, 1.11256, 8.31906e-05, -0.800215, 2.18305e-05
308, 1.12378, 3.19748e-05, -0.480207, 2.18305e-05
308, 1.13501, 2.3682e-05, -0.298189, 2.18305e-05
308, 1.14623, 2.0491e-05, -0.188899, 2.18305e-05
