void
 12191519962784300 2.1945780840518E-005 2.09351962173966E-005 2.02511912280717E-005 1.90519371988357E-005 1.83393216981267E-005 1.74329226178879E-005 1.66919224815264E-005 1.56840649683788E-005 1.459809077059E-005 1.35297829978497E-005 1.2389932301906E-005 1.10831910902162E-005 1.04278412224164E-005 9.81209759369208E-006 9.34276574789452E-006
 11778924476713700 2.12987306650069E-005 2.04341544852697E-005 1.96514023313997E-005 1.8548350743422E-005 1.78281934551595E-005 1.70198478964654E-005 1.62720959234235E-005 1.52644800842809E-005 0.000014208 1.32139454826472E-005 1.20881444446797E-005 1.0794672006178E-005 1.01681180253161E-005 9.58863583936086E-006 9.09151482999009E-006
 11269588901747100 2.09986578856807E-005 2.03475144432089E-005 1.94841455668684E-005 1.83843185333007E-005 1.76127446660552E-005 1.69446203078054E-005 1.62054304854988E-005 1.51095313513941E-005 1.40775508771149E-005 1.31179405455828E-005 1.20328693166202E-005 0.000010718 1.00721416319628E-005 9.53618800189783E-006 9.01570250110162E-006
 10745573066614500 2.10767991014255E-005 2.05381503898018E-005 0.000019622 1.85014087334343E-005 1.7689351840737E-005 1.70948440072026E-005 1.63379109418838E-005 1.51935771125589E-005 1.41594149131459E-005 0.000013173 1.21065847675442E-005 1.07741964323482E-005 1.01297342727258E-005 9.56693900209485E-006 9.03885915286123E-006
 10241220049887800 2.1350188004536E-005 2.07697172418764E-005 1.98586775564159E-005 0.000018699 1.78956655114388E-005 1.72493808502671E-005 1.65007818805009E-005 1.53284596594633E-005 1.42805890731326E-005 1.32895225791331E-005 1.21898952523886E-005 1.0835083396739E-005 1.01864978717723E-005 9.60394807505709E-006 9.07480217957743E-006
 9758805543179460 2.16385298301105E-005 2.10128208075358E-005 2.01096406908364E-005 0.000018897 1.80897055482979E-005 0.000017416 1.66317656794484E-005 1.54516765466934E-005 1.43848545708118E-005 1.33746549042912E-005 1.22391386537543E-005 1.08947314651273E-005 1.02227350547617E-005 9.64148427319921E-006 0.000009098
 9291095812383180 2.18964684846611E-005 2.12319178220983E-005 2.03217874975543E-005 1.90917397164701E-005 1.82581224534229E-005 1.75524668157208E-005 1.67610816470984E-005 1.5564217669592E-005 1.44786805592442E-005 1.34432756080636E-005 1.22968451879039E-005 1.09313265822327E-005 1.02437063292889E-005 9.64840495558915E-006 0.000009112
 8818859551034650 2.21028986246995E-005 2.14241104017315E-005 2.04903820960437E-005 1.92523809847049E-005 0.000018406 0.000017668 1.68471271756593E-005 1.56675131192111E-005 1.45598934144245E-005 0.00001351 1.23424698738113E-005 1.09597600125611E-005 1.02698649462018E-005 9.65858523802557E-006 0.000009121
 8386070829441870 2.23362016265588E-005 2.16132653720951E-005 2.06715183207498E-005 1.94051772859088E-005 0.000018542 1.77978474219309E-005 1.69524575950088E-005 1.57441451404835E-005 1.4628260399847E-005 1.35566677696866E-005 1.23850613501705E-005 1.09808308580993E-005 1.02890612950329E-005 9.67439269837297E-006 9.11724731436189E-006
 7959871187982240 2.25256847451441E-005 0.000021769 2.08276399915471E-005 1.95417578688599E-005 1.86694371938443E-005 0.000017883 1.70517346040605E-005 1.58158358125457E-005 0.000014674 1.36021252415812E-005 1.24184227422241E-005 1.10033368876988E-005 1.03095470158914E-005 9.6787555914225E-006 9.11331232845656E-006
 7561187586078370 0.000022712 2.19353048983771E-005 2.09801100422995E-005 1.96828833958146E-005 1.87863570134839E-005 1.79831988758825E-005 1.71362869745556E-005 1.58717391197612E-005 1.47267750093507E-005 1.36404848373214E-005 1.24419313472701E-005 1.1006899046696E-005 1.03049102307054E-005 9.65968483707731E-006 9.08366845107659E-006
 7191945145648150 2.2912684074694E-005 2.21150974814362E-005 2.11367834341621E-005 1.97861477003838E-005 1.88925423084323E-005 1.8082253383597E-005 1.72137031534954E-005 1.59534093587824E-005 1.47562147190113E-005 1.36744678787535E-005 1.24692006248418E-005 0.000011012 1.02945031007849E-005 9.64877608882157E-006 9.07452132226732E-006
 6834999286606080 2.30912320440446E-005 2.22395137036436E-005 2.126980925408E-005 1.99136094973904E-005 1.90033176530673E-005 1.81655186584985E-005 1.72641335861075E-005 1.59984404679774E-005 1.47914360686257E-005 1.36870945548362E-005 0.000012476 1.10101707747984E-005 1.03001620238149E-005 9.6358130913145E-006 9.04140807848401E-006
 6491167271438190 2.32543092640485E-005 2.23781306904555E-005 2.14047983357366E-005 0.000020021 1.90784912620561E-005 1.82286415341353E-005 1.73360787027577E-005 1.6031432187116E-005 1.48281727502547E-005 1.36988928224933E-005 1.24766774523446E-005 1.10137782000248E-005 1.02792487397164E-005 9.61228005723158E-006 9.01254302679887E-006
 6166321715968170 0.00002342 2.24954975903177E-005 0.000021518 0.00002011 1.91464121643537E-005 1.82813620137859E-005 1.73637611462598E-005 1.60619377793474E-005 0.000014847 1.37122606673919E-005 1.24611703931722E-005 1.10012192555394E-005 1.02587177772443E-005 9.57456799838777E-006 8.97242316381392E-006
 5849695039321450 2.35439246443544E-005 0.000022637 2.16111865124101E-005 2.01799325071432E-005 1.92416257115062E-005 1.83255810770273E-005 1.74155300610444E-005 1.6101084490494E-005 1.48457177113717E-005 1.37158761087415E-005 1.24472125490909E-005 0.000010969 1.02281030578767E-005 9.54219881093395E-006 8.94248229319157E-006
 5545172596015170 2.36521706258125E-005 2.27265916547802E-005 2.16908381453507E-005 2.02664928842598E-005 1.92931320472881E-005 1.83879055717804E-005 1.74521690593003E-005 1.60994077179046E-005 1.48575610572073E-005 1.36766410306927E-005 1.24365597084473E-005 1.095062302751E-005 1.02021623520379E-005 9.51821802431678E-006 8.90112363395453E-006
 5257975799166920 0.000023751 2.28283621404681E-005 2.17501239013407E-005 2.03144009804178E-005 1.93161479667043E-005 1.84299437423153E-005 1.7452771712954E-005 0.000016112 1.48365988227039E-005 1.36660584812411E-005 1.24126680678921E-005 1.09100626681839E-005 0.000010148 9.47044133487965E-006 8.85687329460721E-006
 4987622790854280 2.38522681920483E-005 2.28837139587109E-005 2.18229197933389E-005 2.03446087226801E-005 1.93655337353297E-005 1.84518532479147E-005 0.000017468 1.61123001702337E-005 1.48206912159086E-005 1.36598923024213E-005 1.23763375127083E-005 0.000010864 1.01082718465063E-005 9.41572299727602E-006 8.79733304379955E-006
 4730400967352930 2.39404154721845E-005 2.29683328421771E-005 2.18848811707643E-005 2.03556434068566E-005 1.93996168762829E-005 1.84768534911525E-005 1.7487306919996E-005 1.60936710692518E-005 1.47911873972751E-005 1.36238195898374E-005 1.23395802808161E-005 1.08137223576605E-005 1.00552853322161E-005 9.36652234710382E-006 8.74909889293048E-006
 4484571772907500 2.40148216538887E-005 2.30133426024395E-005 2.1926643104786E-005 0.000020406 1.94201792707085E-005 0.00001846 1.7488661656447E-005 1.60831959925121E-005 1.47753494001456E-005 1.35740538535714E-005 1.23082421245922E-005 1.07841810693424E-005 1.00025934419255E-005 9.29537413884514E-006 8.66809542131944E-006
 4253956868275290 0.000024097 2.30859270278741E-005 0.000021933 2.04402724405108E-005 1.94313552207261E-005 1.84101179334064E-005 1.74581597315989E-005 1.60451578030301E-005 1.47296870635776E-005 1.35374594869964E-005 1.22416986874653E-005 0.000010734 9.96537284372165E-006 9.23615080270765E-006 8.60708899411577E-006
 4029446417881330 2.41341631372445E-005 2.31121689561559E-005 2.20006134501613E-005 2.04336567377064E-005 1.94524357318464E-005 1.84128717349926E-005 1.74022345896678E-005 1.60009268690907E-005 1.46970551188099E-005 1.34732687208458E-005 1.21913256433311E-005 1.06530678522128E-005 0.000009891 9.169818119284E-006 8.56075090108276E-006
 3817548863114840 2.41689357208149E-005 2.30926682528643E-005 2.19982523052768E-005 2.04365853144157E-005 1.94233225069773E-005 1.84002325746718E-005 0.000017368 1.59538079479791E-005 1.46415208969018E-005 1.34271253161832E-005 1.21418252564632E-005 1.06070761724657E-005 9.81856579216824E-006 0.000009098 8.48056023447055E-006
 3618157195366030 2.42020904149651E-005 2.31216625434976E-005 2.1964823954259E-005 2.04298569380524E-005 1.9410309234743E-005 1.83801807127964E-005 1.73271875022692E-005 1.59080789249635E-005 1.45645694925998E-005 1.33733722901935E-005 1.20584966403796E-005 0.000010512 9.74473713852072E-006 9.00872871182149E-006 8.39310313181953E-006
 3433883458396330 2.42742148621689E-005 2.31087929910938E-005 2.19794464699352E-005 2.04085139031158E-005 1.93715760019763E-005 1.83593674755079E-005 1.73016409878618E-005 1.58926906718283E-005 1.45324768802965E-005 1.33233556294766E-005 0.000012025 1.04603632780078E-005 9.6903725088166E-006 8.96931248024068E-006 8.32577572279905E-006
 3246395747800560 2.42687793749914E-005 2.31944420655079E-005 2.20084417600713E-005 2.04312368612431E-005 0.000019369 1.829092209423E-005 0.000017273 1.58635473210474E-005 1.44621196123501E-005 1.32306248033571E-005 1.19566503774797E-005 1.03894735438419E-005 9.61240843847024E-006 8.86663440192829E-006 8.24274229220331E-006
 3074756391713470 2.42771785282296E-005 2.31720619460212E-005 2.19758556093931E-005 2.03801380963518E-005 0.000019361 1.82709126596507E-005 1.718638952573E-005 1.57914810607045E-005 1.44088002714099E-005 1.31926956321811E-005 1.18938594494638E-005 1.0314208499054E-005 9.53688012038988E-006 8.7913474309012E-006 8.16942082389425E-006
 2913117713560420 2.42777096040589E-005 2.31470931785063E-005 2.19515424253367E-005 0.000020359 1.92886478706123E-005 1.81917140709426E-005 1.71404551064177E-005 1.56776589680716E-005 1.43138971416468E-005 1.30823117144403E-005 1.17931049321788E-005 1.0238836861507E-005 9.45870030472837E-006 8.69053988620126E-006 8.07206969785573E-006
 2764867762948250 2.43110949776773E-005 0.000023098 2.18672337224887E-005 2.03102008088323E-005 1.92012939930022E-005 1.81116699327583E-005 1.70116268808666E-005 1.56233887926514E-005 1.42358951009658E-005 1.2968684976177E-005 1.16778687366277E-005 1.01562669556E-005 9.39542554041154E-006 8.62007760882891E-006 7.9796950055044E-006
 2612543843073990 2.42274912566574E-005 2.30864719922527E-005 2.18262128660651E-005 0.00002024 1.91406189863151E-005 1.80045272837767E-005 1.69086649661096E-005 1.54998071508505E-005 1.41513690810498E-005 1.29093921929211E-005 1.16041705968226E-005 1.00878677989841E-005 0.000009274 8.51475500346173E-006 7.90887261321168E-006
 2473944489822670 2.41878777880485E-005 2.29651249691275E-005 2.17778068771229E-005 0.000020123 1.90216023787467E-005 1.79801133637198E-005 0.000016848 1.54796127053997E-005 1.4046847904592E-005 1.27654872957952E-005 1.15215306190002E-005 9.97362897037282E-006 9.19031612752864E-006 8.42862817283218E-006 7.83218862584007E-006
 2341287840774020 2.41317025951417E-005 2.28772863201841E-005 2.16703099499517E-005 2.00028759317224E-005 0.000018918 1.78945115971339E-005 0.000016738 1.52994028745481E-005 1.3939788518298E-005 1.27058834183449E-005 1.13981624335404E-005 9.85479287817456E-006 9.11635180689327E-006 8.34262362453922E-006 7.72386616365521E-006
 2213793854181680 2.40477887176325E-005 2.28505467153851E-005 0.000021531 1.99271183418289E-005 1.88766278905045E-005 1.77641631593756E-005 1.65964392132097E-005 1.52232898495198E-005 1.38556947658747E-005 1.26088924992246E-005 1.13331497243709E-005 9.77778513757066E-006 9.00817604896621E-006 8.27289226896253E-006 7.63925528578556E-006
 2093569678592550 0.000023956 0.000022821 2.15437255377929E-005 1.98023206507782E-005 1.87705903486622E-005 0.000017637 0.000016535 1.51240719881597E-005 1.37458182413444E-005 1.25084872746096E-005 1.11866300246915E-005 0.000009624 8.89980858410513E-006 8.16435189580549E-006 7.57316598622827E-006
 1985683908316800 2.39168831780123E-005 2.27324131445152E-005 2.1455377940332E-005 1.97940525298117E-005 1.86176724806773E-005 1.75426062848537E-005 0.000016405 1.49703341151329E-005 1.35953627297944E-005 1.23447061683792E-005 1.10546540485034E-005 9.54726258397695E-006 8.80354395533028E-006 8.02444309843312E-006 0.000007409
 1876733734171810 0.000023811 2.25914014361086E-005 0.000021223 1.96063853159613E-005 1.85090774640339E-005 1.73503624885969E-005 0.000016233 1.48431177502341E-005 1.34416839562256E-005 1.22623221246068E-005 1.09447962456327E-005 9.44283127121572E-006 8.69893327199044E-006 7.92970593852278E-006 7.30943503830703E-006
 1770820787986060 2.36560797059102E-005 2.24457547124818E-005 2.11484366177298E-005 1.94022167101551E-005 1.84028625261539E-005 1.72804702517956E-005 1.61105809752833E-005 1.47428782118383E-005 1.33798989564336E-005 1.21360712906168E-005 1.08908467774961E-005 9.30946088603642E-006 0.000008564 7.8313896223178E-006 7.26216984271934E-006
 1669041841240040 2.34764425338695E-005 2.23278058872194E-005 2.10123324370482E-005 1.9360874766536E-005 1.82572671204923E-005 0.000017168 1.60538131172515E-005 1.46004494863614E-005 1.32691873488588E-005 1.19887819002635E-005 0.000010798 9.22743666751295E-006 8.48690779387768E-006 0.000007699 7.15560592402252E-006
 1586327326141040 2.34848914234063E-005 2.21286527322529E-005 0.000020925 1.91792192593625E-005 1.81278394277793E-005 1.70492791176014E-005 1.59326922683114E-005 1.44866153371268E-005 1.31124677353635E-005 1.18978490277194E-005 1.067111485986E-005 0.000009131 0.00000839 7.62123504818204E-006 7.05529914701031E-006
 1496448678142220 2.33103427790826E-005 2.19513349033434E-005 2.07582334452828E-005 1.9009526944783E-005 1.7996628321887E-005 1.69395667604458E-005 1.57688078556906E-005 1.43195552249895E-005 1.29843586684132E-005 0.000011746 1.05110931250752E-005 9.01725362453535E-006 8.20227837984806E-006 7.5149488803733E-006 6.96629793566029E-006
 1410020092327440 0.000023086 2.19092000793098E-005 2.06168135243436E-005 1.89207480632991E-005 1.78218522381809E-005 1.67015265450599E-005 1.55929244703724E-005 1.41625790716217E-005 1.28166343241595E-005 1.16208977918175E-005 1.03652521000978E-005 8.92618456767318E-006 8.13720286398811E-006 0.000007416 6.8683086960486E-006
 1335575836085300 2.30061661503133E-005 2.16794697820795E-005 2.04582572686757E-005 1.87526397712522E-005 1.76578088731523E-005 1.659665903431E-005 1.54932840421739E-005 1.40111302642766E-005 1.27148152969411E-005 1.15565724376222E-005 1.02012822254775E-005 8.85214823954277E-006 0.000008071 7.31933021651817E-006 6.77320331931779E-006
 1257444901917710 2.27605299711514E-005 2.14819323582172E-005 2.02393147825564E-005 1.84698106724366E-005 1.75163489762021E-005 1.63993030707636E-005 1.52417349479655E-005 1.3837555851009E-005 1.25855687065795E-005 1.14128593420312E-005 1.01416231586098E-005 8.7428900299952E-006 7.93969237846632E-006 0.000007194 6.63520713523533E-006
 1184711515958830 0.000022551 2.13043482583453E-005 2.01534652799117E-005 1.84031472873639E-005 0.000017351 1.61845648762204E-005 1.51015169440721E-005 1.37456438855982E-005 1.25041760484187E-005 1.13545425914854E-005 1.0059592670874E-005 8.59305082627935E-006 7.79513240546314E-006 7.13229303616769E-006 6.57172479341545E-006
 1119433385260780 2.23968937041345E-005 2.10478637416514E-005 1.98124298048351E-005 0.000018113 1.70885004188391E-005 1.60835457966887E-005 1.50045151535693E-005 1.3593669491926E-005 1.2270904703434E-005 1.1152556985276E-005 9.97088141635285E-006 8.5011600950259E-006 7.84117311492923E-006 6.99362938471312E-006 6.51258496926801E-006
 1060917216781200 2.23149340407451E-005 2.08964800012586E-005 0.000019794 0.000018092 1.7034398570774E-005 1.59332439063693E-005 1.49051838961371E-005 0.000013445 1.21585571219716E-005 1.099349402761E-005 9.78917646355238E-006 8.32874838302845E-006 0.00000764 6.87853880224764E-006 6.43109770004045E-006
 1000328707369710 2.21027586949227E-005 2.08624808266172E-005 1.95667616761521E-005 1.79138039519045E-005 1.6887242713098E-005 1.57906522698458E-005 1.47078816868077E-005 1.32848122427519E-005 1.21212114966788E-005 1.08547922341735E-005 9.75079940392252E-006 8.25531692908058E-006 7.53612566347928E-006 6.85826912173446E-006 6.3001730662215E-006
 947530148631117 2.19828359093018E-005 2.0756104428608E-005 1.95147241097554E-005 1.7820709976265E-005 1.67378735653145E-005 1.55893822992506E-005 1.47016869097378E-005 1.3104383303902E-005 1.18892517223433E-005 1.07006945855053E-005 9.58069244040354E-006 8.21242297243328E-006 7.43308523603489E-006 6.68537292849404E-006 6.21410749450594E-006
 895775323977022 2.18414430760047E-005 2.05253007463253E-005 1.93082453720208E-005 1.75794904140056E-005 1.66026471085776E-005 1.54541000876261E-005 1.44728058331394E-005 1.29211291270877E-005 1.17063479408662E-005 1.06468505829697E-005 9.37734602267837E-006 8.0714280891288E-006 7.32482595668256E-006 6.58886269245439E-006 6.10890845640239E-006
 845446687888051 2.1635434168309E-005 2.03631223773742E-005 1.91701565048999E-005 1.73896301408882E-005 1.62830783604157E-005 1.52950662173212E-005 1.42016770495043E-005 0.000012842 1.16647019259651E-005 1.04914168749747E-005 9.32525067413945E-006 7.95369263533448E-006 7.20677317799189E-006 6.50032749764904E-006 5.99022169169553E-006
 801686885421090 2.15498911744575E-005 1.99987772686148E-005 1.89691084740364E-005 1.72244720888864E-005 1.60506583586209E-005 1.52317358553321E-005 1.40406744624878E-005 1.26676482663345E-005 1.1479087481648E-005 1.0269713928033E-005 9.26917041945144E-006 7.81248100598988E-006 7.15390377108718E-006 6.43646990844939E-006 5.97337489610755E-006
 755745002016046 2.13212728702623E-005 1.97776746573535E-005 1.86543521024946E-005 1.69659303389345E-005 1.59545059513056E-005 1.51223261728067E-005 1.38678794608231E-005 1.24080730520848E-005 1.12455257522667E-005 1.01352052939676E-005 9.11223631985287E-006 7.68062815302941E-006 7.07506368619434E-006 0.000006295 5.9113782707086E-006
 718100431933705 2.12605161046814E-005 1.95203411140203E-005 1.87200729525394E-005 1.67901661517949E-005 1.58088126300807E-005 1.47978310535179E-005 1.38188689124227E-005 1.22962123768687E-005 1.11477632451615E-005 1.01060871424923E-005 8.97005771934215E-006 7.56954211665428E-006 6.86057321507786E-006 6.23844085570148E-006 5.80010263881207E-006
 674655876384711 2.09639213447321E-005 1.93752225465561E-005 1.85004673885985E-005 1.6629171487296E-005 1.57374229989256E-005 0.000014621 0.000013661 1.22389192532494E-005 1.10831644660879E-005 9.97168299882638E-006 8.70391963022321E-006 7.5132858124943E-006 6.74653551711861E-006 0.000006178 5.72657709894439E-006
 640028712629077 2.08537819386113E-005 1.92657749614158E-005 1.83235178470687E-005 1.65195257752072E-005 1.5355826580261E-005 1.43043514255671E-005 1.35272353928778E-005 1.19752676624856E-005 1.09243386560379E-005 9.84366254091154E-006 8.67118242630777E-006 7.53119843000448E-006 6.68016157561003E-006 5.92706795023649E-006 5.60918945784071E-006
 599323531273239 2.05191115116166E-005 1.89178728658824E-005 1.80136527234123E-005 1.6426658065837E-005 1.52385086433184E-005 0.000014382 1.34015501033312E-005 1.18775356706337E-005 1.0869651445934E-005 9.76021010903441E-006 8.53605159917045E-006 7.31405192132676E-006 6.62583343963721E-006 5.93357364969345E-006 0.000005573
 563843015908686 2.02627778477985E-005 1.88178814755013E-005 1.7869520002158E-005 1.60737369164116E-005 1.52271562811105E-005 1.41060837348844E-005 0.000013146 0.000011682 1.06830922960008E-005 9.56615749071746E-006 8.52926987052499E-006 0.000007197 6.51408429631738E-006 5.97558757647822E-006 5.45457300962101E-006
 531394257565601 2.00525826386676E-005 1.86374695832954E-005 1.76551762815484E-005 1.57697496355598E-005 1.4866093231798E-005 1.39312612444767E-005 1.30355921963569E-005 1.16228095097645E-005 1.06097441803023E-005 9.46076824802351E-006 8.30856648017022E-006 7.08227107875119E-006 6.58891066553889E-006 5.77787046239899E-006 5.33247295488779E-006
 501592271413201 1.99031318041412E-005 1.84964941938694E-005 1.77162909587251E-005 1.5481682633645E-005 1.47720880171849E-005 1.37013881260073E-005 1.27268306743929E-005 1.14167119048882E-005 1.0418621340248E-005 9.51178696314362E-006 8.44077385125969E-006 7.03090724545946E-006 6.37169999657245E-006 5.66459738417948E-006 5.33337363005781E-006
 477618505763267 1.99159005135868E-005 1.83977221463442E-005 1.72948591355708E-005 1.54130812859088E-005 1.45427293561839E-005 1.37471780780285E-005 1.27517283083263E-005 1.1223812570894E-005 1.02581865065631E-005 9.4947499186622E-006 8.23584132647792E-006 6.80276168183957E-006 6.27224193370279E-006 5.68181710176854E-006 0.000005266
 453659101974491 1.98212834263323E-005 1.80924885487667E-005 0.000017228 1.52309030100747E-005 0.000014255 1.34777293505148E-005 1.25904717049187E-005 1.12979380549714E-005 1.02379148695845E-005 9.4570622672497E-006 8.13768235285825E-006 6.7131808114457E-006 6.1404779146936E-006 5.5333878403048E-006 5.22354172910288E-006
 423481394147376 1.9419409289856E-005 1.78826130402093E-005 1.70865453444729E-005 1.50913990862977E-005 1.41105819278933E-005 1.31592350420165E-005 1.23895297420498E-005 1.10364434090079E-005 1.00746550868147E-005 9.15689876563256E-006 7.89452891086743E-006 6.70074226655305E-006 6.0777758930937E-006 5.46874493620271E-006 5.00286146599705E-006
 400787116939625 1.9256264518982E-005 1.75904684667667E-005 1.66918073644431E-005 1.52154579204427E-005 1.35279364751541E-005 1.28267560964461E-005 1.22031796288687E-005 1.09744735351522E-005 9.79440832460832E-006 8.96534698435051E-006 7.55760851194371E-006 6.43283889848421E-006 6.03358773562637E-006 0.000005458 4.96042884924234E-006
 383076980504372 1.93073384802401E-005 1.74845682523477E-005 1.64285166399195E-005 1.49038882597499E-005 1.37691040189424E-005 1.28869134476954E-005 1.20927747194276E-005 0.000010652 9.8535753782843E-006 8.82118490304492E-006 7.57333284942388E-006 6.35974562480272E-006 6.08762442752552E-006 5.46392655496824E-006 5.01987009554849E-006
 353309329222413 1.8674059339829E-005 0.000017255 1.65547347460087E-005 1.46458187235423E-005 1.37093561585419E-005 1.26432343230148E-005 1.19888342990399E-005 1.06518355112201E-005 9.5706115053222E-006 8.7118636083245E-006 7.39326375454396E-006 6.41726863794745E-006 0.000005872 0.000005383 4.92608142027306E-006
 332233572190658 1.84406635250194E-005 0.000016629 1.59574267898216E-005 1.44698582133272E-005 1.34331118492359E-005 1.24462974774004E-005 1.18211220399447E-005 0.000010282 9.35940771093716E-006 8.58278547760511E-006 7.43022784443892E-006 6.19592170847371E-006 5.76783715168509E-006 5.31635232723E-006 4.88387176682744E-006
 314279482715158 0.000018336 1.64847615176613E-005 1.59616377609153E-005 1.41207086512809E-005 1.33940501006516E-005 0.000012232 1.14579412910596E-005 1.02955095200057E-005 9.01915246036758E-006 8.56219536887371E-006 7.45251939624512E-006 6.21547060926802E-006 5.48373276634401E-006 0.000005133 4.84742071265508E-006
 297278862388002 1.81925630230626E-005 1.60455451091271E-005 1.57382689944822E-005 1.42798439824486E-005 1.2942190677953E-005 1.22567523049062E-005 1.11793583432756E-005 1.01664575806245E-005 8.93318720986006E-006 8.7725621249746E-006 7.30257118689416E-006 6.01842898908768E-006 5.34173416904674E-006 5.10951051549475E-006 4.73353017885136E-006
 284611658076863 1.82722916972658E-005 1.58763755189641E-005 1.5477517231602E-005 1.42344134374828E-005 1.30311291649727E-005 0.000012101 1.14574826960377E-005 9.78489421767037E-006 9.03815064285538E-006 8.41013960043307E-006 6.99613160833125E-006 6.07313292010705E-006 5.33043423070227E-006 4.78890663209548E-006 4.51881341228509E-006
 264244831708593 1.7755611687529E-005 1.54646740783774E-005 1.52995114575585E-005 1.38200744773186E-005 0.000012829 1.16122557341789E-005 1.07681019420884E-005 9.61563294414149E-006 8.92849609372679E-006 8.47768756874424E-006 6.93036389295464E-006 5.77864070788604E-006 5.35814156030878E-006 4.94868833225527E-006 0.000004538
 251060706825494 1.76537271685204E-005 1.55217306465917E-005 1.54242304041146E-005 1.33674912553378E-005 1.22056636828954E-005 1.15497605744104E-005 1.10198531599157E-005 9.35692254642717E-006 0.000009062 8.35888836484971E-006 6.67241354246402E-006 5.75328325286098E-006 5.51433353780416E-006 4.84039428496499E-006 4.54850690488432E-006
 226840696430333 1.67491943505392E-005 1.51747924874231E-005 1.49890663136528E-005 1.35045115162716E-005 1.2279724807483E-005 1.1534184121134E-005 1.08357754557559E-005 9.58405190734789E-006 8.73368071355125E-006 7.97957453557821E-006 6.62966999097424E-006 5.75655418781088E-006 5.40266733038853E-006 4.91285589575494E-006 4.47355572306844E-006
 212737960012718 1.65075029097822E-005 1.49327793119698E-005 1.47116463587371E-005 1.32942689996026E-005 1.23856209951942E-005 1.14083153882214E-005 0.000010717 9.38326811210172E-006 8.62725115199607E-006 7.89860710740711E-006 6.60954860838362E-006 5.40719014359282E-006 5.26445296763559E-006 4.80443068145306E-006 4.3576084441765E-006
 203580150334793 1.66291815838421E-005 1.4716830020414E-005 1.47447301263336E-005 1.28051766795572E-005 0.000012178 1.11194848968362E-005 1.05284393591188E-005 9.3204414839761E-006 8.41373951591672E-006 8.1506094793891E-006 6.70344863328904E-006 5.50959333296769E-006 4.85707107206083E-006 4.96818452320717E-006 0.000004447
 194146036441544 0.000016628 1.43093966380399E-005 1.40744165422403E-005 1.2760631655751E-005 1.18772424533939E-005 1.11570562444975E-005 1.03639173456908E-005 9.05578245216596E-006 8.34110114899118E-006 8.12305122141978E-006 6.68535968238068E-006 5.4434572981822E-006 4.7975539965846E-006 4.60646918502724E-006 4.46220503986693E-006
 185807634388040 1.67133028096253E-005 0.000014731 1.42465492373896E-005 1.30016419122618E-005 1.21788787899878E-005 1.14124529056657E-005 1.03853677805194E-005 8.92415869778291E-006 8.3914681438693E-006 8.03852442277413E-006 6.54381902826957E-006 5.45338081611174E-006 4.85839130679841E-006 4.5172653263747E-006 4.21546138272832E-006
 172042891105425 1.6226122994373E-005 0.000014343 1.39596030347528E-005 1.30234686352314E-005 1.17923920907263E-005 1.08036406356128E-005 0.000009991 9.09380551610984E-006 8.32683673101701E-006 7.19506854751716E-006 6.51641563354609E-006 5.37253076993824E-006 4.72832405069162E-006 0.000004579 4.27776860152323E-006
 160999715182957 1.59352546614105E-005 1.4557530588217E-005 1.36812705679779E-005 1.27434438658017E-005 1.17010909308541E-005 0.000010642 9.85213810720489E-006 8.33163926851625E-006 8.37653988177435E-006 7.33905330272889E-006 6.4798510412459E-006 5.46493091280611E-006 0.000004928 4.58188307634227E-006 4.33654195834071E-006
 152081749671542 1.57962913339437E-005 1.38094121769302E-005 1.30118384657953E-005 0.000011888 1.17029210706309E-005 0.000010751 9.54108689275896E-006 8.56680352226008E-006 8.12135742326782E-006 7.35217329343024E-006 6.30279183485687E-006 5.17132194074768E-006 5.03840058433031E-006 4.54946723892262E-006 4.34530620694547E-006
 141111519560894 1.53778793589712E-005 0.000013498 1.32271312266504E-005 1.24455760410671E-005 1.13183831875004E-005 1.08025452598899E-005 9.69067556564502E-006 8.61644077695948E-006 7.89748330144614E-006 0.000007206 6.43637978966716E-006 5.14181866987229E-006 4.92440610342147E-006 4.85907411876643E-006 4.09178767843709E-006
 134009127860061 1.53456338565526E-005 1.37118735227092E-005 1.33406030092712E-005 1.20956808099166E-005 1.09731284665E-005 1.01275506856702E-005 9.90626293926137E-006 0.000008315 7.33717718338323E-006 7.61223469644155E-006 6.29893321970386E-006 5.07087662340624E-006 5.23313380201431E-006 0.00000483 4.21759196893555E-006
 120528185702590 1.44778221060644E-005 1.36642663523915E-005 1.28861586098533E-005 1.19943879766863E-005 1.07974750495906E-005 1.08097675507341E-005 8.98840097307282E-006 8.38512551146942E-006 7.40246645656895E-006 7.26032651768521E-006 6.00115251355318E-006 5.15831900926898E-006 4.55812854001693E-006 4.30736112102749E-006 4.0594120542972E-006
 115922702810825 1.46537295218007E-005 1.32941290082787E-005 1.28638868199962E-005 1.18501245709913E-005 1.10767892428266E-005 1.03435127499077E-005 9.04140711255703E-006 7.69456650867359E-006 7.33365080789287E-006 7.12270902219249E-006 5.85363390916451E-006 4.75788600340455E-006 4.74113625567624E-006 4.06155921703946E-006 0.000003978
 105968985682384 1.4069800122053E-005 1.28357914069555E-005 1.19855798705306E-005 1.13732197667986E-005 1.13137152972073E-005 0.000009392 9.15780835659542E-006 7.81513687739166E-006 7.52382597474019E-006 6.8102970847341E-006 5.75365115888518E-006 5.29725387432631E-006 5.21591533254552E-006 4.0445481846636E-006 4.06651367082625E-006
 101771392935487 1.41961558747985E-005 0.000013008 1.20158060332374E-005 1.17015697283225E-005 1.00015953084732E-005 9.24794402754977E-006 9.29652678613407E-006 8.1200595405347E-006 7.42517960587841E-006 6.46214182861627E-006 5.64722698145896E-006 4.93952696358191E-006 4.7169175026509E-006 0.000004231 3.98171869587094E-006
 93193329488754.7 1.36359000705882E-005 1.25526578159435E-005 1.15868237783347E-005 1.15292663447348E-005 1.07004562707439E-005 9.29769779101634E-006 8.50455309202217E-006 7.96278798730205E-006 7.2432836179491E-006 6.46918492191244E-006 5.60943520288674E-006 5.11866034676055E-006 4.92050693865436E-006 0.000004467 4.36692158641294E-006
 86079648523113 1.32695788509563E-005 1.27210921077406E-005 1.22789195210697E-005 1.11111063506131E-005 1.06962874421345E-005 9.82714461876362E-006 8.68267165044595E-006 7.91338449912193E-006 6.96538224066369E-006 6.86362012882863E-006 5.85680705362425E-006 4.53058964419801E-006 4.96256115191265E-006 4.0145262678892E-006 3.61517121324117E-006
 80925028098619.4 1.31292733635711E-005 1.27825435422852E-005 0.000011827 1.12373831681684E-005 1.09144333167687E-005 9.6810595830823E-006 7.95407130955374E-006 7.53960612292804E-006 6.81985009077298E-006 6.60213918472131E-006 5.50556521519603E-006 4.05940405164568E-006 4.48819396532181E-006 4.31765868202918E-006 3.62808720891048E-006
 78813912292475.8 1.34562431617112E-005 1.32052255498772E-005 1.20023713650174E-005 1.18207254932814E-005 1.04346385457234E-005 9.62559616504951E-006 8.88791799090377E-006 7.48868150884663E-006 6.46211636031071E-006 6.18836551038871E-006 5.56544970245972E-006 4.36244025014728E-006 0.000004477 4.15575371116447E-006 3.38368548175606E-006
 72731077956279.4 1.2962536397231E-005 1.23724981992325E-005 1.10575980272371E-005 1.19155532295883E-005 1.01982067596169E-005 9.75255676325348E-006 7.90129629978962E-006 7.93383174171491E-006 5.93266691602616E-006 6.37509523786029E-006 5.19137712389771E-006 4.77777643999274E-006 4.64342838760096E-006 3.90307886958286E-006 3.79824831196257E-006
 70466173462513.9 1.32553826959042E-005 1.32175218439934E-005 0.000010808 1.12041615268269E-005 9.73257845599828E-006 1.0409404592952E-005 7.68321086374073E-006 7.24958586198493E-006 6.6575602833612E-006 5.72913443639053E-006 5.54739627808681E-006 4.31818036581492E-006 4.93310063086846E-006 4.15146841004779E-006 3.28487517108309E-006
 58372775260975.9 1.15595537636418E-005 1.23892551935579E-005 1.10440946283114E-005 1.11742362575205E-005 1.03564213600467E-005 9.30886202826921E-006 8.44126773255377E-006 7.61291319050449E-006 0.000006193 0.000005641 5.76227471162295E-006 4.45436273973035E-006 4.65867996395164E-006 0.000003943 3.37214171137944E-006
 56451374662072.7 1.17768123953083E-005 1.2260237613746E-005 9.74850217215137E-006 1.12219039407029E-005 1.0645947802009E-005 1.05192491559924E-005 7.96833043848528E-006 7.08980287565781E-006 6.25605670192276E-006 5.16213166269634E-006 5.76535711477929E-006 4.2564243923027E-006 4.72611734022802E-006 3.84961764448493E-006 3.5411816067342E-006
 51525138227361.5 1.13495253018026E-005 1.19400677704595E-005 1.03096066678977E-005 1.07753213396082E-005 1.04729369099334E-005 9.86448967544143E-006 7.82176053303778E-006 7.45475967092129E-006 5.905057163467E-006 5.94553127886652E-006 5.5404901745506E-006 4.95214914839879E-006 4.53044010289565E-006 3.81482025202443E-006 3.87266691691195E-006
 50998613148637 1.18513796036293E-005 1.24989063882243E-005 9.88073041570278E-006 1.00797521941464E-005 1.00755834070345E-005 9.56310283465697E-006 7.70183247582693E-006 7.41328508640621E-006 5.58585942442828E-006 5.84029257324068E-006 5.57950342646865E-006 4.35124446936591E-006 4.55731303623865E-006 3.68881619681359E-006 3.27313391049679E-006
 43876820111273.2 1.07644972324123E-005 1.12222671959195E-005 1.05265648516889E-005 1.06802491709872E-005 1.03151850639438E-005 9.08443909200945E-006 7.16014478513383E-006 7.81419028394343E-006 5.30753812149198E-006 6.19133620108079E-006 4.79519303426759E-006 4.07360318081644E-006 4.84116997855647E-006 3.89482661702358E-006 3.13750010172989E-006
 46260533423130 1.18271861785235E-005 1.40587163649917E-005 0.000010152 1.00736601740331E-005 1.05712784723833E-005 8.40847531330418E-006 6.57825603828189E-006 6.77652805465817E-006 6.14252496593184E-006 6.22287030563244E-006 4.82091142261102E-006 5.3788794063634E-006 4.81113730593862E-006 4.17209916165721E-006 2.88707084143515E-006
 40441617290507.1 1.08773046132284E-005 1.199511322318E-005 1.05054225751035E-005 1.14132274252531E-005 1.05747096844682E-005 8.5389263469725E-006 6.43272659552632E-006 7.16430438567491E-006 6.81289887168477E-006 4.77032167823804E-006 5.29914553532253E-006 5.02488218824405E-006 4.77113995828065E-006 3.56464801677432E-006 3.31528537953814E-006
 30452113268186.2 8.6776626572539E-006 1.14842464076094E-005 9.78059214300374E-006 1.07764654815055E-005 9.77232638173713E-006 9.10566129142398E-006 6.0632650893381E-006 6.58971054105243E-006 6.37150324609925E-006 5.20990597172098E-006 5.75424139307424E-006 3.9706444535121E-006 3.74080850632533E-006 3.681203713069E-006 3.47911288835113E-006
 28628524041873.7 8.64706230662306E-006 1.10617058466025E-005 9.87209403734449E-006 9.14820202799561E-006 8.80261381355568E-006 9.79008760284671E-006 6.45934644948574E-006 6.13617907639841E-006 6.31748076076548E-006 5.92867636572308E-006 5.89644766113559E-006 3.67810063453396E-006 5.1285551847782E-006 3.32347862049148E-006 3.1855848264818E-006
 32801481762270.2 1.05151408067405E-005 1.21311246074332E-005 9.56520410521816E-006 1.0058714484354E-005 8.43413353819505E-006 9.27440107135797E-006 6.69834550583373E-006 6.70307119548972E-006 6.17736051710318E-006 6.30267528728637E-006 5.78606682351692E-006 3.56363289499959E-006 4.31755406207063E-006 3.39245001014701E-006 3.41365837499472E-006
 33110651736274.9 1.11708481812763E-005 1.08073016685492E-005 0.000008229 9.90835821049928E-006 0.000010176 1.08477015460415E-005 6.5140740523732E-006 0.000007663 4.48757226241473E-006 0.000006221 5.40534540208611E-006 4.57455820592626E-006 4.89015459904481E-006 3.82962584330223E-006 3.38729686586828E-006
 26125781820464 9.23327942494751E-006 1.22597127031704E-005 9.41563716561881E-006 9.55523888973456E-006 7.53575907470174E-006 0.000011036 6.71961560695945E-006 7.686207039021E-006 5.43292736974051E-006 5.373888873197E-006 5.79345035228403E-006 5.18347035968811E-006 4.85359273894486E-006 3.59458083537624E-006 2.70908911457298E-006
 26280163523490.1 9.78394417219186E-006 1.21449481679652E-005 1.00825110893197E-005 1.01325619966803E-005 8.73866229901207E-006 9.37306642847277E-006 6.27839777105845E-006 7.46505217358554E-006 5.81730015469068E-006 5.38976538320561E-006 4.35961168751293E-006 3.73023034412078E-006 3.82270262034614E-006 0.000003219 2.33147716165832E-006
 25878555956535.5 1.02085241485027E-005 1.24293146144243E-005 1.13205259912337E-005 1.09958446999348E-005 7.93339520195192E-006 8.32642325041137E-006 5.76393746181235E-006 8.26936663174449E-006 4.54059080383925E-006 5.81176116017378E-006 5.73628951221291E-006 4.10478822700426E-006 5.5154736154454E-006 3.18862925647007E-006 3.95581959832303E-006
 19733431193396.1 8.28943347593223E-006 1.04919146287148E-005 8.0985809711982E-006 7.71717057817417E-006 9.18668205853204E-006 1.02364185536122E-005 4.85124158896716E-006 5.91814126285239E-006 5.45790912208151E-006 4.08546445441408E-006 0.000005752 5.07132482125548E-006 4.81638578265736E-006 2.77087203487259E-006 3.23319861685006E-006
 25940401235663.9 1.14426455816649E-005 0.000008459 7.94467939969784E-006 8.09971084948247E-006 7.53178662476488E-006 7.28077070266465E-006 6.69633763979974E-006 8.1173040582893E-006 5.23743104232568E-006 4.73564317684007E-006 5.65948836611676E-006 3.37339998232869E-006 4.61013889559861E-006 3.0607689559831E-006 3.60172449672846E-006
 25971244971506.3 1.21430793604285E-005 8.46427379553972E-006 1.05887921321706E-005 7.45116916573831E-006 8.70236529799094E-006 1.04915080655777E-005 0.000007079 9.23444563330716E-006 0.000003957 6.26947550791609E-006 5.50380638262127E-006 3.60168601483531E-006 5.76731176030668E-006 2.4924716650482E-006 3.50352990867421E-006
 17202931763496.6 8.44470917959389E-006 9.4860827348613E-006 7.94262185264232E-006 8.47770350505992E-006 6.76078700869406E-006 7.88948464770979E-006 5.98227032052728E-006 6.67121544815111E-006 4.5052767725802E-006 4.52839310317955E-006 5.0939164010549E-006 4.50533957751104E-006 5.45458922324632E-006 2.72727448205486E-006 2.28818980118425E-006
 17171968330458.4 8.96340901780287E-006 8.29933213634479E-006 8.92624852485459E-006 9.01134964120814E-006 6.75640298808152E-006 8.18182341548776E-006 3.81155607606291E-006 7.15763561553929E-006 6.18486230779838E-006 5.09706877482002E-006 3.68450222123108E-006 3.35159352816206E-006 4.50176182278355E-006 1.25260729440151E-006 0.000002358
 19023560471185.8 1.04664345853528E-005 9.90936049688316E-006 5.73309587585399E-006 8.08029184275371E-006 0.000007015 7.09412413373453E-006 4.82067740047848E-006 5.49979107458456E-006 4.84087370159968E-006 6.13964953220553E-006 4.46308559650438E-006 4.19859002279584E-006 6.46392534595033E-006 2.42514317479363E-006 1.34691814557096E-006
 14920018896204.2 8.72336384631434E-006 0.000007609 8.04645493025257E-006 8.95244958900001E-006 0.000005709 8.75517602797255E-006 2.30441708802938E-006 5.643945674715E-006 4.51624179479497E-006 6.27852586209693E-006 5.93824225215344E-006 4.65208685502556E-006 4.91348063395028E-006 3.00859534076088E-006 2.84250269636087E-006
 11497464026466.6 7.10110983364144E-006 7.79919691652359E-006 1.06527382333275E-005 7.96481615224702E-006 5.36724361574069E-006 7.29557959132229E-006 4.9168225928767E-006 7.35712876661364E-006 3.6003278948351E-006 3.8236599224E-006 5.8797396186271E-006 5.2180902770948E-006 4.90457622077455E-006 1.77247056870143E-006 5.12147711679917E-006
 11220058504179.2 7.36207846330357E-006 8.16763038430815E-006 8.17256828585552E-006 8.15516611875706E-006 3.90332481087727E-006 6.65845752627675E-006 2.81373726663648E-006 4.75158819170158E-006 4.46081710395754E-006 4.92913310253348E-006 0.000006142 3.81815883409256E-006 4.56613063849787E-006 2.61793567922514E-006 3.08363262921402E-006
 8847328264656.55 6.182233804549E-006 0.000011896 9.65438203430127E-006 0.000005897 3.90539528450137E-006 0.000003302 0.000002397 7.43978848663272E-006 4.2013870695995E-006 6.97751578675733E-006 7.35059395413144E-006 3.45355882730336E-006 5.95221880234935E-006 3.11979782734168E-006 0.000004728
 7245689635742.26 5.38187309973517E-006 9.17584228449817E-006 9.56566960601026E-006 8.46648086706618E-006 6.57884698128093E-006 4.89758153865514E-006 4.46889928315945E-006 0.0000073 1.52379585243973E-006 3.02616939037191E-006 7.1212781167117E-006 4.41084262841528E-006 5.19282081450748E-006 7.97897692110166E-007 2.83556680874812E-006
 10295475107438.1 8.21521098937406E-006 9.11867857197191E-006 1.16507122130827E-005 5.8264172558577E-006 4.98542113713224E-006 7.28407374218082E-006 3.67838377547721E-006 0.000006166 2.12157903318597E-006 6.84520162901403E-006 7.34185855784936E-006 5.66605097010864E-006 6.51559125035567E-006 9.26781121035409E-007 0.000000735
 5613903148861.43 4.75030797963605E-006 8.42384956510557E-006 9.13955721917448E-006 5.08737111677658E-006 2.77362640503663E-006 7.16713857256738E-006 4.23033227242258E-006 6.25885652646166E-006 6.06521777630854E-006 9.08351787669997E-006 5.98728526295021E-006 4.57123929420629E-006 4.27010152325414E-006 2.31188313028691E-006 3.10977514500348E-006
 10665293785704.3 9.50779191329451E-006 8.13567564096315E-006 0.000011067 5.47839203788793E-006 4.6745807256455E-006 5.37423462288797E-006 1.50592644676537E-006 6.98192212165162E-006 6.12128627833468E-006 9.37116314217957E-006 5.54385861147997E-006 2.86454094314934E-006 0.000004111 2.74136483508682E-006 5.22441619787742E-006
