Temperature, Et, tn0, k, chi2
463, 0.0461313, 1.46479e-08, 10987.7, 0.000436849
463, 0.0569086, 1.91897e-08, 8386.87, 0.000436849
463, 0.067686, 2.51394e-08, 6401.72, 0.000436849
463, 0.0784634, 3.29332e-08, 4886.48, 0.000436849
463, 0.0892408, 4.31422e-08, 3729.92, 0.000436849
463, 0.100018, 5.65143e-08, 2847.14, 0.000436849
463, 0.110796, 7.40279e-08, 2173.32, 0.000436849
463, 0.121573, 9.69638e-08, 1659, 0.000436849
463, 0.13235, 1.26997e-07, 1266.43, 0.000436849
463, 0.143128, 1.66317e-07, 966.791, 0.000436849
463, 0.153905, 2.17785e-07, 738.078, 0.000436849
463, 0.164682, 2.85136e-07, 563.504, 0.000436849
463, 0.17546, 3.73237e-07, 430.255, 0.000436849
463, 0.186237, 4.88429e-07, 328.547, 0.000436849
463, 0.197015, 6.38946e-07, 250.915, 0.000436849
463, 0.207792, 8.35464e-07, 191.66, 0.000436849
463, 0.218569, 1.09177e-06, 146.431, 0.000436849
463, 0.229347, 1.42558e-06, 111.909, 0.000436849
463, 0.240124, 1.85957e-06, 85.558, 0.000436849
463, 0.250901, 2.42246e-06, 65.445, 0.000436849
463, 0.261679, 3.15034e-06, 50.093, 0.000436849
463, 0.272456, 4.08787e-06, 38.3751, 0.000436849
463, 0.283234, 5.28936e-06, 29.4309, 0.000436849
463, 0.294011, 6.8192e-06, 22.604, 0.000436849
463, 0.304788, 8.75113e-06, 17.3931, 0.000436849
463, 0.315566, 1.11656e-05, 13.4157, 0.000436849
463, 0.326343, 1.41444e-05, 10.3798, 0.000436849
463, 0.33712, 1.77611e-05, 8.06252, 0.000436849
463, 0.347898, 2.20682e-05, 6.29378, 0.000436849
463, 0.358675, 2.70807e-05, 4.94373, 0.000436849
463, 0.369453, 3.27604e-05, 3.91326, 0.000436849
463, 0.38023, 3.90045e-05, 3.12671, 0.000436849
463, 0.391007, 4.5645e-05, 2.52635, 0.000436849
463, 0.401785, 5.24625e-05, 2.0681, 0.000436849
463, 0.412562, 5.92129e-05, 1.71833, 0.000436849
463, 0.423339, 6.56618e-05, 1.45135, 0.000436849
463, 0.434117, 7.16151e-05, 1.24757, 0.000436849
463, 0.444894, 7.69397e-05, 1.09203, 0.000436849
463, 0.455672, 8.15687e-05, 0.973309, 0.000436849
463, 0.466449, 8.54949e-05, 0.88269, 0.000436849
463, 0.477226, 8.87557e-05, 0.813521, 0.000436849
463, 0.488004, 9.1417e-05, 0.760726, 0.000436849
463, 0.498781, 9.35583e-05, 0.720428, 0.000436849
463, 0.509558, 9.52614e-05, 0.68967, 0.000436849
463, 0.520336, 9.66037e-05, 0.666192, 0.000436849
463, 0.531113, 9.7654e-05, 0.648272, 0.000436849
463, 0.541891, 9.84711e-05, 0.634595, 0.000436849
463, 0.552668, 9.9104e-05, 0.624155, 0.000436849
463, 0.563445, 9.95926e-05, 0.616188, 0.000436849
463, 0.574223, 9.99687e-05, 0.610107, 0.000436849
463, 0.585, 0.000100258, 0.605467, 0.000436849
463, 0.595777, 0.000100479, 0.601926, 0.000436849
463, 0.606555, 0.000100649, 0.599225, 0.000436849
463, 0.617332, 0.000100779, 0.597166, 0.000436849
463, 0.628109, 0.000100878, 0.595597, 0.000436849
463, 0.638887, 0.000100953, 0.594404, 0.000436849
463, 0.649664, 0.000101011, 0.593498, 0.000436849
463, 0.660442, 0.000101054, 0.592814, 0.000436849
463, 0.671219, 0.000101087, 0.5923, 0.000436849
463, 0.681996, 0.000101111, 0.59192, 0.000436849
463, 0.692774, 0.000101128, 0.591645, 0.000436849
463, 0.703551, 0.00010114, 0.591455, 0.000436849
463, 0.714328, 0.000101148, 0.591336, 0.000436849
463, 0.725106, 0.000101152, 0.59128, 0.000436849
463, 0.735883, 0.000101151, 0.591282, 0.000436849
463, 0.746661, 0.000101148, 0.591342, 0.000436849
463, 0.757438, 0.00010114, 0.591466, 0.000436849
463, 0.768215, 0.000101127, 0.591661, 0.000436849
463, 0.778993, 0.000101109, 0.591944, 0.000436849
463, 0.78977, 0.000101085, 0.592334, 0.000436849
463, 0.800547, 0.000101051, 0.592861, 0.000436849
463, 0.811325, 0.000101006, 0.593565, 0.000436849
463, 0.822102, 0.000100947, 0.594498, 0.000436849
463, 0.83288, 0.000100869, 0.595731, 0.000436849
463, 0.843657, 0.000100766, 0.597361, 0.000436849
463, 0.854434, 0.000100631, 0.599513, 0.000436849
463, 0.865212, 0.000100452, 0.602359, 0.000436849
463, 0.875989, 0.000100216, 0.606131, 0.000436849
463, 0.886766, 9.99042e-05, 0.611148, 0.000436849
463, 0.897544, 9.94904e-05, 0.617848, 0.000436849
463, 0.908321, 9.89397e-05, 0.626853, 0.000436849
463, 0.919099, 9.82031e-05, 0.639057, 0.000436849
463, 0.929876, 9.7211e-05, 0.655783, 0.000436849
463, 0.940653, 9.58628e-05, 0.67907, 0.000436849
463, 0.951431, 9.40077e-05, 0.712204, 0.000436849
463, 0.962208, 9.1411e-05, 0.760841, 0.000436849
463, 0.972985, 8.7688e-05, 0.835603, 0.000436849
463, 0.983763, 8.21616e-05, 0.95907, 0.000436849
463, 0.99454, 7.35215e-05, 1.1893, 0.000436849
463, 1.00532, 5.88537e-05, 1.73492, 0.000436849
463, 1.01609, 3.00924e-05, 4.34887, 0.000436849
463, 1.02687, -4.64485e-05, -4.46535, 0.000436849
463, 1.03765, -0.00072637, -1.2216, 0.000436849
463, 1.04843, 0.000430272, -0.62591, 0.000436849
463, 1.0592, 0.00026042, -0.381919, 0.000436849
463, 1.06998, 0.00021542, -0.252808, 0.000436849
463, 1.08076, 0.000195153, -0.175208, 0.000436849
463, 1.09154, 0.000183946, -0.124957, 0.000436849
463, 1.10231, 0.000177041, -0.0908281, 0.000436849
463, 1.11309, 0.000172499, -0.0668922, 0.000436849
463, 1.12387, 0.000169383, -0.0497245, 0.000436849
453, 0.0445656, 1.50131e-08, 10651.7, 0.000420285
453, 0.0553743, 1.98015e-08, 8075.63, 0.000420285
453, 0.066183, 2.61169e-08, 6122.6, 0.000420285
453, 0.0769917, 3.44458e-08, 4641.93, 0.000420285
453, 0.0878003, 4.54297e-08, 3519.38, 0.000420285
453, 0.098609, 5.99139e-08, 2668.33, 0.000420285
453, 0.109418, 7.90124e-08, 2023.11, 0.000420285
453, 0.120226, 1.04192e-07, 1533.95, 0.000420285
453, 0.131035, 1.37386e-07, 1163.09, 0.000420285
453, 0.141844, 1.81135e-07, 881.931, 0.000420285
453, 0.152652, 2.38782e-07, 668.773, 0.000420285
453, 0.163461, 3.14718e-07, 507.169, 0.000420285
453, 0.17427, 4.14701e-07, 384.65, 0.000420285
453, 0.185079, 5.46274e-07, 291.765, 0.000420285
453, 0.195887, 7.1929e-07, 221.344, 0.000420285
453, 0.206696, 9.4658e-07, 167.955, 0.000420285
453, 0.217505, 1.24479e-06, 127.479, 0.000420285
453, 0.228313, 1.63539e-06, 96.7928, 0.000420285
453, 0.239122, 2.1459e-06, 73.5282, 0.000420285
453, 0.249931, 2.81119e-06, 55.8903, 0.000420285
453, 0.260739, 3.67499e-06, 42.5184, 0.000420285
453, 0.271548, 4.7911e-06, 32.3806, 0.000420285
453, 0.282357, 6.22423e-06, 24.6947, 0.000420285
453, 0.293165, 8.04972e-06, 18.8677, 0.000420285
453, 0.303974, 1.03514e-05, 14.4501, 0.000420285
453, 0.314783, 1.32164e-05, 11.1009, 0.000420285
453, 0.325591, 1.6726e-05, 8.56173, 0.000420285
453, 0.3364, 2.09423e-05, 6.63669, 0.000420285
453, 0.347209, 2.58901e-05, 5.17725, 0.000420285
453, 0.358018, 3.15395e-05, 4.07078, 0.000420285
453, 0.368826, 3.77912e-05, 3.23193, 0.000420285
453, 0.379635, 4.44749e-05, 2.59596, 0.000420285
453, 0.390444, 5.13615e-05, 2.1138, 0.000420285
453, 0.401252, 5.8193e-05, 1.74826, 0.000420285
453, 0.412061, 6.47192e-05, 1.47113, 0.000420285
453, 0.42287, 7.07331e-05, 1.26103, 0.000420285
453, 0.433678, 7.60939e-05, 1.10174, 0.000420285
453, 0.444487, 8.07327e-05, 0.980979, 0.000420285
453, 0.455296, 8.46447e-05, 0.889425, 0.000420285
453, 0.466104, 8.78728e-05, 0.820014, 0.000420285
453, 0.476913, 9.04892e-05, 0.76739, 0.000420285
453, 0.487722, 9.2579e-05, 0.727494, 0.000420285
453, 0.49853, 9.42289e-05, 0.697248, 0.000420285
453, 0.509339, 9.55194e-05, 0.674317, 0.000420285
453, 0.520148, 9.65216e-05, 0.656932, 0.000420285
453, 0.530957, 9.72955e-05, 0.643752, 0.000420285
453, 0.541765, 9.78906e-05, 0.63376, 0.000420285
453, 0.552574, 9.83465e-05, 0.626186, 0.000420285
453, 0.563383, 9.86951e-05, 0.620443, 0.000420285
453, 0.574191, 9.89609e-05, 0.61609, 0.000420285
453, 0.585, 9.91634e-05, 0.612791, 0.000420285
453, 0.595809, 9.93173e-05, 0.61029, 0.000420285
453, 0.606617, 9.94343e-05, 0.608396, 0.000420285
453, 0.617426, 9.95231e-05, 0.606961, 0.000420285
453, 0.628235, 9.95903e-05, 0.605876, 0.000420285
453, 0.639043, 9.96412e-05, 0.605056, 0.000420285
453, 0.649852, 9.96795e-05, 0.604439, 0.000420285
453, 0.660661, 9.97083e-05, 0.603976, 0.000420285
453, 0.67147, 9.97297e-05, 0.603632, 0.000420285
453, 0.682278, 9.97454e-05, 0.60338, 0.000420285
453, 0.693087, 9.97565e-05, 0.603201, 0.000420285
453, 0.703896, 9.97639e-05, 0.603082, 0.000420285
453, 0.714704, 9.97683e-05, 0.603012, 0.000420285
453, 0.725513, 9.97699e-05, 0.602986, 0.000420285
453, 0.736322, 9.97688e-05, 0.603004, 0.000420285
453, 0.74713, 9.9765e-05, 0.603065, 0.000420285
453, 0.757939, 9.97582e-05, 0.603174, 0.000420285
453, 0.768748, 9.97478e-05, 0.603341, 0.000420285
453, 0.779556, 9.9733e-05, 0.603578, 0.000420285
453, 0.790365, 9.97128e-05, 0.603904, 0.000420285
453, 0.801174, 9.96855e-05, 0.604344, 0.000420285
453, 0.811982, 9.96489e-05, 0.604932, 0.000420285
453, 0.822791, 9.96003e-05, 0.605715, 0.000420285
453, 0.8336, 9.95358e-05, 0.606756, 0.000420285
453, 0.844409, 9.94503e-05, 0.608137, 0.000420285
453, 0.855217, 9.9337e-05, 0.609971, 0.000420285
453, 0.866026, 9.91868e-05, 0.612409, 0.000420285
453, 0.876835, 9.89874e-05, 0.615657, 0.000420285
453, 0.887643, 9.87224e-05, 0.619994, 0.000420285
453, 0.898452, 9.83692e-05, 0.625811, 0.000420285
453, 0.909261, 9.78971e-05, 0.633652, 0.000420285
453, 0.920069, 9.7263e-05, 0.644301, 0.000420285
453, 0.930878, 9.64066e-05, 0.658908, 0.000420285
453, 0.941687, 9.52405e-05, 0.679219, 0.000420285
453, 0.952495, 9.36353e-05, 0.708007, 0.000420285
453, 0.963304, 9.1392e-05, 0.749931, 0.000420285
453, 0.974113, 8.819e-05, 0.813467, 0.000420285
453, 0.984921, 8.34789e-05, 0.91581, 0.000420285
453, 0.99573, 7.62288e-05, 1.09802, 0.000420285
453, 1.00654, 6.42619e-05, 1.48872, 0.000420285
453, 1.01735, 4.20276e-05, 2.80535, 0.000420285
453, 1.02816, 1.77059e-07, 885.894, 0.000426101
453, 1.03896, -0.000247904, -1.64513, 0.000420285
453, 1.04977, 0.000642634, -0.751134, 0.000420285
453, 1.06058, 0.000284332, -0.437525, 0.000420285
453, 1.07139, 0.000222788, -0.282145, 0.000420285
453, 1.0822, 0.000197967, -0.192141, 0.000420285
453, 1.09301, 0.000184941, -0.135238, 0.000420285
453, 1.10382, 0.000177158, -0.097249, 0.000420285
453, 1.11463, 0.000172145, -0.0709579, 0.000420285
453, 1.12543, 0.000168757, -0.052306, 0.000420285
443, 0.0430147, 1.47889e-08, 10705.9, 0.000390963
443, 0.0538544, 1.96441e-08, 8059.6, 0.000390963
443, 0.0646941, 2.60927e-08, 6067.47, 0.000390963
443, 0.0755338, 3.46576e-08, 4567.78, 0.000390963
443, 0.0863735, 4.60325e-08, 3438.81, 0.000390963
443, 0.0972133, 6.11383e-08, 2588.92, 0.000390963
443, 0.108053, 8.11968e-08, 1949.11, 0.000390963
443, 0.118893, 1.07829e-07, 1467.47, 0.000390963
443, 0.129732, 1.43182e-07, 1104.88, 0.000390963
443, 0.140572, 1.90104e-07, 831.927, 0.000390963
443, 0.151412, 2.52362e-07, 626.445, 0.000390963
443, 0.162251, 3.34935e-07, 471.757, 0.000390963
443, 0.173091, 4.444e-07, 355.308, 0.000390963
443, 0.183931, 5.89416e-07, 267.644, 0.000390963
443, 0.194771, 7.8136e-07, 201.65, 0.000390963
443, 0.20561, 1.03512e-06, 151.97, 0.000390963
443, 0.21645, 1.3701e-06, 114.571, 0.000390963
443, 0.22729, 1.81137e-06, 86.4163, 0.000390963
443, 0.238129, 2.39111e-06, 65.2215, 0.000390963
443, 0.248969, 3.1501e-06, 49.266, 0.000390963
443, 0.259809, 4.13919e-06, 37.2546, 0.000390963
443, 0.270649, 5.4204e-06, 28.2124, 0.000390963
443, 0.281488, 7.06719e-06, 21.4054, 0.000390963
443, 0.292328, 9.16282e-06, 16.281, 0.000390963
443, 0.303168, 1.1796e-05, 12.4234, 0.000390963
443, 0.314007, 1.50525e-05, 9.51938, 0.000390963
443, 0.324847, 1.90015e-05, 7.3332, 0.000390963
443, 0.335687, 2.36777e-05, 5.68745, 0.000390963
443, 0.346526, 2.90617e-05, 4.44851, 0.000390963
443, 0.357366, 3.50639e-05, 3.51584, 0.000390963
443, 0.368206, 4.15194e-05, 2.81372, 0.000390963
443, 0.379046, 4.81995e-05, 2.28516, 0.000390963
443, 0.389885, 5.48421e-05, 1.88726, 0.000390963
443, 0.400725, 6.11903e-05, 1.58771, 0.000390963
443, 0.411565, 6.70315e-05, 1.36222, 0.000390963
443, 0.422404, 7.22215e-05, 1.19246, 0.000390963
443, 0.433244, 7.66916e-05, 1.06467, 0.000390963
443, 0.444084, 8.04397e-05, 0.968469, 0.000390963
443, 0.454924, 8.35122e-05, 0.896048, 0.000390963
443, 0.465763, 8.59846e-05, 0.841529, 0.000390963
443, 0.476603, 8.79446e-05, 0.800487, 0.000390963
443, 0.487443, 8.94801e-05, 0.76959, 0.000390963
443, 0.498282, 9.06718e-05, 0.746331, 0.000390963
443, 0.509122, 9.15902e-05, 0.728822, 0.000390963
443, 0.519962, 9.22938e-05, 0.71564, 0.000390963
443, 0.530801, 9.28307e-05, 0.705718, 0.000390963
443, 0.541641, 9.3239e-05, 0.698248, 0.000390963
443, 0.552481, 9.35488e-05, 0.692625, 0.000390963
443, 0.563321, 9.37833e-05, 0.688393, 0.000390963
443, 0.57416, 9.39606e-05, 0.685207, 0.000390963
443, 0.585, 9.40945e-05, 0.682809, 0.000390963
443, 0.59584, 9.41954e-05, 0.681005, 0.000390963
443, 0.606679, 9.42716e-05, 0.679648, 0.000390963
443, 0.617519, 9.43288e-05, 0.678628, 0.000390963
443, 0.628359, 9.43719e-05, 0.677862, 0.000390963
443, 0.639199, 9.44042e-05, 0.677288, 0.000390963
443, 0.650038, 9.44283e-05, 0.676859, 0.000390963
443, 0.660878, 9.44463e-05, 0.676541, 0.000390963
443, 0.671718, 9.44594e-05, 0.676307, 0.000390963
443, 0.682557, 9.44689e-05, 0.67614, 0.000390963
443, 0.693397, 9.44754e-05, 0.676024, 0.000390963
443, 0.704237, 9.44795e-05, 0.675951, 0.000390963
443, 0.715076, 9.44815e-05, 0.675915, 0.000390963
443, 0.725916, 9.44817e-05, 0.675913, 0.000390963
443, 0.736756, 9.44799e-05, 0.675945, 0.000390963
443, 0.747596, 9.4476e-05, 0.676013, 0.000390963
443, 0.758435, 9.44699e-05, 0.676123, 0.000390963
443, 0.769275, 9.44608e-05, 0.676283, 0.000390963
443, 0.780115, 9.44481e-05, 0.676508, 0.000390963
443, 0.790954, 9.44308e-05, 0.676815, 0.000390963
443, 0.801794, 9.44075e-05, 0.67723, 0.000390963
443, 0.812634, 9.43762e-05, 0.677786, 0.000390963
443, 0.823474, 9.43344e-05, 0.67853, 0.000390963
443, 0.834313, 9.42786e-05, 0.679523, 0.000390963
443, 0.845153, 9.42042e-05, 0.68085, 0.000390963
443, 0.855993, 9.4105e-05, 0.682621, 0.000390963
443, 0.866832, 9.39727e-05, 0.684989, 0.000390963
443, 0.877672, 9.37961e-05, 0.688162, 0.000390963
443, 0.888512, 9.356e-05, 0.692423, 0.000390963
443, 0.899351, 9.32436e-05, 0.698165, 0.000390963
443, 0.910191, 9.28185e-05, 0.705943, 0.000390963
443, 0.921031, 9.22451e-05, 0.716547, 0.000390963
443, 0.931871, 9.14677e-05, 0.731136, 0.000390963
443, 0.94271, 9.04063e-05, 0.751459, 0.000390963
443, 0.95355, 8.89432e-05, 0.780271, 0.000390963
443, 0.96439, 8.68993e-05, 0.822144, 0.000390963
443, 0.975229, 8.39904e-05, 0.885251, 0.000390963
443, 0.986069, 7.97392e-05, 0.985762, 0.000390963
443, 0.996909, 7.32783e-05, 1.16084, 0.000390963
443, 1.00775, 6.28521e-05, 1.5193, 0.000390963
443, 1.01859, 4.4281e-05, 2.57587, 0.000390963
443, 1.02943, 4.55011e-06, 33.7998, 0.000390963
443, 1.04027, -0.000127893, -2.23809, 0.000390963
443, 1.05111, 0.00214658, -0.926235, 0.000390963
443, 1.06195, 0.000330405, -0.52076, 0.000390963
443, 1.07279, 0.000236079, -0.329279, 0.000390963
443, 1.08363, 0.000203323, -0.221225, 0.000390963
443, 1.09447, 0.000187181, -0.154067, 0.000390963
443, 1.10531, 0.000177872, -0.109792, 0.000390963
443, 1.11615, 0.000172011, -0.0794593, 0.000390963
443, 1.12699, 0.000168115, -0.058127, 0.000390963
428, 0.0407171, 1.39761e-08, 10979.7, 0.000400595
428, 0.0516028, 1.87734e-08, 8173.73, 0.000400595
428, 0.0624884, 2.52169e-08, 6084.91, 0.000400595
428, 0.0733741, 3.3871e-08, 4529.95, 0.000400595
428, 0.0842598, 4.54934e-08, 3372.4, 0.000400595
428, 0.0951454, 6.11011e-08, 2510.7, 0.000400595
428, 0.106031, 8.20582e-08, 1869.23, 0.000400595
428, 0.116917, 1.10194e-07, 1391.71, 0.000400595
428, 0.127802, 1.4796e-07, 1036.23, 0.000400595
428, 0.138688, 1.98638e-07, 771.602, 0.000400595
428, 0.149574, 2.66618e-07, 574.608, 0.000400595
428, 0.160459, 3.57765e-07, 427.962, 0.000400595
428, 0.171345, 4.79893e-07, 318.795, 0.000400595
428, 0.182231, 6.43391e-07, 237.53, 0.000400595
428, 0.193116, 8.62017e-07, 177.033, 0.000400595
428, 0.204002, 1.1539e-06, 131.999, 0.000400595
428, 0.214888, 1.54279e-06, 98.474, 0.000400595
428, 0.225773, 2.05949e-06, 73.5175, 0.000400595
428, 0.236659, 2.74347e-06, 54.9393, 0.000400595
428, 0.247545, 3.64451e-06, 41.1093, 0.000400595
428, 0.25843, 4.82391e-06, 30.814, 0.000400595
428, 0.269316, 6.3548e-06, 23.1499, 0.000400595
428, 0.280202, 8.32047e-06, 17.4446, 0.000400595
428, 0.291087, 1.08095e-05, 13.1974, 0.000400595
428, 0.301973, 1.39064e-05, 10.0358, 0.000400595
428, 0.312859, 1.76762e-05, 7.68216, 0.000400595
428, 0.323744, 2.21452e-05, 5.93008, 0.000400595
428, 0.33463, 2.72793e-05, 4.62579, 0.000400595
428, 0.345516, 3.29694e-05, 3.65485, 0.000400595
428, 0.356401, 3.90298e-05, 2.93206, 0.000400595
428, 0.367287, 4.52173e-05, 2.39401, 0.000400595
428, 0.378173, 5.12676e-05, 1.99346, 0.000400595
428, 0.389058, 5.69392e-05, 1.69529, 0.000400595
428, 0.399944, 6.20492e-05, 1.47332, 0.000400595
428, 0.410829, 6.64913e-05, 1.30809, 0.000400595
428, 0.421715, 7.02343e-05, 1.18508, 0.000400595
428, 0.432601, 7.33063e-05, 1.09351, 0.000400595
428, 0.443486, 7.57735e-05, 1.02535, 0.000400595
428, 0.454372, 7.77207e-05, 0.974605, 0.000400595
428, 0.465258, 7.92365e-05, 0.936831, 0.000400595
428, 0.476143, 8.04039e-05, 0.908711, 0.000400595
428, 0.487029, 8.12955e-05, 0.887777, 0.000400595
428, 0.497915, 8.19721e-05, 0.872194, 0.000400595
428, 0.5088, 8.24832e-05, 0.860594, 0.000400595
428, 0.519686, 8.28678e-05, 0.851959, 0.000400595
428, 0.530572, 8.31565e-05, 0.84553, 0.000400595
428, 0.541457, 8.33726e-05, 0.840745, 0.000400595
428, 0.552343, 8.35343e-05, 0.837183, 0.000400595
428, 0.563229, 8.3655e-05, 0.834532, 0.000400595
428, 0.574114, 8.37451e-05, 0.832558, 0.000400595
428, 0.585, 8.38123e-05, 0.83109, 0.000400595
428, 0.595886, 8.38623e-05, 0.829997, 0.000400595
428, 0.606771, 8.38996e-05, 0.829185, 0.000400595
428, 0.617657, 8.39273e-05, 0.828581, 0.000400595
428, 0.628543, 8.39478e-05, 0.828133, 0.000400595
428, 0.639428, 8.3963e-05, 0.827802, 0.000400595
428, 0.650314, 8.39742e-05, 0.827558, 0.000400595
428, 0.6612, 8.39824e-05, 0.82738, 0.000400595
428, 0.672085, 8.39882e-05, 0.827253, 0.000400595
428, 0.682971, 8.39923e-05, 0.827165, 0.000400595
428, 0.693857, 8.39949e-05, 0.827109, 0.000400595
428, 0.704742, 8.39962e-05, 0.827079, 0.000400595
428, 0.715628, 8.39965e-05, 0.827074, 0.000400595
428, 0.726514, 8.39957e-05, 0.827092, 0.000400595
428, 0.737399, 8.39937e-05, 0.827135, 0.000400595
428, 0.748285, 8.39903e-05, 0.827207, 0.000400595
428, 0.759171, 8.39854e-05, 0.827315, 0.000400595
428, 0.770056, 8.39784e-05, 0.827467, 0.000400595
428, 0.780942, 8.39687e-05, 0.827678, 0.000400595
428, 0.791827, 8.39555e-05, 0.827966, 0.000400595
428, 0.802713, 8.39376e-05, 0.828355, 0.000400595
428, 0.813599, 8.39134e-05, 0.828882, 0.000400595
428, 0.824484, 8.38809e-05, 0.829592, 0.000400595
428, 0.83537, 8.3837e-05, 0.830549, 0.000400595
428, 0.846256, 8.37779e-05, 0.83184, 0.000400595
428, 0.857141, 8.36984e-05, 0.833581, 0.000400595
428, 0.868027, 8.35913e-05, 0.835931, 0.000400595
428, 0.878913, 8.34468e-05, 0.83911, 0.000400595
428, 0.889798, 8.32517e-05, 0.843418, 0.000400595
428, 0.900684, 8.2988e-05, 0.849276, 0.000400595
428, 0.91157, 8.26306e-05, 0.857275, 0.000400595
428, 0.922455, 8.21448e-05, 0.86826, 0.000400595
428, 0.933341, 8.14815e-05, 0.883468, 0.000400595
428, 0.944227, 8.05708e-05, 0.904756, 0.000400595
428, 0.955112, 7.93107e-05, 0.935021, 0.000400595
428, 0.965998, 7.75476e-05, 0.979014, 0.000400595
428, 0.976884, 7.5043e-05, 1.04507, 0.000400595
428, 0.987769, 7.14062e-05, 1.14922, 0.000400595
428, 0.998655, 6.59548e-05, 1.32686, 0.000400595
428, 1.00954, 5.73801e-05, 1.67458, 0.000400595
428, 1.02043, 4.2816e-05, 2.58436, 0.000400595
428, 1.03131, 1.4526e-05, 9.56505, 0.000400595
428, 1.0422, -5.81541e-05, -3.63898, 0.000400595
428, 1.05308, -0.000558322, -1.27487, 0.000400595
428, 1.06397, 0.000480736, -0.680765, 0.000400595
428, 1.07485, 0.000263995, -0.418673, 0.000400595
428, 1.08574, 0.000211959, -0.275955, 0.000400595
428, 1.09663, 0.000189298, -0.189281, 0.000400595
428, 1.10751, 0.000177034, -0.133116, 0.000400595
428, 1.1184, 0.000169611, -0.0951781, 0.000400595
428, 1.12928, 0.000164811, -0.0688277, 0.000400595
418, 0.0392051, 1.38329e-08, 10699.2, 0.000325518
418, 0.050121, 1.87283e-08, 7902.26, 0.000325518
418, 0.0610369, 2.53556e-08, 5836.54, 0.000325518
418, 0.0719528, 3.43271e-08, 4310.88, 0.000325518
418, 0.0828687, 4.64712e-08, 3184.08, 0.000325518
418, 0.0937846, 6.29081e-08, 2351.87, 0.000325518
418, 0.104701, 8.51525e-08, 1737.23, 0.000325518
418, 0.115616, 1.15251e-07, 1283.28, 0.000325518
418, 0.126532, 1.55968e-07, 948.006, 0.000325518
418, 0.137448, 2.11031e-07, 700.387, 0.000325518
418, 0.148364, 2.85465e-07, 517.504, 0.000325518
418, 0.15928, 3.86024e-07, 382.433, 0.000325518
418, 0.170196, 5.21774e-07, 282.675, 0.000325518
418, 0.181112, 7.04839e-07, 208.998, 0.000325518
418, 0.192028, 9.5136e-07, 154.582, 0.000325518
418, 0.202944, 1.2827e-06, 114.393, 0.000325518
418, 0.21386, 1.72692e-06, 84.7102, 0.000325518
418, 0.224775, 2.32042e-06, 62.7879, 0.000325518
418, 0.235691, 3.10976e-06, 46.5968, 0.000325518
418, 0.246607, 4.1532e-06, 34.6387, 0.000325518
418, 0.257523, 5.52151e-06, 25.8069, 0.000325518
418, 0.268439, 7.2971e-06, 19.284, 0.000325518
418, 0.279355, 9.57002e-06, 14.4665, 0.000325518
418, 0.290271, 1.24294e-05, 10.9084, 0.000325518
418, 0.301187, 1.59489e-05, 8.28056, 0.000325518
418, 0.312103, 2.01662e-05, 6.33972, 0.000325518
418, 0.323018, 2.50605e-05, 4.90629, 0.000325518
418, 0.333934, 3.05335e-05, 3.84761, 0.000325518
418, 0.34485, 3.64056e-05, 3.06571, 0.000325518
418, 0.355766, 4.24326e-05, 2.48822, 0.000325518
418, 0.366682, 4.83437e-05, 2.06171, 0.000325518
418, 0.377598, 5.38879e-05, 1.74671, 0.000325518
418, 0.388514, 5.88747e-05, 1.51406, 0.000325518
418, 0.39943, 6.31938e-05, 1.34223, 0.000325518
418, 0.410346, 6.68138e-05, 1.21533, 0.000325518
418, 0.421262, 6.97655e-05, 1.1216, 0.000325518
418, 0.432177, 7.21186e-05, 1.05238, 0.000325518
418, 0.443093, 7.3961e-05, 1.00125, 0.000325518
418, 0.454009, 7.53833e-05, 0.963491, 0.000325518
418, 0.464925, 7.64695e-05, 0.935603, 0.000325518
418, 0.475841, 7.72919e-05, 0.915006, 0.000325518
418, 0.486757, 7.79108e-05, 0.899794, 0.000325518
418, 0.497673, 7.83743e-05, 0.888559, 0.000325518
418, 0.508589, 7.87202e-05, 0.880261, 0.000325518
418, 0.519505, 7.89776e-05, 0.874132, 0.000325518
418, 0.530421, 7.91688e-05, 0.869606, 0.000325518
418, 0.541336, 7.93106e-05, 0.866263, 0.000325518
418, 0.552252, 7.94157e-05, 0.863795, 0.000325518
418, 0.563168, 7.94934e-05, 0.861972, 0.000325518
418, 0.574084, 7.95509e-05, 0.860625, 0.000325518
418, 0.585, 7.95935e-05, 0.859631, 0.000325518
418, 0.595916, 7.96249e-05, 0.858898, 0.000325518
418, 0.606832, 7.96481e-05, 0.858357, 0.000325518
418, 0.617748, 7.96652e-05, 0.857958, 0.000325518
418, 0.628664, 7.96778e-05, 0.857664, 0.000325518
418, 0.639579, 7.9687e-05, 0.857449, 0.000325518
418, 0.650495, 7.96937e-05, 0.857292, 0.000325518
418, 0.661411, 7.96986e-05, 0.857179, 0.000325518
418, 0.672327, 7.9702e-05, 0.8571, 0.000325518
418, 0.683243, 7.97043e-05, 0.857046, 0.000325518
418, 0.694159, 7.97057e-05, 0.857014, 0.000325518
418, 0.705075, 7.97063e-05, 0.856999, 0.000325518
418, 0.715991, 7.97062e-05, 0.857001, 0.000325518
418, 0.726907, 7.97054e-05, 0.857021, 0.000325518
418, 0.737823, 7.97037e-05, 0.857058, 0.000325518
418, 0.748738, 7.97012e-05, 0.857118, 0.000325518
418, 0.759654, 7.96974e-05, 0.857206, 0.000325518
418, 0.77057, 7.96921e-05, 0.85733, 0.000325518
418, 0.781486, 7.96847e-05, 0.857501, 0.000325518
418, 0.792402, 7.96747e-05, 0.857736, 0.000325518
418, 0.803318, 7.9661e-05, 0.858055, 0.000325518
418, 0.814234, 7.96424e-05, 0.85849, 0.000325518
418, 0.82515, 7.96171e-05, 0.85908, 0.000325518
418, 0.836066, 7.95828e-05, 0.859881, 0.000325518
418, 0.846982, 7.95363e-05, 0.860969, 0.000325518
418, 0.857897, 7.94731e-05, 0.862447, 0.000325518
418, 0.868813, 7.93875e-05, 0.864456, 0.000325518
418, 0.879729, 7.92712e-05, 0.867192, 0.000325518
418, 0.890645, 7.91131e-05, 0.870923, 0.000325518
418, 0.901561, 7.88978e-05, 0.876028, 0.000325518
418, 0.912477, 7.86042e-05, 0.883035, 0.000325518
418, 0.923393, 7.82027e-05, 0.892704, 0.000325518
418, 0.934309, 7.76515e-05, 0.906138, 0.000325518
418, 0.945225, 7.68913e-05, 0.924984, 0.000325518
418, 0.95614, 7.58354e-05, 0.951788, 0.000325518
418, 0.967056, 7.43546e-05, 0.990656, 0.000325518
418, 0.977972, 7.22502e-05, 1.04864, 0.000325518
418, 0.988888, 6.92015e-05, 1.13889, 0.000325518
418, 0.999804, 6.46601e-05, 1.28912, 0.000325518
418, 1.01072, 5.76065e-05, 1.56941, 0.000325518
418, 1.02164, 4.59074e-05, 2.2242, 0.000325518
418, 1.03255, 2.42168e-05, 5.11205, 0.000325518
418, 1.04347, -2.5767e-05, -6.74434, 0.000325518
418, 1.05438, -0.000235334, -1.62895, 0.000325518
418, 1.0653, 0.000753815, -0.803646, 0.000325518
418, 1.07622, 0.000282827, -0.476661, 0.000325518
418, 1.08713, 0.000213691, -0.307344, 0.000325518
418, 1.09805, 0.000186776, -0.207531, 0.000325518
418, 1.10896, 0.000172944, -0.144147, 0.000325518
418, 1.11988, 0.000164823, -0.101976, 0.000325518
418, 1.13079, 0.000159678, -0.0730433, 0.000325518
408, 0.0377095, 1.33703e-08, 10775.3, 0.00031735
408, 0.0486553, 1.82524e-08, 7892.85, 0.00031735
408, 0.0596011, 2.49166e-08, 5781.57, 0.00031735
408, 0.0705469, 3.40128e-08, 4235.11, 0.00031735
408, 0.0814928, 4.64277e-08, 3102.36, 0.00031735
408, 0.0924386, 6.33701e-08, 2272.66, 0.00031735
408, 0.103384, 8.6488e-08, 1664.92, 0.00031735
408, 0.11433, 1.18026e-07, 1219.76, 0.00031735
408, 0.125276, 1.61039e-07, 893.701, 0.00031735
408, 0.136222, 2.19681e-07, 654.868, 0.00031735
408, 0.147168, 2.99591e-07, 479.929, 0.00031735
408, 0.158113, 4.08406e-07, 351.791, 0.00031735
408, 0.169059, 5.56445e-07, 257.933, 0.00031735
408, 0.180005, 7.57592e-07, 189.184, 0.00031735
408, 0.190951, 1.03043e-06, 138.827, 0.00031735
408, 0.201897, 1.39964e-06, 101.942, 0.00031735
408, 0.212842, 1.89768e-06, 74.9251, 0.00031735
408, 0.223788, 2.56667e-06, 55.1356, 0.00031735
408, 0.234734, 3.46015e-06, 40.6403, 0.00031735
408, 0.24568, 4.64437e-06, 30.0229, 0.00031735
408, 0.256626, 6.19815e-06, 22.2459, 0.00031735
408, 0.267572, 8.21003e-06, 16.5495, 0.00031735
408, 0.278517, 1.07709e-05, 12.377, 0.00031735
408, 0.289463, 1.39604e-05, 9.32073, 0.00031735
408, 0.300409, 1.78273e-05, 7.0821, 0.00031735
408, 0.311355, 2.23647e-05, 5.44237, 0.00031735
408, 0.322301, 2.74897e-05, 4.2413, 0.00031735
408, 0.333246, 3.30345e-05, 3.36155, 0.00031735
408, 0.344192, 3.87613e-05, 2.71716, 0.00031735
408, 0.355138, 4.4399e-05, 2.24516, 0.00031735
408, 0.366084, 4.96932e-05, 1.89943, 0.00031735
408, 0.37703, 5.44488e-05, 1.64619, 0.00031735
408, 0.387975, 5.85532e-05, 1.4607, 0.00031735
408, 0.398921, 6.19752e-05, 1.32483, 0.00031735
408, 0.409867, 6.47468e-05, 1.22531, 0.00031735
408, 0.420813, 6.69396e-05, 1.15242, 0.00031735
408, 0.431759, 6.86423e-05, 1.09902, 0.00031735
408, 0.442704, 6.99456e-05, 1.05991, 0.00031735
408, 0.45365, 7.0932e-05, 1.03127, 0.00031735
408, 0.464596, 7.16724e-05, 1.01028, 0.00031735
408, 0.475542, 7.22246e-05, 0.994914, 0.00031735
408, 0.486488, 7.26345e-05, 0.983656, 0.00031735
408, 0.497434, 7.29377e-05, 0.97541, 0.00031735
408, 0.508379, 7.31614e-05, 0.96937, 0.00031735
408, 0.519325, 7.33261e-05, 0.964946, 0.00031735
408, 0.530271, 7.34472e-05, 0.961706, 0.00031735
408, 0.541217, 7.35362e-05, 0.959332, 0.00031735
408, 0.552163, 7.36015e-05, 0.957594, 0.00031735
408, 0.563108, 7.36494e-05, 0.95632, 0.00031735
408, 0.574054, 7.36845e-05, 0.955388, 0.00031735
408, 0.585, 7.37102e-05, 0.954705, 0.00031735
408, 0.595946, 7.37291e-05, 0.954206, 0.00031735
408, 0.606892, 7.37429e-05, 0.95384, 0.00031735
408, 0.617837, 7.3753e-05, 0.953573, 0.00031735
408, 0.628783, 7.37603e-05, 0.953378, 0.00031735
408, 0.639729, 7.37657e-05, 0.953237, 0.00031735
408, 0.650675, 7.37695e-05, 0.953135, 0.00031735
408, 0.661621, 7.37722e-05, 0.953063, 0.00031735
408, 0.672566, 7.37741e-05, 0.953013, 0.00031735
408, 0.683512, 7.37753e-05, 0.952981, 0.00031735
408, 0.694458, 7.3776e-05, 0.952964, 0.00031735
408, 0.705404, 7.37762e-05, 0.952959, 0.00031735
408, 0.71635, 7.37759e-05, 0.952966, 0.00031735
408, 0.727296, 7.37751e-05, 0.952987, 0.00031735
408, 0.738241, 7.37737e-05, 0.953023, 0.00031735
408, 0.749187, 7.37717e-05, 0.953077, 0.00031735
408, 0.760133, 7.37687e-05, 0.953156, 0.00031735
408, 0.771079, 7.37646e-05, 0.953266, 0.00031735
408, 0.782025, 7.37588e-05, 0.953418, 0.00031735
408, 0.79297, 7.37509e-05, 0.953628, 0.00031735
408, 0.803916, 7.374e-05, 0.953915, 0.00031735
408, 0.814862, 7.37252e-05, 0.954309, 0.00031735
408, 0.825808, 7.37049e-05, 0.954848, 0.00031735
408, 0.836754, 7.36771e-05, 0.955585, 0.00031735
408, 0.847699, 7.36391e-05, 0.956593, 0.00031735
408, 0.858645, 7.35872e-05, 0.957973, 0.00031735
408, 0.869591, 7.35162e-05, 0.959864, 0.00031735
408, 0.880537, 7.34191e-05, 0.962457, 0.00031735
408, 0.891483, 7.3286e-05, 0.966021, 0.00031735
408, 0.902428, 7.31035e-05, 0.97093, 0.00031735
408, 0.913374, 7.28528e-05, 0.977712, 0.00031735
408, 0.92432, 7.25077e-05, 0.987125, 0.00031735
408, 0.935266, 7.2031e-05, 1.00027, 0.00031735
408, 0.946212, 7.137e-05, 1.0188, 0.00031735
408, 0.957158, 7.04477e-05, 1.04523, 0.00031735
408, 0.968103, 6.91501e-05, 1.08361, 0.00031735
408, 0.979049, 6.73029e-05, 1.1408, 0.00031735
408, 0.989995, 6.46289e-05, 1.22937, 0.00031735
408, 1.00094, 6.06625e-05, 1.37514, 0.00031735
408, 1.01189, 5.45613e-05, 1.64074, 0.00031735
408, 1.02283, 4.46308e-05, 2.2283, 0.00031735
408, 1.03378, 2.68816e-05, 4.35987, 0.00031735
408, 1.04472, 6.92947e-08, 2013.53, 0.000329905
408, 1.05567, -0.000132534, -2.08713, 0.00031735
408, 1.06662, 0.00399293, -0.963916, 0.00031735
408, 1.07756, 0.000324261, -0.555661, 0.00031735
408, 1.08851, 0.000222376, -0.352079, 0.00031735
408, 1.09945, 0.000188266, -0.234689, 0.00031735
408, 1.1104, 0.000171787, -0.161277, 0.00031735
408, 1.12134, 0.00016244, -0.113014, 0.00031735
408, 1.13229, 0.00015665, -0.0802338, 0.00031735
398, 0.0362307, 1.31554e-08, 10571.2, 0.000281806
398, 0.0472061, 1.81156e-08, 7676.49, 0.000281806
398, 0.0581815, 2.49453e-08, 5574.48, 0.000281806
398, 0.0691569, 3.43486e-08, 4048.13, 0.000281806
398, 0.0801322, 4.72941e-08, 2939.79, 0.000281806
398, 0.0911076, 6.5114e-08, 2134.98, 0.000281806
398, 0.102083, 8.96397e-08, 1550.57, 0.000281806
398, 0.113058, 1.23387e-07, 1126.21, 0.000281806
398, 0.124034, 1.69807e-07, 818.058, 0.000281806
398, 0.135009, 2.33633e-07, 594.3, 0.000281806
398, 0.145985, 3.21339e-07, 431.82, 0.000281806
398, 0.15696, 4.41759e-07, 313.837, 0.000281806
398, 0.167935, 6.06909e-07, 228.164, 0.000281806
398, 0.178911, 8.33055e-07, 165.954, 0.000281806
398, 0.189886, 1.14207e-06, 120.781, 0.000281806
398, 0.200861, 1.56309e-06, 87.9786, 0.000281806
398, 0.211837, 2.13448e-06, 64.1596, 0.000281806
398, 0.222812, 2.9058e-06, 46.8636, 0.000281806
398, 0.233788, 3.93952e-06, 34.3043, 0.000281806
398, 0.244763, 5.31162e-06, 25.1845, 0.000281806
398, 0.255738, 7.10973e-06, 18.5622, 0.000281806
398, 0.266714, 9.42706e-06, 13.7535, 0.000281806
398, 0.277689, 1.235e-05, 10.2617, 0.000281806
398, 0.288665, 1.59385e-05, 7.72615, 0.000281806
398, 0.29964, 2.02007e-05, 5.885, 0.000281806
398, 0.310615, 2.50686e-05, 4.54806, 0.000281806
398, 0.321591, 3.03855e-05, 3.57725, 0.000281806
398, 0.332566, 3.5917e-05, 2.87231, 0.000281806
398, 0.343542, 4.13882e-05, 2.36043, 0.000281806
398, 0.354517, 4.65356e-05, 1.98872, 0.000281806
398, 0.365492, 5.11553e-05, 1.71882, 0.000281806
398, 0.376468, 5.51295e-05, 1.52283, 0.000281806
398, 0.387443, 5.84253e-05, 1.38051, 0.000281806
398, 0.398418, 6.10768e-05, 1.27717, 0.000281806
398, 0.409394, 6.31581e-05, 1.20213, 0.000281806
398, 0.420369, 6.47605e-05, 1.14764, 0.000281806
398, 0.431345, 6.59761e-05, 1.10807, 0.000281806
398, 0.44232, 6.68877e-05, 1.07934, 0.000281806
398, 0.453295, 6.75656e-05, 1.05847, 0.000281806
398, 0.464271, 6.80666e-05, 1.04332, 0.000281806
398, 0.475246, 6.8435e-05, 1.03232, 0.000281806
398, 0.486222, 6.87051e-05, 1.02433, 0.000281806
398, 0.497197, 6.89025e-05, 1.01853, 0.000281806
398, 0.508172, 6.90466e-05, 1.01432, 0.000281806
398, 0.519148, 6.91516e-05, 1.01126, 0.000281806
398, 0.530123, 6.9228e-05, 1.00904, 0.000281806
398, 0.541098, 6.92836e-05, 1.00743, 0.000281806
398, 0.552074, 6.9324e-05, 1.00626, 0.000281806
398, 0.563049, 6.93534e-05, 1.00541, 0.000281806
398, 0.574025, 6.93748e-05, 1.00479, 0.000281806
398, 0.585, 6.93903e-05, 1.00434, 0.000281806
398, 0.595975, 6.94015e-05, 1.00402, 0.000281806
398, 0.606951, 6.94097e-05, 1.00378, 0.000281806
398, 0.617926, 6.94156e-05, 1.00361, 0.000281806
398, 0.628902, 6.94199e-05, 1.00349, 0.000281806
398, 0.639877, 6.9423e-05, 1.0034, 0.000281806
398, 0.650852, 6.94251e-05, 1.00334, 0.000281806
398, 0.661828, 6.94267e-05, 1.00329, 0.000281806
398, 0.672803, 6.94277e-05, 1.00326, 0.000281806
398, 0.683778, 6.94283e-05, 1.00325, 0.000281806
398, 0.694754, 6.94286e-05, 1.00324, 0.000281806
398, 0.705729, 6.94286e-05, 1.00324, 0.000281806
398, 0.716705, 6.94283e-05, 1.00325, 0.000281806
398, 0.72768, 6.94277e-05, 1.00326, 0.000281806
398, 0.738655, 6.94267e-05, 1.00329, 0.000281806
398, 0.749631, 6.94252e-05, 1.00334, 0.000281806
398, 0.760606, 6.9423e-05, 1.0034, 0.000281806
398, 0.771582, 6.94199e-05, 1.00349, 0.000281806
398, 0.782557, 6.94156e-05, 1.00361, 0.000281806
398, 0.793532, 6.94097e-05, 1.00378, 0.000281806
398, 0.804508, 6.94016e-05, 1.00402, 0.000281806
398, 0.815483, 6.93903e-05, 1.00434, 0.000281806
398, 0.826458, 6.93748e-05, 1.00479, 0.000281806
398, 0.837434, 6.93534e-05, 1.00541, 0.000281806
398, 0.848409, 6.93239e-05, 1.00626, 0.000281806
398, 0.859385, 6.92832e-05, 1.00744, 0.000281806
398, 0.87036, 6.92271e-05, 1.00907, 0.000281806
398, 0.881335, 6.91497e-05, 1.01132, 0.000281806
398, 0.892311, 6.90429e-05, 1.01443, 0.000281806
398, 0.903286, 6.88952e-05, 1.01875, 0.000281806
398, 0.914262, 6.86907e-05, 1.02476, 0.000281806
398, 0.925237, 6.84072e-05, 1.03315, 0.000281806
398, 0.936212, 6.8013e-05, 1.04493, 0.000281806
398, 0.947188, 6.7463e-05, 1.06161, 0.000281806
398, 0.958163, 6.66913e-05, 1.08546, 0.000281806
398, 0.969139, 6.5601e-05, 1.12012, 0.000281806
398, 0.980114, 6.40446e-05, 1.17164, 0.000281806
398, 0.991089, 6.17901e-05, 1.25088, 0.000281806
398, 1.00206, 5.8454e-05, 1.37934, 0.000281806
398, 1.01304, 5.33585e-05, 1.60656, 0.000281806
398, 1.02402, 4.51866e-05, 2.07795, 0.000281806
398, 1.03499, 3.09971e-05, 3.48694, 0.000281806
398, 1.04597, 2.59128e-06, 52.6731, 0.000281806
398, 1.05694, -7.48287e-05, -2.85867, 0.000281806
398, 1.06792, -0.000838306, -1.16591, 0.000281806
398, 1.07889, 0.00038872, -0.642205, 0.000281806
398, 1.08987, 0.000230562, -0.396769, 0.000281806
398, 1.10084, 0.000187937, -0.259953, 0.000281806
398, 1.11182, 0.000168841, -0.176254, 0.000281806
398, 1.12279, 0.000158428, -0.12211, 0.000281806
398, 1.13377, 0.000152137, -0.0858084, 0.000281806
383, 0.0340451, 1.24744e-08, 10690, 0.000276651
383, 0.0450642, 1.74173e-08, 7655.97, 0.000276651
383, 0.0560833, 2.43181e-08, 5483.14, 0.000276651
383, 0.0671024, 3.39515e-08, 3927.07, 0.000276651
383, 0.0781215, 4.73982e-08, 2812.69, 0.000276651
383, 0.0891406, 6.61647e-08, 2014.63, 0.000276651
383, 0.10016, 9.23504e-08, 1443.11, 0.000276651
383, 0.111179, 1.28878e-07, 1033.81, 0.000276651
383, 0.122198, 1.7981e-07, 740.694, 0.000276651
383, 0.133217, 2.50789e-07, 530.778, 0.000276651
383, 0.144236, 3.49625e-07, 380.448, 0.000276651
383, 0.155255, 4.87104e-07, 272.789, 0.000276651
383, 0.166274, 6.78042e-07, 195.69, 0.000276651
383, 0.177293, 9.42667e-07, 140.475, 0.000276651
383, 0.188312, 1.30834e-06, 100.933, 0.000276651
383, 0.199332, 1.81163e-06, 72.6155, 0.000276651
383, 0.210351, 2.50046e-06, 52.3358, 0.000276651
383, 0.22137, 3.4361e-06, 37.8125, 0.000276651
383, 0.232389, 4.69397e-06, 27.4117, 0.000276651
383, 0.243408, 6.3618e-06, 19.9632, 0.000276651
383, 0.254427, 8.53311e-06, 14.629, 0.000276651
383, 0.265446, 1.12935e-05, 10.8089, 0.000276651
383, 0.276465, 1.46988e-05, 8.07314, 0.000276651
383, 0.287484, 1.87469e-05, 6.11393, 0.000276651
383, 0.298503, 2.33527e-05, 4.71085, 0.000276651
383, 0.309523, 2.83389e-05, 3.70604, 0.000276651
383, 0.320542, 3.34543e-05, 2.98645, 0.000276651
383, 0.331561, 3.84211e-05, 2.47111, 0.000276651
383, 0.34258, 4.29921e-05, 2.10206, 0.000276651
383, 0.353599, 4.69962e-05, 1.83776, 0.000276651
383, 0.364618, 5.03549e-05, 1.64848, 0.000276651
383, 0.375637, 5.30711e-05, 1.51293, 0.000276651
383, 0.386656, 5.52036e-05, 1.41586, 0.000276651
383, 0.397675, 5.68392e-05, 1.34634, 0.000276651
383, 0.408694, 5.80714e-05, 1.29655, 0.000276651
383, 0.419714, 5.89871e-05, 1.2609, 0.000276651
383, 0.430733, 5.96609e-05, 1.23536, 0.000276651
383, 0.441752, 6.0153e-05, 1.21708, 0.000276651
383, 0.452771, 6.05104e-05, 1.20398, 0.000276651
383, 0.46379, 6.0769e-05, 1.1946, 0.000276651
383, 0.474809, 6.09555e-05, 1.18789, 0.000276651
383, 0.485828, 6.10898e-05, 1.18308, 0.000276651
383, 0.496847, 6.11864e-05, 1.17963, 0.000276651
383, 0.507866, 6.12557e-05, 1.17717, 0.000276651
383, 0.518885, 6.13054e-05, 1.1754, 0.000276651
383, 0.529905, 6.13411e-05, 1.17414, 0.000276651
383, 0.540924, 6.13667e-05, 1.17323, 0.000276651
383, 0.551943, 6.1385e-05, 1.17258, 0.000276651
383, 0.562962, 6.13981e-05, 1.17212, 0.000276651
383, 0.573981, 6.14075e-05, 1.17178, 0.000276651
383, 0.585, 6.14143e-05, 1.17155, 0.000276651
383, 0.596019, 6.14191e-05, 1.17138, 0.000276651
383, 0.607038, 6.14225e-05, 1.17125, 0.000276651
383, 0.618057, 6.1425e-05, 1.17117, 0.000276651
383, 0.629076, 6.14267e-05, 1.17111, 0.000276651
383, 0.640095, 6.1428e-05, 1.17106, 0.000276651
383, 0.651115, 6.14288e-05, 1.17103, 0.000276651
383, 0.662134, 6.14294e-05, 1.17101, 0.000276651
383, 0.673153, 6.14298e-05, 1.171, 0.000276651
383, 0.684172, 6.143e-05, 1.17099, 0.000276651
383, 0.695191, 6.143e-05, 1.17099, 0.000276651
383, 0.70621, 6.14299e-05, 1.17099, 0.000276651
383, 0.717229, 6.14297e-05, 1.171, 0.000276651
383, 0.728248, 6.14292e-05, 1.17102, 0.000276651
383, 0.739267, 6.14286e-05, 1.17104, 0.000276651
383, 0.750286, 6.14276e-05, 1.17108, 0.000276651
383, 0.761306, 6.14262e-05, 1.17112, 0.000276651
383, 0.772325, 6.14242e-05, 1.17119, 0.000276651
383, 0.783344, 6.14214e-05, 1.17129, 0.000276651
383, 0.794363, 6.14176e-05, 1.17143, 0.000276651
383, 0.805382, 6.14121e-05, 1.17162, 0.000276651
383, 0.816401, 6.14045e-05, 1.17189, 0.000276651
383, 0.82742, 6.13939e-05, 1.17226, 0.000276651
383, 0.838439, 6.13791e-05, 1.17279, 0.000276651
383, 0.849458, 6.13584e-05, 1.17352, 0.000276651
383, 0.860477, 6.13295e-05, 1.17455, 0.000276651
383, 0.871497, 6.12891e-05, 1.17598, 0.000276651
383, 0.882516, 6.12326e-05, 1.17799, 0.000276651
383, 0.893535, 6.11535e-05, 1.1808, 0.000276651
383, 0.904554, 6.10429e-05, 1.18476, 0.000276651
383, 0.915573, 6.08877e-05, 1.19033, 0.000276651
383, 0.926592, 6.067e-05, 1.19819, 0.000276651
383, 0.937611, 6.03638e-05, 1.20934, 0.000276651
383, 0.94863, 5.99318e-05, 1.22526, 0.000276651
383, 0.959649, 5.932e-05, 1.24821, 0.000276651
383, 0.970668, 5.84485e-05, 1.28173, 0.000276651
383, 0.981688, 5.71966e-05, 1.33167, 0.000276651
383, 0.992707, 5.53769e-05, 1.4083, 0.000276651
383, 1.00373, 5.26854e-05, 1.53133, 0.000276651
383, 1.01474, 4.86006e-05, 1.74408, 0.000276651
383, 1.02576, 4.21519e-05, 2.16389, 0.000276651
383, 1.03678, 3.13105e-05, 3.2594, 0.000276651
383, 1.0478, 1.10021e-05, 11.1217, 0.000276651
383, 1.05882, -3.60825e-05, -4.69609, 0.000276651
383, 1.06984, -0.000232861, -1.57272, 0.000276651
383, 1.08086, 0.00072253, -0.815421, 0.000276651
383, 1.09188, 0.000260264, -0.487582, 0.000276651
383, 1.1029, 0.000193919, -0.312271, 0.000276651
383, 1.11392, 0.000168366, -0.207895, 0.000276651
383, 1.12494, 0.000155389, -0.14174, 0.000276651
383, 1.13595, 0.000147876, -0.0981351, 0.000276651
373, 0.0326105, 1.2089e-08, 10744.8, 0.000259986
373, 0.0436583, 1.70461e-08, 7619.87, 0.000259986
373, 0.0547061, 2.4035e-08, 5403.87, 0.000259986
373, 0.0657539, 3.38876e-08, 3832.44, 0.000259986
373, 0.0768017, 4.77757e-08, 2718.08, 0.000259986
373, 0.0878495, 6.73488e-08, 1927.86, 0.000259986
373, 0.0988973, 9.49273e-08, 1367.48, 0.000259986
373, 0.109945, 1.33772e-07, 970.1, 0.000259986
373, 0.120993, 1.8846e-07, 688.305, 0.000259986
373, 0.132041, 2.65399e-07, 488.475, 0.000259986
373, 0.143088, 3.73542e-07, 346.768, 0.000259986
373, 0.154136, 5.25341e-07, 246.28, 0.000259986
373, 0.165184, 7.38019e-07, 175.02, 0.000259986
373, 0.176232, 1.03521e-06, 124.487, 0.000259986
373, 0.18728, 1.44899e-06, 88.6531, 0.000259986
373, 0.198327, 2.02215e-06, 63.2418, 0.000259986
373, 0.209375, 2.8105e-06, 45.2218, 0.000259986
373, 0.220423, 3.88438e-06, 32.4432, 0.000259986
373, 0.231471, 5.32806e-06, 23.3815, 0.000259986
373, 0.242519, 7.23487e-06, 16.9556, 0.000259986
373, 0.253566, 9.69542e-06, 12.3987, 0.000259986
373, 0.264614, 1.27768e-05, 9.16731, 0.000259986
373, 0.275662, 1.64943e-05, 6.87581, 0.000259986
373, 0.28671, 2.07822e-05, 5.25083, 0.000259986
373, 0.297757, 2.54793e-05, 4.09851, 0.000259986
373, 0.308805, 3.03423e-05, 3.28136, 0.000259986
373, 0.319853, 3.50919e-05, 2.70189, 0.000259986
373, 0.330901, 3.94735e-05, 2.29097, 0.000259986
373, 0.341949, 4.33082e-05, 1.99957, 0.000259986
373, 0.352996, 4.65125e-05, 1.79293, 0.000259986
373, 0.364044, 4.90879e-05, 1.6464, 0.000259986
373, 0.375092, 5.10942e-05, 1.54249, 0.000259986
373, 0.38614, 5.26192e-05, 1.4688, 0.000259986
373, 0.397188, 5.3757e-05, 1.41654, 0.000259986
373, 0.408235, 5.45942e-05, 1.37949, 0.000259986
373, 0.419283, 5.52038e-05, 1.35321, 0.000259986
373, 0.430331, 5.56444e-05, 1.33458, 0.000259986
373, 0.441379, 5.59612e-05, 1.32136, 0.000259986
373, 0.452427, 5.6188e-05, 1.31199, 0.000259986
373, 0.463474, 5.63499e-05, 1.30535, 0.000259986
373, 0.474522, 5.64653e-05, 1.30064, 0.000259986
373, 0.48557, 5.65475e-05, 1.29729, 0.000259986
373, 0.496618, 5.66059e-05, 1.29492, 0.000259986
373, 0.507665, 5.66473e-05, 1.29324, 0.000259986
373, 0.518713, 5.66768e-05, 1.29205, 0.000259986
373, 0.529761, 5.66977e-05, 1.29121, 0.000259986
373, 0.540809, 5.67125e-05, 1.29061, 0.000259986
373, 0.551857, 5.6723e-05, 1.29018, 0.000259986
373, 0.562904, 5.67305e-05, 1.28988, 0.000259986
373, 0.573952, 5.67358e-05, 1.28967, 0.000259986
373, 0.585, 5.67395e-05, 1.28952, 0.000259986
373, 0.596048, 5.67422e-05, 1.28941, 0.000259986
373, 0.607096, 5.67441e-05, 1.28933, 0.000259986
373, 0.618143, 5.67454e-05, 1.28928, 0.000259986
373, 0.629191, 5.67463e-05, 1.28924, 0.000259986
373, 0.640239, 5.6747e-05, 1.28922, 0.000259986
373, 0.651287, 5.67474e-05, 1.2892, 0.000259986
373, 0.662335, 5.67477e-05, 1.28919, 0.000259986
373, 0.673382, 5.67479e-05, 1.28918, 0.000259986
373, 0.68443, 5.6748e-05, 1.28918, 0.000259986
373, 0.695478, 5.6748e-05, 1.28918, 0.000259986
373, 0.706526, 5.67479e-05, 1.28918, 0.000259986
373, 0.717573, 5.67477e-05, 1.28919, 0.000259986
373, 0.728621, 5.67473e-05, 1.2892, 0.000259986
373, 0.739669, 5.67469e-05, 1.28922, 0.000259986
373, 0.750717, 5.67462e-05, 1.28925, 0.000259986
373, 0.761765, 5.67452e-05, 1.28929, 0.000259986
373, 0.772812, 5.67437e-05, 1.28935, 0.000259986
373, 0.78386, 5.67417e-05, 1.28943, 0.000259986
373, 0.794908, 5.67388e-05, 1.28955, 0.000259986
373, 0.805956, 5.67348e-05, 1.28971, 0.000259986
373, 0.817004, 5.67291e-05, 1.28994, 0.000259986
373, 0.828051, 5.67211e-05, 1.29026, 0.000259986
373, 0.839099, 5.67097e-05, 1.29072, 0.000259986
373, 0.850147, 5.66937e-05, 1.29137, 0.000259986
373, 0.861195, 5.66712e-05, 1.29228, 0.000259986
373, 0.872243, 5.66393e-05, 1.29357, 0.000259986
373, 0.88329, 5.65943e-05, 1.29539, 0.000259986
373, 0.894338, 5.65308e-05, 1.29797, 0.000259986
373, 0.905386, 5.64411e-05, 1.30162, 0.000259986
373, 0.916434, 5.63142e-05, 1.30681, 0.000259986
373, 0.927481, 5.61344e-05, 1.3142, 0.000259986
373, 0.938529, 5.58795e-05, 1.32476, 0.000259986
373, 0.949577, 5.55169e-05, 1.33994, 0.000259986
373, 0.960625, 5.49996e-05, 1.36195, 0.000259986
373, 0.971673, 5.42578e-05, 1.39424, 0.000259986
373, 0.98272, 5.31863e-05, 1.44248, 0.000259986
373, 0.993768, 5.16227e-05, 1.51646, 0.000259986
373, 1.00482, 4.93062e-05, 1.63468, 0.000259986
373, 1.01586, 4.57965e-05, 1.83659, 0.000259986
373, 1.02691, 4.02938e-05, 2.22397, 0.000259986
373, 1.03796, 3.11861e-05, 3.16551, 0.000259986
373, 1.04901, 1.46702e-05, 7.85508, 0.000259986
373, 1.06005, -2.09108e-05, -7.21239, 0.000259986
373, 1.0711, -0.000137223, -1.94668, 0.000259986
373, 1.08215, 0.00318132, -0.959166, 0.000259986
373, 1.0932, 0.000294682, -0.559165, 0.000259986
373, 1.10425, 0.000200503, -0.3521, 0.000259986
373, 1.11529, 0.000168997, -0.23131, 0.000259986
373, 1.12634, 0.000153898, -0.155893, 0.000259986
373, 1.13739, 0.000145438, -0.106793, 0.000259986
363, 0.0311946, 1.17507e-08, 10739.5, 0.000237681
363, 0.0422707, 1.67418e-08, 7537.56, 0.000237681
363, 0.0533468, 2.38517e-08, 5290.39, 0.000237681
363, 0.0644229, 3.39793e-08, 3713.29, 0.000237681
363, 0.075499, 4.8403e-08, 2606.46, 0.000237681
363, 0.0865751, 6.89414e-08, 1829.67, 0.000237681
363, 0.0976512, 9.81784e-08, 1284.5, 0.000237681
363, 0.108727, 1.39781e-07, 901.902, 0.000237681
363, 0.119803, 1.98946e-07, 633.387, 0.000237681
363, 0.13088, 2.83018e-07, 444.938, 0.000237681
363, 0.141956, 4.02345e-07, 312.683, 0.000237681
363, 0.153032, 5.71433e-07, 219.864, 0.000237681
363, 0.164108, 8.10474e-07, 154.722, 0.000237681
363, 0.175184, 1.1473e-06, 109.005, 0.000237681
363, 0.18626, 1.61973e-06, 76.9197, 0.000237681
363, 0.197336, 2.27806e-06, 54.402, 0.000237681
363, 0.208412, 3.1872e-06, 38.5987, 0.000237681
363, 0.219488, 4.42718e-06, 27.5077, 0.000237681
363, 0.230565, 6.09001e-06, 19.7239, 0.000237681
363, 0.241641, 8.26995e-06, 14.2611, 0.000237681
363, 0.252717, 1.10445e-05, 10.4273, 0.000237681
363, 0.263793, 1.4446e-05, 7.73661, 0.000237681
363, 0.274869, 1.84293e-05, 5.84827, 0.000237681
363, 0.285945, 2.28515e-05, 4.52301, 0.000237681
363, 0.297021, 2.7479e-05, 3.59292, 0.000237681
363, 0.308097, 3.20313e-05, 2.94017, 0.000237681
363, 0.319173, 3.62455e-05, 2.48206, 0.000237681
363, 0.330249, 3.99325e-05, 2.16055, 0.000237681
363, 0.341326, 4.30026e-05, 1.93491, 0.000237681
363, 0.352402, 4.54552e-05, 1.77655, 0.000237681
363, 0.363478, 4.73505e-05, 1.66542, 0.000237681
363, 0.374554, 4.87778e-05, 1.58742, 0.000237681
363, 0.38563, 4.98321e-05, 1.53268, 0.000237681
363, 0.396706, 5.05996e-05, 1.49426, 0.000237681
363, 0.407782, 5.11525e-05, 1.4673, 0.000237681
363, 0.418858, 5.15479e-05, 1.44838, 0.000237681
363, 0.429934, 5.1829e-05, 1.4351, 0.000237681
363, 0.441011, 5.20281e-05, 1.42578, 0.000237681
363, 0.452087, 5.21688e-05, 1.41924, 0.000237681
363, 0.463163, 5.2268e-05, 1.41465, 0.000237681
363, 0.474239, 5.23378e-05, 1.41143, 0.000237681
363, 0.485315, 5.23869e-05, 1.40917, 0.000237681
363, 0.496391, 5.24214e-05, 1.40758, 0.000237681
363, 0.507467, 5.24457e-05, 1.40647, 0.000237681
363, 0.518543, 5.24627e-05, 1.40568, 0.000237681
363, 0.529619, 5.24747e-05, 1.40514, 0.000237681
363, 0.540696, 5.24831e-05, 1.40475, 0.000237681
363, 0.551772, 5.2489e-05, 1.40448, 0.000237681
363, 0.562848, 5.24931e-05, 1.40429, 0.000237681
363, 0.573924, 5.2496e-05, 1.40416, 0.000237681
363, 0.585, 5.24981e-05, 1.40406, 0.000237681
363, 0.596076, 5.24995e-05, 1.404, 0.000237681
363, 0.607152, 5.25005e-05, 1.40395, 0.000237681
363, 0.618228, 5.25012e-05, 1.40392, 0.000237681
363, 0.629304, 5.25017e-05, 1.4039, 0.000237681
363, 0.640381, 5.2502e-05, 1.40388, 0.000237681
363, 0.651457, 5.25022e-05, 1.40387, 0.000237681
363, 0.662533, 5.25024e-05, 1.40387, 0.000237681
363, 0.673609, 5.25025e-05, 1.40386, 0.000237681
363, 0.684685, 5.25025e-05, 1.40386, 0.000237681
363, 0.695761, 5.25025e-05, 1.40386, 0.000237681
363, 0.706837, 5.25024e-05, 1.40387, 0.000237681
363, 0.717913, 5.25022e-05, 1.40387, 0.000237681
363, 0.728989, 5.2502e-05, 1.40388, 0.000237681
363, 0.740066, 5.25017e-05, 1.4039, 0.000237681
363, 0.751142, 5.25012e-05, 1.40392, 0.000237681
363, 0.762218, 5.25005e-05, 1.40395, 0.000237681
363, 0.773294, 5.24995e-05, 1.404, 0.000237681
363, 0.78437, 5.2498e-05, 1.40407, 0.000237681
363, 0.795446, 5.2496e-05, 1.40416, 0.000237681
363, 0.806522, 5.24931e-05, 1.40429, 0.000237681
363, 0.817598, 5.24889e-05, 1.40448, 0.000237681
363, 0.828674, 5.24829e-05, 1.40476, 0.000237681
363, 0.839751, 5.24745e-05, 1.40515, 0.000237681
363, 0.850827, 5.24624e-05, 1.4057, 0.000237681
363, 0.861903, 5.24452e-05, 1.40649, 0.000237681
363, 0.872979, 5.24206e-05, 1.40762, 0.000237681
363, 0.884055, 5.23856e-05, 1.40922, 0.000237681
363, 0.895131, 5.23357e-05, 1.41152, 0.000237681
363, 0.906207, 5.22644e-05, 1.41481, 0.000237681
363, 0.917283, 5.21627e-05, 1.41952, 0.000237681
363, 0.928359, 5.20171e-05, 1.42629, 0.000237681
363, 0.939435, 5.18088e-05, 1.43605, 0.000237681
363, 0.950512, 5.15099e-05, 1.45018, 0.000237681
363, 0.961588, 5.10799e-05, 1.47081, 0.000237681
363, 0.972664, 5.04585e-05, 1.50124, 0.000237681
363, 0.98374, 4.95552e-05, 1.54683, 0.000237681
363, 0.994816, 4.82302e-05, 1.6168, 0.000237681
363, 1.00589, 4.62611e-05, 1.72818, 0.000237681
363, 1.01697, 4.32772e-05, 1.91629, 0.000237681
363, 1.02804, 3.8619e-05, 2.26805, 0.000237681
363, 1.03912, 3.0999e-05, 3.07139, 0.000237681
363, 1.0502, 1.75268e-05, 6.20091, 0.000237681
363, 1.06127, 3.06079e-08, 3943.68, 0.000256456
363, 1.07235, -8.64364e-05, -2.46013, 0.000237681
363, 1.08342, -0.000941916, -1.13399, 0.000237681
363, 1.0945, 0.000351916, -0.641367, 0.000237681
363, 1.10558, 0.000209008, -0.396152, 0.000237681
363, 1.11665, 0.000169737, -0.256447, 0.000237681
363, 1.12773, 0.000152184, -0.170681, 0.000237681
363, 1.13881, 0.000142705, -0.115595, 0.000237681
353, 0.0297978, 1.14756e-08, 10675.5, 0.000216694
353, 0.0409018, 1.65296e-08, 7411.08, 0.000216694
353, 0.0520059, 2.38084e-08, 5145.03, 0.000216694
353, 0.0631099, 3.42901e-08, 3572, 0.000216694
353, 0.074214, 4.93819e-08, 2480.04, 0.000216694
353, 0.085318, 7.11061e-08, 1722.04, 0.000216694
353, 0.0964221, 1.02367e-07, 1195.85, 0.000216694
353, 0.107526, 1.4733e-07, 830.592, 0.000216694
353, 0.11863, 2.11956e-07, 577.037, 0.000216694
353, 0.129734, 3.04753e-07, 401.026, 0.000216694
353, 0.140838, 4.3781e-07, 278.844, 0.000216694
353, 0.151942, 6.28207e-07, 194.029, 0.000216694
353, 0.163046, 8.99863e-07, 135.153, 0.000216694
353, 0.17415, 1.28585e-06, 94.2822, 0.000216694
353, 0.185254, 1.83106e-06, 65.9112, 0.000216694
353, 0.196358, 2.59481e-06, 46.2169, 0.000216694
353, 0.207463, 3.6523e-06, 32.5456, 0.000216694
353, 0.218567, 5.09319e-06, 23.0554, 0.000216694
353, 0.229671, 7.01407e-06, 16.4675, 0.000216694
353, 0.240775, 9.50165e-06, 11.8945, 0.000216694
353, 0.251879, 1.26049e-05, 8.71994, 0.000216694
353, 0.262983, 1.63004e-05, 6.51628, 0.000216694
353, 0.274087, 2.04656e-05, 4.98657, 0.000216694
353, 0.285191, 2.48785e-05, 3.92468, 0.000216694
353, 0.296295, 2.92578e-05, 3.18755, 0.000216694
353, 0.307399, 3.33307e-05, 2.67585, 0.000216694
353, 0.318503, 3.6896e-05, 2.32065, 0.000216694
353, 0.329607, 3.98554e-05, 2.07407, 0.000216694
353, 0.340711, 4.22054e-05, 1.90291, 0.000216694
353, 0.351815, 4.40067e-05, 1.78409, 0.000216694
353, 0.362919, 4.53502e-05, 1.70161, 0.000216694
353, 0.374023, 4.63321e-05, 1.64436, 0.000216694
353, 0.385127, 4.70391e-05, 1.60461, 0.000216694
353, 0.396231, 4.75427e-05, 1.57702, 0.000216694
353, 0.407335, 4.78987e-05, 1.55787, 0.000216694
353, 0.418439, 4.81489e-05, 1.54458, 0.000216694
353, 0.429543, 4.83242e-05, 1.53535, 0.000216694
353, 0.440647, 4.84466e-05, 1.52894, 0.000216694
353, 0.451751, 4.85319e-05, 1.52449, 0.000216694
353, 0.462856, 4.85914e-05, 1.52141, 0.000216694
353, 0.47396, 4.86327e-05, 1.51926, 0.000216694
353, 0.485064, 4.86614e-05, 1.51777, 0.000216694
353, 0.496168, 4.86814e-05, 1.51674, 0.000216694
353, 0.507272, 4.86953e-05, 1.51603, 0.000216694
353, 0.518376, 4.87049e-05, 1.51553, 0.000216694
353, 0.52948, 4.87116e-05, 1.51518, 0.000216694
353, 0.540584, 4.87162e-05, 1.51494, 0.000216694
353, 0.551688, 4.87195e-05, 1.51478, 0.000216694
353, 0.562792, 4.87217e-05, 1.51466, 0.000216694
353, 0.573896, 4.87233e-05, 1.51458, 0.000216694
353, 0.585, 4.87243e-05, 1.51453, 0.000216694
353, 0.596104, 4.87251e-05, 1.51449, 0.000216694
353, 0.607208, 4.87256e-05, 1.51446, 0.000216694
353, 0.618312, 4.8726e-05, 1.51444, 0.000216694
353, 0.629416, 4.87262e-05, 1.51443, 0.000216694
353, 0.64052, 4.87264e-05, 1.51442, 0.000216694
353, 0.651624, 4.87265e-05, 1.51441, 0.000216694
353, 0.662728, 4.87265e-05, 1.51441, 0.000216694
353, 0.673832, 4.87266e-05, 1.51441, 0.000216694
353, 0.684936, 4.87266e-05, 1.51441, 0.000216694
353, 0.69604, 4.87265e-05, 1.51441, 0.000216694
353, 0.707144, 4.87265e-05, 1.51441, 0.000216694
353, 0.718249, 4.87264e-05, 1.51442, 0.000216694
353, 0.729353, 4.87262e-05, 1.51443, 0.000216694
353, 0.740457, 4.8726e-05, 1.51444, 0.000216694
353, 0.751561, 4.87257e-05, 1.51446, 0.000216694
353, 0.762665, 4.87252e-05, 1.51448, 0.000216694
353, 0.773769, 4.87245e-05, 1.51452, 0.000216694
353, 0.784873, 4.87235e-05, 1.51457, 0.000216694
353, 0.795977, 4.87221e-05, 1.51464, 0.000216694
353, 0.807081, 4.872e-05, 1.51475, 0.000216694
353, 0.818185, 4.8717e-05, 1.5149, 0.000216694
353, 0.829289, 4.87127e-05, 1.51512, 0.000216694
353, 0.840393, 4.87065e-05, 1.51544, 0.000216694
353, 0.851497, 4.86976e-05, 1.5159, 0.000216694
353, 0.862601, 4.86848e-05, 1.51657, 0.000216694
353, 0.873705, 4.86662e-05, 1.51753, 0.000216694
353, 0.884809, 4.86395e-05, 1.51891, 0.000216694
353, 0.895913, 4.8601e-05, 1.52091, 0.000216694
353, 0.907017, 4.85455e-05, 1.52379, 0.000216694
353, 0.918121, 4.84653e-05, 1.52796, 0.000216694
353, 0.929225, 4.83495e-05, 1.53402, 0.000216694
353, 0.940329, 4.81821e-05, 1.54282, 0.000216694
353, 0.951433, 4.79396e-05, 1.55569, 0.000216694
353, 0.962537, 4.75874e-05, 1.5746, 0.000216694
353, 0.973642, 4.70741e-05, 1.60267, 0.000216694
353, 0.984746, 4.63223e-05, 1.64491, 0.000216694
353, 0.99585, 4.52126e-05, 1.70983, 0.000216694
353, 1.00695, 4.35558e-05, 1.81291, 0.000216694
353, 1.01806, 4.10404e-05, 1.98532, 0.000216694
353, 1.02916, 3.71214e-05, 2.30048, 0.000216694
353, 1.04027, 3.07639e-05, 2.98254, 0.000216694
353, 1.05137, 1.97415e-05, 5.20613, 0.000216694
353, 1.06247, 7.30479e-08, 1660.29, 0.000219473
353, 1.07358, -5.54033e-05, -3.2114, 0.000216694
353, 1.08468, -0.000347797, -1.35227, 0.000216694
353, 1.09579, 0.000466468, -0.737348, 0.000216694
353, 1.10689, 0.000220956, -0.445508, 0.000216694
353, 1.11799, 0.000171051, -0.283732, 0.000216694
353, 1.1291, 0.000150567, -0.186285, 0.000216694
353, 1.1402, 0.000139961, -0.124625, 0.000216694
338, 0.0277399, 1.09659e-08, 10718, 0.000197029
338, 0.0388851, 1.60759e-08, 7310.78, 0.000197029
338, 0.0500303, 2.35658e-08, 4986.89, 0.000197029
338, 0.0611755, 3.45425e-08, 3401.87, 0.000197029
338, 0.0723207, 5.0626e-08, 2320.81, 0.000197029
338, 0.083466, 7.41853e-08, 1583.46, 0.000197029
338, 0.0946112, 1.0868e-07, 1080.55, 0.000197029
338, 0.105756, 1.59156e-07, 737.545, 0.000197029
338, 0.116902, 2.32947e-07, 503.595, 0.000197029
338, 0.128047, 3.40678e-07, 344.029, 0.000197029
338, 0.139192, 4.97654e-07, 235.196, 0.000197029
338, 0.150337, 7.2573e-07, 160.966, 0.000197029
338, 0.161482, 1.05574e-06, 110.338, 0.000197029
338, 0.172628, 1.53039e-06, 75.8066, 0.000197029
338, 0.183773, 2.20721e-06, 52.2544, 0.000197029
338, 0.194918, 3.16058e-06, 36.1906, 0.000197029
338, 0.206063, 4.48055e-06, 25.2342, 0.000197029
338, 0.217208, 6.26519e-06, 17.7614, 0.000197029
338, 0.228354, 8.60209e-06, 12.6646, 0.000197029
338, 0.239499, 1.15372e-05, 9.18824, 0.000197029
338, 0.250644, 1.50366e-05, 6.8172, 0.000197029
338, 0.261789, 1.89586e-05, 5.20003, 0.000197029
338, 0.272934, 2.30612e-05, 4.09704, 0.000197029
338, 0.28408, 2.70543e-05, 3.34473, 0.000197029
338, 0.295225, 3.06773e-05, 2.83163, 0.000197029
338, 0.30637, 3.37609e-05, 2.48166, 0.000197029
338, 0.317515, 3.62458e-05, 2.24296, 0.000197029
338, 0.32866, 3.81616e-05, 2.08016, 0.000197029
338, 0.339806, 3.95888e-05, 1.96912, 0.000197029
338, 0.350951, 4.06251e-05, 1.89338, 0.000197029
338, 0.362096, 4.13635e-05, 1.84173, 0.000197029
338, 0.373241, 4.18828e-05, 1.8065, 0.000197029
338, 0.384386, 4.22445e-05, 1.78247, 0.000197029
338, 0.395532, 4.24948e-05, 1.76608, 0.000197029
338, 0.406677, 4.26672e-05, 1.7549, 0.000197029
338, 0.417822, 4.27856e-05, 1.74727, 0.000197029
338, 0.428967, 4.28668e-05, 1.74207, 0.000197029
338, 0.440112, 4.29223e-05, 1.73853, 0.000197029
338, 0.451258, 4.29603e-05, 1.73611, 0.000197029
338, 0.462403, 4.29862e-05, 1.73446, 0.000197029
338, 0.473548, 4.30039e-05, 1.73333, 0.000197029
338, 0.484693, 4.3016e-05, 1.73256, 0.000197029
338, 0.495838, 4.30242e-05, 1.73204, 0.000197029
338, 0.506984, 4.30298e-05, 1.73168, 0.000197029
338, 0.518129, 4.30337e-05, 1.73144, 0.000197029
338, 0.529274, 4.30363e-05, 1.73127, 0.000197029
338, 0.540419, 4.30381e-05, 1.73116, 0.000197029
338, 0.551564, 4.30393e-05, 1.73108, 0.000197029
338, 0.56271, 4.30401e-05, 1.73103, 0.000197029
338, 0.573855, 4.30407e-05, 1.73099, 0.000197029
338, 0.585, 4.30411e-05, 1.73097, 0.000197029
338, 0.596145, 4.30413e-05, 1.73095, 0.000197029
338, 0.60729, 4.30415e-05, 1.73094, 0.000197029
338, 0.618436, 4.30416e-05, 1.73093, 0.000197029
338, 0.629581, 4.30417e-05, 1.73093, 0.000197029
338, 0.640726, 4.30418e-05, 1.73093, 0.000197029
338, 0.651871, 4.30418e-05, 1.73092, 0.000197029
338, 0.663016, 4.30418e-05, 1.73092, 0.000197029
338, 0.674162, 4.30418e-05, 1.73092, 0.000197029
338, 0.685307, 4.30418e-05, 1.73092, 0.000197029
338, 0.696452, 4.30418e-05, 1.73092, 0.000197029
338, 0.707597, 4.30418e-05, 1.73093, 0.000197029
338, 0.718742, 4.30417e-05, 1.73093, 0.000197029
338, 0.729888, 4.30416e-05, 1.73093, 0.000197029
338, 0.741033, 4.30415e-05, 1.73094, 0.000197029
338, 0.752178, 4.30413e-05, 1.73095, 0.000197029
338, 0.763323, 4.30411e-05, 1.73097, 0.000197029
338, 0.774468, 4.30407e-05, 1.73099, 0.000197029
338, 0.785614, 4.30401e-05, 1.73103, 0.000197029
338, 0.796759, 4.30393e-05, 1.73108, 0.000197029
338, 0.807904, 4.30381e-05, 1.73116, 0.000197029
338, 0.819049, 4.30364e-05, 1.73127, 0.000197029
338, 0.830194, 4.30338e-05, 1.73143, 0.000197029
338, 0.84134, 4.303e-05, 1.73167, 0.000197029
338, 0.852485, 4.30245e-05, 1.73202, 0.000197029
338, 0.86363, 4.30164e-05, 1.73254, 0.000197029
338, 0.874775, 4.30045e-05, 1.73329, 0.000197029
338, 0.88592, 4.2987e-05, 1.7344, 0.000197029
338, 0.897066, 4.29614e-05, 1.73603, 0.000197029
338, 0.908211, 4.29238e-05, 1.73843, 0.000197029
338, 0.919356, 4.28687e-05, 1.74195, 0.000197029
338, 0.930501, 4.27877e-05, 1.74714, 0.000197029
338, 0.941646, 4.26685e-05, 1.75481, 0.000197029
338, 0.952792, 4.24932e-05, 1.76618, 0.000197029
338, 0.963937, 4.22347e-05, 1.78311, 0.000197029
338, 0.975082, 4.18524e-05, 1.80853, 0.000197029
338, 0.986227, 4.12848e-05, 1.84715, 0.000197029
338, 0.997372, 4.04371e-05, 1.90683, 0.000197029
338, 1.00852, 3.91595e-05, 2.00167, 0.000197029
338, 1.01966, 3.7208e-05, 2.1591, 0.000197029
338, 1.03081, 3.41644e-05, 2.44053, 0.000197029
338, 1.04195, 2.92606e-05, 3.01714, 0.000197029
338, 1.0531, 2.09295e-05, 4.61618, 0.000197029
338, 1.06424, 5.41563e-06, 20.7046, 0.000197029
338, 1.07539, -2.91113e-05, -5.03774, 0.000197029
338, 1.08653, -0.000149815, -1.78459, 0.000197029
338, 1.09768, 0.00141092, -0.91669, 0.000197029
338, 1.10882, 0.00025285, -0.535124, 0.000197029
338, 1.11997, 0.000176048, -0.332318, 0.000197029
338, 1.13111, 0.000149474, -0.213618, 0.000197029
338, 1.14226, 0.00013671, -0.140198, 0.000197029
328, 0.0263938, 1.06869e-08, 10655.4, 0.000172527
328, 0.0375659, 1.58656e-08, 7177, 0.000172527
328, 0.048738, 2.35524e-08, 4834.32, 0.000172527
328, 0.0599102, 3.49602e-08, 3256.53, 0.000172527
328, 0.0710823, 5.1886e-08, 2193.88, 0.000172527
328, 0.0822544, 7.69906e-08, 1478.19, 0.000172527
328, 0.0934265, 1.14207e-07, 996.171, 0.000172527
328, 0.104599, 1.69336e-07, 671.532, 0.000172527
328, 0.115771, 2.50908e-07, 452.887, 0.000172527
328, 0.126943, 3.71405e-07, 305.63, 0.000172527
328, 0.138115, 5.48965e-07, 206.452, 0.000172527
328, 0.149287, 8.09664e-07, 139.655, 0.000172527
328, 0.160459, 1.1904e-06, 94.6682, 0.000172527
328, 0.171631, 1.74216e-06, 64.3692, 0.000172527
328, 0.182804, 2.53284e-06, 43.9629, 0.000172527
328, 0.193976, 3.64787e-06, 30.2192, 0.000172527
328, 0.205148, 5.18529e-06, 20.9628, 0.000172527
328, 0.21632, 7.24051e-06, 14.7287, 0.000172527
328, 0.227492, 9.87719e-06, 10.53, 0.000172527
328, 0.238664, 1.30869e-05, 7.70214, 0.000172527
328, 0.249836, 1.67535e-05, 5.7976, 0.000172527
328, 0.261008, 2.06502e-05, 4.51489, 0.000172527
328, 0.272181, 2.4486e-05, 3.65098, 0.000172527
328, 0.283353, 2.79872e-05, 3.06914, 0.000172527
328, 0.294525, 3.09696e-05, 2.67727, 0.000172527
328, 0.305697, 3.33642e-05, 2.41335, 0.000172527
328, 0.316869, 3.51972e-05, 2.23559, 0.000172527
328, 0.328041, 3.65495e-05, 2.11588, 0.000172527
328, 0.339213, 3.75204e-05, 2.03525, 0.000172527
328, 0.350385, 3.82039e-05, 1.98094, 0.000172527
328, 0.361558, 3.86785e-05, 1.94437, 0.000172527
328, 0.37273, 3.90048e-05, 1.91974, 0.000172527
328, 0.383902, 3.92277e-05, 1.90315, 0.000172527
328, 0.395074, 3.93792e-05, 1.89197, 0.000172527
328, 0.406246, 3.9482e-05, 1.88445, 0.000172527
328, 0.417418, 3.95515e-05, 1.87938, 0.000172527
328, 0.42859, 3.95984e-05, 1.87597, 0.000172527
328, 0.439762, 3.96301e-05, 1.87367, 0.000172527
328, 0.450935, 3.96514e-05, 1.87212, 0.000172527
328, 0.462107, 3.96658e-05, 1.87108, 0.000172527
328, 0.473279, 3.96756e-05, 1.87037, 0.000172527
328, 0.484451, 3.96821e-05, 1.8699, 0.000172527
328, 0.495623, 3.96865e-05, 1.86958, 0.000172527
328, 0.506795, 3.96895e-05, 1.86937, 0.000172527
328, 0.517967, 3.96915e-05, 1.86922, 0.000172527
328, 0.529139, 3.96928e-05, 1.86913, 0.000172527
328, 0.540312, 3.96937e-05, 1.86906, 0.000172527
328, 0.551484, 3.96943e-05, 1.86902, 0.000172527
328, 0.562656, 3.96947e-05, 1.86899, 0.000172527
328, 0.573828, 3.9695e-05, 1.86897, 0.000172527
328, 0.585, 3.96952e-05, 1.86895, 0.000172527
328, 0.596172, 3.96953e-05, 1.86894, 0.000172527
328, 0.607344, 3.96954e-05, 1.86894, 0.000172527
328, 0.618516, 3.96955e-05, 1.86893, 0.000172527
328, 0.629688, 3.96955e-05, 1.86893, 0.000172527
328, 0.640861, 3.96955e-05, 1.86893, 0.000172527
328, 0.652033, 3.96955e-05, 1.86893, 0.000172527
328, 0.663205, 3.96956e-05, 1.86893, 0.000172527
328, 0.674377, 3.96956e-05, 1.86893, 0.000172527
328, 0.685549, 3.96955e-05, 1.86893, 0.000172527
328, 0.696721, 3.96955e-05, 1.86893, 0.000172527
328, 0.707893, 3.96955e-05, 1.86893, 0.000172527
328, 0.719065, 3.96955e-05, 1.86893, 0.000172527
328, 0.730238, 3.96954e-05, 1.86894, 0.000172527
328, 0.74141, 3.96954e-05, 1.86894, 0.000172527
328, 0.752582, 3.96953e-05, 1.86895, 0.000172527
328, 0.763754, 3.96951e-05, 1.86896, 0.000172527
328, 0.774926, 3.96948e-05, 1.86898, 0.000172527
328, 0.786098, 3.96945e-05, 1.86901, 0.000172527
328, 0.79727, 3.96939e-05, 1.86904, 0.000172527
328, 0.808442, 3.96931e-05, 1.8691, 0.000172527
328, 0.819615, 3.9692e-05, 1.86919, 0.000172527
328, 0.830787, 3.96902e-05, 1.86932, 0.000172527
328, 0.841959, 3.96876e-05, 1.8695, 0.000172527
328, 0.853131, 3.96837e-05, 1.86979, 0.000172527
328, 0.864303, 3.96779e-05, 1.8702, 0.000172527
328, 0.875475, 3.96693e-05, 1.87082, 0.000172527
328, 0.886647, 3.96566e-05, 1.87175, 0.000172527
328, 0.897819, 3.96377e-05, 1.87312, 0.000172527
328, 0.908992, 3.96096e-05, 1.87515, 0.000172527
328, 0.920164, 3.95679e-05, 1.87819, 0.000172527
328, 0.931336, 3.95058e-05, 1.88271, 0.000172527
328, 0.942508, 3.94134e-05, 1.88947, 0.000172527
328, 0.95368, 3.92758e-05, 1.89959, 0.000172527
328, 0.964852, 3.90706e-05, 1.91482, 0.000172527
328, 0.976024, 3.87638e-05, 1.93789, 0.000172527
328, 0.987196, 3.83036e-05, 1.97318, 0.000172527
328, 0.998369, 3.76099e-05, 2.02803, 0.000172527
328, 1.00954, 3.6556e-05, 2.11532, 0.000172527
328, 1.02071, 3.49363e-05, 2.25975, 0.000172527
328, 1.03188, 3.24023e-05, 2.51468, 0.000172527
328, 1.04306, 2.83247e-05, 3.02065, 0.000172527
328, 1.05423, 2.14571e-05, 4.3075, 0.000172527
328, 1.0654, 8.9514e-06, 11.7225, 0.000172527
328, 1.07657, -1.7429e-05, -7.53416, 0.000172527
328, 1.08775, -9.56398e-05, -2.19076, 0.000172527
328, 1.09892, -0.00169776, -1.06708, 0.000172527
328, 1.11009, 0.000288865, -0.605754, 0.000172527
328, 1.12126, 0.000180462, -0.368933, 0.000172527
328, 1.13243, 0.000148563, -0.233431, 0.000172527
328, 1.14361, 0.000134147, -0.151056, 0.000172527
318, 0.025069, 1.03062e-08, 10710.8, 0.000149805
318, 0.0362676, 1.55066e-08, 7118.41, 0.000149805
318, 0.0474662, 2.33294e-08, 4731.14, 0.000149805
318, 0.0586649, 3.50947e-08, 3144.71, 0.000149805
318, 0.0698635, 5.27849e-08, 2090.47, 0.000149805
318, 0.0810621, 7.93725e-08, 1389.88, 0.000149805
318, 0.0922607, 1.19308e-07, 924.318, 0.000149805
318, 0.103459, 1.79237e-07, 614.933, 0.000149805
318, 0.114658, 2.69043e-07, 409.335, 0.000149805
318, 0.125857, 4.03343e-07, 272.707, 0.000149805
318, 0.137055, 6.03554e-07, 181.913, 0.000149805
318, 0.148254, 9.00642e-07, 121.577, 0.000149805
318, 0.159452, 1.33846e-06, 81.4811, 0.000149805
318, 0.170651, 1.97718e-06, 54.836, 0.000149805
318, 0.18185, 2.89535e-06, 37.1294, 0.000149805
318, 0.193048, 4.18766e-06, 25.3626, 0.000149805
318, 0.204247, 5.95355e-06, 17.5432, 0.000149805
318, 0.215446, 8.27143e-06, 12.3469, 0.000149805
318, 0.226644, 1.11583e-05, 8.89374, 0.000149805
318, 0.237843, 1.45279e-05, 6.59899, 0.000149805
318, 0.249041, 1.81753e-05, 5.07405, 0.000149805
318, 0.26024, 2.18149e-05, 4.06067, 0.000149805
318, 0.271439, 2.51634e-05, 3.38724, 0.000149805
318, 0.282637, 2.80217e-05, 2.93972, 0.000149805
318, 0.293836, 3.03097e-05, 2.64233, 0.000149805
318, 0.305034, 3.20486e-05, 2.4447, 0.000149805
318, 0.316233, 3.33189e-05, 2.31336, 0.000149805
318, 0.327432, 3.42203e-05, 2.22609, 0.000149805
318, 0.33863, 3.48468e-05, 2.16809, 0.000149805
318, 0.349829, 3.52759e-05, 2.12955, 0.000149805
318, 0.361028, 3.5567e-05, 2.10394, 0.000149805
318, 0.372226, 3.57631e-05, 2.08692, 0.000149805
318, 0.383425, 3.58946e-05, 2.07561, 0.000149805
318, 0.394623, 3.59826e-05, 2.06809, 0.000149805
318, 0.405822, 3.60413e-05, 2.06309, 0.000149805
318, 0.417021, 3.60803e-05, 2.05978, 0.000149805
318, 0.428219, 3.61064e-05, 2.05757, 0.000149805
318, 0.439418, 3.61237e-05, 2.0561, 0.000149805
318, 0.450617, 3.61352e-05, 2.05513, 0.000149805
318, 0.461815, 3.61429e-05, 2.05448, 0.000149805
318, 0.473014, 3.6148e-05, 2.05405, 0.000149805
318, 0.484212, 3.61513e-05, 2.05377, 0.000149805
318, 0.495411, 3.61536e-05, 2.05358, 0.000149805
318, 0.50661, 3.61551e-05, 2.05345, 0.000149805
318, 0.517808, 3.61561e-05, 2.05337, 0.000149805
318, 0.529007, 3.61567e-05, 2.05331, 0.000149805
318, 0.540206, 3.61572e-05, 2.05327, 0.000149805
318, 0.551404, 3.61575e-05, 2.05325, 0.000149805
318, 0.562603, 3.61577e-05, 2.05323, 0.000149805
318, 0.573801, 3.61578e-05, 2.05322, 0.000149805
318, 0.585, 3.61579e-05, 2.05321, 0.000149805
318, 0.596199, 3.61579e-05, 2.05321, 0.000149805
318, 0.607397, 3.6158e-05, 2.05321, 0.000149805
318, 0.618596, 3.6158e-05, 2.0532, 0.000149805
318, 0.629794, 3.6158e-05, 2.0532, 0.000149805
318, 0.640993, 3.6158e-05, 2.0532, 0.000149805
318, 0.652192, 3.6158e-05, 2.0532, 0.000149805
318, 0.66339, 3.6158e-05, 2.0532, 0.000149805
318, 0.674589, 3.6158e-05, 2.0532, 0.000149805
318, 0.685788, 3.6158e-05, 2.0532, 0.000149805
318, 0.696986, 3.6158e-05, 2.0532, 0.000149805
318, 0.708185, 3.6158e-05, 2.0532, 0.000149805
318, 0.719383, 3.6158e-05, 2.0532, 0.000149805
318, 0.730582, 3.6158e-05, 2.05321, 0.000149805
318, 0.741781, 3.61579e-05, 2.05321, 0.000149805
318, 0.752979, 3.61578e-05, 2.05322, 0.000149805
318, 0.764178, 3.61577e-05, 2.05323, 0.000149805
318, 0.775377, 3.61576e-05, 2.05324, 0.000149805
318, 0.786575, 3.61574e-05, 2.05326, 0.000149805
318, 0.797774, 3.6157e-05, 2.05329, 0.000149805
318, 0.808972, 3.61565e-05, 2.05333, 0.000149805
318, 0.820171, 3.61557e-05, 2.0534, 0.000149805
318, 0.83137, 3.61545e-05, 2.0535, 0.000149805
318, 0.842568, 3.61527e-05, 2.05365, 0.000149805
318, 0.853767, 3.615e-05, 2.05388, 0.000149805
318, 0.864966, 3.6146e-05, 2.05422, 0.000149805
318, 0.876164, 3.61399e-05, 2.05473, 0.000149805
318, 0.887363, 3.61308e-05, 2.05551, 0.000149805
318, 0.898561, 3.6117e-05, 2.05667, 0.000149805
318, 0.90976, 3.60962e-05, 2.05843, 0.000149805
318, 0.920959, 3.6065e-05, 2.06108, 0.000149805
318, 0.932157, 3.60179e-05, 2.06508, 0.000149805
318, 0.943356, 3.59469e-05, 2.07113, 0.000149805
318, 0.954554, 3.58399e-05, 2.08031, 0.000149805
318, 0.965753, 3.56782e-05, 2.09426, 0.000149805
318, 0.976952, 3.54336e-05, 2.11562, 0.000149805
318, 0.98815, 3.50625e-05, 2.1486, 0.000149805
318, 0.999349, 3.44971e-05, 2.2002, 0.000149805
318, 1.01055, 3.36301e-05, 2.2827, 0.000149805
318, 1.02175, 3.22875e-05, 2.41921, 0.000149805
318, 1.03294, 3.01762e-05, 2.65844, 0.000149805
318, 1.04414, 2.67748e-05, 3.1232, 0.000149805
318, 1.05534, 2.10758e-05, 4.23814, 0.000149805
318, 1.06654, 1.08686e-05, 9.15749, 0.000149805
318, 1.07774, 1.30088e-08, 7947.98, 0.000182204
318, 1.08894, -6.44376e-05, -2.71325, 0.000149805
318, 1.10014, -0.000442909, -1.24926, 0.000149805
318, 1.11134, 0.000355495, -0.689453, 0.000149805
318, 1.12253, 0.000187682, -0.411782, 0.000149805
318, 1.13373, 0.000148463, -0.256395, 0.000149805
318, 1.14493, 0.000131981, -0.163533, 0.000149805
308, 0.0237662, 9.78578e-09, 10898.5, 0.000149672
308, 0.0349909, 1.49347e-08, 7140.78, 0.000149672
308, 0.0462156, 2.27908e-08, 4678.97, 0.000149672
308, 0.0574403, 3.4775e-08, 3066.15, 0.000149672
308, 0.0686649, 5.30507e-08, 2009.53, 0.000149672
308, 0.0798896, 8.09069e-08, 1317.31, 0.000149672
308, 0.0911143, 1.23334e-07, 863.806, 0.000149672
308, 0.102339, 1.87881e-07, 566.702, 0.000149672
308, 0.113564, 2.85908e-07, 372.058, 0.000149672
308, 0.124788, 4.3439e-07, 244.54, 0.000149672
308, 0.136013, 6.58402e-07, 160.998, 0.000149672
308, 0.147238, 9.94338e-07, 106.267, 0.000149672
308, 0.158462, 1.4936e-06, 70.4113, 0.000149672
308, 0.169687, 2.22576e-06, 46.9207, 0.000149672
308, 0.180912, 3.27871e-06, 31.5311, 0.000149672
308, 0.192136, 4.75124e-06, 21.4489, 0.000149672
308, 0.203361, 6.73203e-06, 14.8437, 0.000149672
308, 0.214586, 9.26161e-06, 10.5164, 0.000149672
308, 0.22581, 1.22861e-05, 7.68139, 0.000149672
308, 0.237035, 1.56299e-05, 5.8241, 0.000149672
308, 0.24826, 1.90216e-05, 4.60733, 0.000149672
308, 0.259484, 2.21739e-05, 3.81017, 0.000149672
308, 0.270709, 2.48745e-05, 3.28793, 0.000149672
308, 0.281934, 2.70314e-05, 2.94579, 0.000149672
308, 0.293158, 2.86594e-05, 2.72164, 0.000149672
308, 0.304383, 2.98367e-05, 2.57479, 0.000149672
308, 0.315608, 3.06619e-05, 2.47859, 0.000149672
308, 0.326832, 3.12277e-05, 2.41556, 0.000149672
308, 0.338057, 3.16098e-05, 2.37427, 0.000149672
308, 0.349282, 3.18653e-05, 2.34722, 0.000149672
308, 0.360506, 3.20349e-05, 2.3295, 0.000149672
308, 0.371731, 3.2147e-05, 2.31789, 0.000149672
308, 0.382956, 3.22209e-05, 2.31028, 0.000149672
308, 0.394181, 3.22695e-05, 2.3053, 0.000149672
308, 0.405405, 3.23014e-05, 2.30203, 0.000149672
308, 0.41663, 3.23223e-05, 2.29989, 0.000149672
308, 0.427855, 3.2336e-05, 2.29849, 0.000149672
308, 0.439079, 3.2345e-05, 2.29758, 0.000149672
308, 0.450304, 3.23509e-05, 2.29697, 0.000149672
308, 0.461529, 3.23548e-05, 2.29658, 0.000149672
308, 0.472753, 3.23573e-05, 2.29632, 0.000149672
308, 0.483978, 3.2359e-05, 2.29615, 0.000149672
308, 0.495203, 3.23601e-05, 2.29604, 0.000149672
308, 0.506427, 3.23608e-05, 2.29597, 0.000149672
308, 0.517652, 3.23613e-05, 2.29592, 0.000149672
308, 0.528877, 3.23616e-05, 2.29589, 0.000149672
308, 0.540101, 3.23618e-05, 2.29587, 0.000149672
308, 0.551326, 3.23619e-05, 2.29586, 0.000149672
308, 0.562551, 3.2362e-05, 2.29585, 0.000149672
308, 0.573775, 3.2362e-05, 2.29584, 0.000149672
308, 0.585, 3.23621e-05, 2.29584, 0.000149672
308, 0.596225, 3.23621e-05, 2.29584, 0.000149672
308, 0.607449, 3.23621e-05, 2.29583, 0.000149672
308, 0.618674, 3.23621e-05, 2.29583, 0.000149672
308, 0.629899, 3.23621e-05, 2.29583, 0.000149672
308, 0.641123, 3.23621e-05, 2.29583, 0.000149672
308, 0.652348, 3.23621e-05, 2.29583, 0.000149672
308, 0.663573, 3.23621e-05, 2.29583, 0.000149672
308, 0.674797, 3.23621e-05, 2.29583, 0.000149672
308, 0.686022, 3.23621e-05, 2.29583, 0.000149672
308, 0.697247, 3.23621e-05, 2.29583, 0.000149672
308, 0.708471, 3.23621e-05, 2.29583, 0.000149672
308, 0.719696, 3.23621e-05, 2.29583, 0.000149672
308, 0.730921, 3.23621e-05, 2.29584, 0.000149672
308, 0.742145, 3.23621e-05, 2.29584, 0.000149672
308, 0.75337, 3.2362e-05, 2.29584, 0.000149672
308, 0.764595, 3.2362e-05, 2.29585, 0.000149672
308, 0.775819, 3.23619e-05, 2.29586, 0.000149672
308, 0.787044, 3.23617e-05, 2.29587, 0.000149672
308, 0.798269, 3.23615e-05, 2.2959, 0.000149672
308, 0.809494, 3.23612e-05, 2.29593, 0.000149672
308, 0.820718, 3.23607e-05, 2.29598, 0.000149672
308, 0.831943, 3.23599e-05, 2.29606, 0.000149672
308, 0.843168, 3.23587e-05, 2.29618, 0.000149672
308, 0.854392, 3.23569e-05, 2.29637, 0.000149672
308, 0.865617, 3.23541e-05, 2.29665, 0.000149672
308, 0.876842, 3.23499e-05, 2.29708, 0.000149672
308, 0.888066, 3.23434e-05, 2.29774, 0.000149672
308, 0.899291, 3.23336e-05, 2.29874, 0.000149672
308, 0.910516, 3.23185e-05, 2.30028, 0.000149672
308, 0.92174, 3.22955e-05, 2.30263, 0.000149672
308, 0.932965, 3.22604e-05, 2.30622, 0.000149672
308, 0.94419, 3.22067e-05, 2.31173, 0.000149672
308, 0.955414, 3.21247e-05, 2.32019, 0.000149672
308, 0.966639, 3.19991e-05, 2.33323, 0.000149672
308, 0.977864, 3.18065e-05, 2.35341, 0.000149672
308, 0.989088, 3.15107e-05, 2.38489, 0.000149672
308, 1.00031, 3.10546e-05, 2.4346, 0.000149672
308, 1.01154, 3.03476e-05, 2.51461, 0.000149672
308, 1.02276, 2.92427e-05, 2.64741, 0.000149672
308, 1.03399, 2.7493e-05, 2.87954, 0.000149672
308, 1.04521, 2.46643e-05, 3.32448, 0.000149672
308, 1.05644, 1.99343e-05, 4.35059, 0.000149672
308, 1.06766, 1.15606e-05, 8.22615, 0.000149672
308, 1.07889, 1.60466e-08, 6400.93, 0.000164756
308, 1.09011, -4.48539e-05, -3.37794, 0.000149672
308, 1.10134, -0.000227865, -1.46808, 0.000149672
308, 1.11256, 0.000503151, -0.788016, 0.000149672
308, 1.12378, 0.000198111, -0.461615, 0.000149672
308, 1.13501, 0.00014872, -0.28281, 0.000149672
308, 1.14623, 0.000129714, -0.177729, 0.000149672
