Temperature	Et	tn0	k	chi2										
100	0	2.91E-12	1029.15	1.63E-19										
100	0.016	1.81E-11	164.954	1.63E-19										
100	0.032	9.68E-11	29.982	1.63E-19										
100	0.048	3.03E-10	8.90175	1.63E-19										
100	0.064	4.54E-10	5.60939	1.63E-19										
100	0.08	4.92E-10	5.09518	1.63E-19		Sum of tn0	Column Labels							
100	0.096	4.99E-10	5.01487	1.63E-19		Row Labels	100	200	300	400	500	600	700	Grand Total
100	0.112	5.00E-10	5.00232	1.63E-19		0.16	4.99999E-10	3.43905E-10	1.20001E-10	3.87424E-11	3.77967E-11	4.43024E-11	5.0502E-11	1.13525E-09
100	0.128	5.00E-10	5.00036	1.63E-19		0.176	5E-10	3.49734E-10	1.67232E-10	5.94179E-11	5.44206E-11	6.02533E-11	6.57944E-11	1.25685E-09
100	0.144	5.00E-10	5.00006	1.63E-19		0.192	5E-10	3.52092E-10	2.12214E-10	8.9416E-11	7.81225E-11	8.189E-11	8.56985E-11	1.39943E-09
100	0.16	5.00E-10	5.00001	1.63E-19		0.208	5E-10	3.53033E-10	2.48161E-10	1.3099E-10	1.11672E-10	1.11191E-10	1.11592E-10	1.56664E-09
100	0.176	5.00E-10	5	1.63E-19		0.224	5E-10	3.53406E-10	2.7307E-10	1.8509E-10	1.58679E-10	1.50785E-10	1.45255E-10	1.76629E-09
100	0.192	5.00E-10	5	1.63E-19		0.24	5E-10	3.53553E-10	2.88675E-10	2.5E-10	2.23607E-10	2.04124E-10	1.88982E-10	2.00894E-09
100	0.208	5.00E-10	5	1.63E-19		0.256	5E-10	3.53612E-10	2.97841E-10	3.20703E-10	3.11539E-10	2.75693E-10	2.45718E-10	2.30511E-09
100	0.224	5.00E-10	5	1.63E-19		0.272	5E-10	3.53635E-10	3.03023E-10	3.90049E-10	4.27504E-10	3.71201E-10	3.19227E-10	2.66464E-09
100	0.24	5.00E-10	5	1.63E-19		0.288	5E-10	3.53644E-10	3.05888E-10	4.51412E-10	5.75196E-10	4.97741E-10	4.1429E-10	3.09817E-09
100	0.256	5.00E-10	5	1.63E-19		0.304	5E-10	3.53648E-10	3.07454E-10	5.00955E-10	7.55158E-10	6.63798E-10	5.36932E-10	3.61795E-09
100	0.272	5.00E-10	5	1.63E-19		0.32	5E-10	3.53649E-10	3.08304E-10	5.38081E-10	9.62991E-10	8.79003E-10	6.94661E-10	4.23669E-09
100	0.288	5.00E-10	5	1.63E-19		Grand Total	5.5E-09	3.87391E-09	2.83186E-09	2.95486E-09	3.69669E-09	3.33998E-09	2.85865E-09	2.50559E-08
100	0.304	5.00E-10	5	1.63E-19										
100	0.32	5.00E-10	5	1.63E-19										
100	0.336	5.00E-10	5	1.63E-19										
100	0.352	5.00E-10	5	1.63E-19										
100	0.368	5.00E-10	5	1.63E-19										
100	0.384	5.00E-10	5	1.63E-19										
100	0.4	5.00E-10	5	1.63E-19										
100	0.416	5.00E-10	5	1.63E-19										
100	0.432	5.00E-10	5	1.63E-19										
100	0.448	5.00E-10	5	1.63E-19										
100	0.464	5.00E-10	5	1.63E-19										
100	0.48	5.00E-10	5	1.63E-19										
100	0.496	5.00E-10	5	1.63E-19										
100	0.512	5.00E-10	5	1.63E-19										
100	0.528	5.00E-10	5	1.63E-19										
100	0.544	5.00E-10	5	1.63E-19										
100	0.56	5.00E-10	5	1.63E-19										
100	0.576	5.00E-10	5	1.63E-19										
100	0.592	5.00E-10	5	1.63E-19										
100	0.608	5.00E-10	5	1.63E-19										
100	0.624	5.00E-10	5	1.63E-19										
100	0.64	5.00E-10	5	1.63E-19										
100	0.656	5.00E-10	5	1.63E-19										
100	0.672	5.00E-10	5	1.63E-19										
100	0.688	5.00E-10	5	1.63E-19										
100	0.704	5.00E-10	5	1.63E-19										
100	0.72	5.00E-10	5	1.63E-19										
100	0.736	5.00E-10	5	1.63E-19										
100	0.752	5.00E-10	5	1.63E-19										
100	0.768	5.00E-10	5	1.63E-19										
100	0.784	5.00E-10	5	1.63E-19										
100	0.8	5.00E-10	5	1.63E-19										
100	0.816	5.00E-10	5	1.63E-19										
100	0.832	5.00E-10	5	1.63E-19										
100	0.848	5.00E-10	5	1.63E-19										
100	0.864	5.00E-10	5	1.63E-19										
100	0.88	5.00E-10	5	1.63E-19										
100	0.896	5.00E-10	5	1.63E-19										
100	0.912	5.00E-10	5	1.63E-19										
100	0.928	5.00E-10	5	1.63E-19										
100	0.944	5.00E-10	5	1.63E-19										
100	0.96	5.00E-10	5	1.63E-19										
100	0.976	5.00E-10	5	1.63E-19										
100	0.992	5.00E-10	5	1.63E-19										
100	1.008	5.00E-10	5	1.63E-19										
100	1.024	5.00E-10	5	1.63E-19										
100	1.04	5.00E-10	5.00001	1.63E-19										
100	1.056	5.00E-10	5.00002	1.63E-19										
100	1.072	5.00E-10	5.00012	1.63E-19										
100	1.088	5.00E-10	5.00077	1.63E-19										
100	1.104	5.00E-10	5.00491	1.63E-19										
100	1.12	4.97E-10	5.0316	1.63E-19										
100	1.136	4.83E-10	5.2095	1.63E-19										
100	1.152	3.88E-10	6.73384	1.63E-19										
100	1.168	1.53E-13	18719.4	3.42E-09										
100	1.184	6.29E-09	-0.523256	1.63E-19										
100	1.2	3.24E-09	-0.0750923	1.63E-19										
100	1.216	3.04E-09	-0.0115813	1.63E-19										
100	1.232	3.01E-09	-0.00180527	1.63E-19										
100	1.248	3.00E-09	-0.000281866	1.63E-19										
100	1.264	3.00E-09	-4.40E-05	1.63E-19										
100	1.28	3.00E-09	-6.88E-06	1.63E-19										
100	1.296	1.17E-15	0.912272	0.00017073										
100	1.312	1.69E-16	0.985198	0.000171447										
100	1.328	3.00E-09	-2.62E-08	1.63E-19										
100	1.344	-1.66E-15	-0.00246048	0.000172205										
100	1.36	2.07E-16	0.00306693	0.000171504										
100	1.376	5.01E-16	0.000198183	0.000171379										
100	1.392	3.00E-09	-1.56E-11	1.63E-19										
100	1.408	-1.67E-15	-1.45E-06	0.000172213										
100	1.424	3.00E-09	-3.80E-13	1.63E-19										
100	1.44	3.00E-09	-5.94E-14	1.63E-19										
100	1.456	3.00E-09	-9.27E-15	1.63E-19										
100	1.472	3.00E-09	-1.45E-15	1.63E-19										
100	1.488	3.00E-09	-2.26E-16	1.63E-19										
100	1.504	3.00E-09	-3.53E-17	1.63E-19										
100	1.52	3.00E-09	-5.52E-18	1.63E-19										
100	1.536	3.00E-09	-8.62E-19	1.63E-19										
100	1.552	4.81E-17	2.79E-12	0.000171551										
100	1.568	3.00E-09	-2.10E-20	1.63E-19										
100	1.584	3.00E-09	-3.28E-21	1.63E-19										
100	1.6	3.00E-09	-5.13E-22	1.63E-19										
200	0	1.16E-12	1833.95	1.19E-19										
200	0.016	2.91E-12	727.797	1.19E-19										
200	0.032	7.27E-12	290.648	1.19E-19										
200	0.048	1.78E-11	117.887	1.19E-19										
200	0.064	4.19E-11	49.6118	1.19E-19										
200	0.08	8.98E-11	22.6296	1.19E-19										
200	0.096	1.64E-10	11.9662	1.19E-19										
200	0.112	2.42E-10	7.75205	1.19E-19										
200	0.128	2.99E-10	6.08662	1.19E-19										
200	0.144	3.30E-10	5.42844	1.19E-19										
200	0.16	3.44E-10	5.16833	1.19E-19										
200	0.176	3.50E-10	5.06553	1.19E-19										
200	0.192	3.52E-10	5.02491	1.19E-19										
200	0.208	3.53E-10	5.00885	1.19E-19										
200	0.224	3.53E-10	5.00251	1.19E-19										
200	0.24	3.54E-10	5	1.19E-19										
200	0.256	3.54E-10	4.99901	1.19E-19										
200	0.272	3.54E-10	4.99862	1.19E-19										
200	0.288	3.54E-10	4.99846	1.19E-19										
200	0.304	3.54E-10	4.9984	1.19E-19										
200	0.32	3.54E-10	4.99838	1.19E-19										
200	0.336	3.54E-10	4.99837	1.19E-19										
200	0.352	3.54E-10	4.99836	1.19E-19										
200	0.368	3.54E-10	4.99836	1.19E-19										
200	0.384	3.54E-10	4.99836	1.19E-19										
200	0.4	3.54E-10	4.99836	1.19E-19										
200	0.416	3.54E-10	4.99836	1.19E-19										
200	0.432	3.54E-10	4.99836	1.19E-19										
200	0.448	3.54E-10	4.99836	1.19E-19										
200	0.464	3.54E-10	4.99836	1.19E-19										
200	0.48	3.54E-10	4.99836	1.19E-19										
200	0.496	3.54E-10	4.99836	1.19E-19										
200	0.512	3.54E-10	4.99836	1.19E-19										
200	0.528	3.54E-10	4.99836	1.19E-19										
200	0.544	3.54E-10	4.99836	1.19E-19										
200	0.56	3.54E-10	4.99836	1.19E-19										
200	0.576	3.54E-10	4.99836	1.19E-19										
200	0.592	3.54E-10	4.99836	1.19E-19										
200	0.608	3.54E-10	4.99836	1.19E-19										
200	0.624	3.54E-10	4.99836	1.19E-19										
200	0.64	3.54E-10	4.99836	1.19E-19										
200	0.656	3.54E-10	4.99836	1.19E-19										
200	0.672	3.54E-10	4.99836	1.19E-19										
200	0.688	3.54E-10	4.99836	1.19E-19										
200	0.704	3.54E-10	4.99836	1.19E-19										
200	0.72	3.54E-10	4.99836	1.19E-19										
200	0.736	3.54E-10	4.99836	1.19E-19										
200	0.752	3.54E-10	4.99836	1.19E-19										
200	0.768	3.54E-10	4.99836	1.19E-19										
200	0.784	3.54E-10	4.99836	1.19E-19										
200	0.8	3.54E-10	4.99836	1.19E-19										
200	0.816	3.54E-10	4.99836	1.19E-19										
200	0.832	3.54E-10	4.99836	1.19E-19										
200	0.848	3.54E-10	4.99836	1.19E-19										
200	0.864	3.54E-10	4.99836	1.19E-19										
200	0.88	3.54E-10	4.99836	1.19E-19										
200	0.896	3.54E-10	4.99836	1.19E-19										
200	0.912	3.54E-10	4.99836	1.19E-19										
200	0.928	3.54E-10	4.99837	1.19E-19										
200	0.944	3.54E-10	4.99839	1.19E-19										
200	0.96	3.54E-10	4.99843	1.19E-19										
200	0.976	3.54E-10	4.99854	1.19E-19										
200	0.992	3.54E-10	4.99881	1.19E-19										
200	1.008	3.54E-10	4.99949	1.19E-19										
200	1.024	3.53E-10	5.00121	1.19E-19										
200	1.04	3.53E-10	5.00557	1.19E-19										
200	1.056	3.53E-10	5.01665	1.19E-19										
200	1.072	3.51E-10	5.04491	1.19E-19										
200	1.088	3.47E-10	5.11784	1.19E-19										
200	1.104	3.36E-10	5.31217	1.19E-19										
200	1.12	3.08E-10	5.87682	1.19E-19										
200	1.136	2.35E-10	8.03901	1.19E-19										
200	1.152	1.81E-11	116.454	1.19E-19										
200	1.168	-8.43E-10	-3.51561	1.19E-19										
200	1.184	-6.42E-13	-1604.63	4.10E-08										
200	1.2	3.24E-09	-0.344573	1.19E-19										
200	1.216	2.44E-09	-0.130725	1.19E-19										
200	1.232	2.23E-09	-0.0508578	1.19E-19										
200	1.248	2.16E-09	-0.019976	1.19E-19										
200	1.264	2.14E-09	-0.00787548	1.19E-19										
200	1.28	2.13E-09	-0.00310942	1.19E-19										
200	1.296	2.12E-09	-0.00122838	1.19E-19										
200	1.312	2.12E-09	-0.000485382	1.19E-19										
200	1.328	2.12E-09	-0.000191812	1.19E-19										
200	1.344	2.12E-09	-7.58E-05	1.19E-19										
200	1.36	2.12E-09	-3.00E-05	1.19E-19										
200	1.376	2.12E-09	-1.18E-05	1.19E-19										
200	1.392	3.17E-15	0.997417	4.30E-05										
200	1.408	1.27E-15	0.984643	4.32E-05										
200	1.424	5.06E-16	0.974901	4.32E-05										
200	1.44	2.35E-16	0.830726	4.33E-05										
200	1.456	2.12E-09	-1.14E-07	1.19E-19										
200	1.472	-1.19E-15	-0.0256195	4.34E-05										
200	1.488	2.12E-09	-1.78E-08	1.19E-19										
200	1.504	-1.23E-15	-0.00385148	4.34E-05										
200	1.52	2.12E-09	-2.78E-09	1.19E-19										
200	1.536	-1.22E-15	-0.000606717	4.34E-05										
200	1.552	2.12E-09	-4.35E-10	1.19E-19										
200	1.568	2.12E-09	-1.72E-10	1.19E-19										
200	1.584	-1.27E-15	-3.60E-05	4.34E-05										
200	1.6	-1.25E-15	-1.45E-05	4.34E-05										
300	0	4.02E-13	4310.27	1.64E-19										
300	0.016	7.45E-13	2323.33	1.64E-19										
300	0.032	1.38E-12	1253.31	1.64E-19										
300	0.048	2.55E-12	677.069	1.64E-19										
300	0.064	4.71E-12	366.746	1.64E-19										
300	0.08	8.63E-12	199.627	1.64E-19										
300	0.096	1.57E-11	109.628	1.64E-19										
300	0.112	2.79E-11	61.1607	1.64E-19										
300	0.128	4.80E-11	35.0596	1.64E-19										
300	0.144	7.87E-11	21.0034	1.64E-19										
300	0.16	1.20E-10	13.4337	1.64E-19										
300	0.176	1.67E-10	9.35715	1.64E-19										
300	0.192	2.12E-10	7.16181	1.64E-19										
300	0.208	2.48E-10	5.97955	1.64E-19										
300	0.224	2.73E-10	5.34287	1.64E-19										
300	0.24	2.89E-10	5	1.64E-19										
300	0.256	2.98E-10	4.81535	1.64E-19										
300	0.272	3.03E-10	4.71591	1.64E-19										
300	0.288	3.06E-10	4.66236	1.64E-19										
300	0.304	3.07E-10	4.63352	1.64E-19										
300	0.32	3.08E-10	4.61799	1.64E-19										
300	0.336	3.09E-10	4.60963	1.64E-19										
300	0.352	3.09E-10	4.60512	1.64E-19										
300	0.368	3.09E-10	4.6027	1.64E-19										
300	0.384	3.09E-10	4.60139	1.64E-19										
300	0.4	3.09E-10	4.60069	1.64E-19										
300	0.416	3.09E-10	4.60031	1.64E-19										
300	0.432	3.09E-10	4.6001	1.64E-19										
300	0.448	3.09E-10	4.59999	1.64E-19										
300	0.464	3.09E-10	4.59993	1.64E-19										
300	0.48	3.09E-10	4.5999	1.64E-19										
300	0.496	3.09E-10	4.59989	1.64E-19										
300	0.512	3.09E-10	4.59988	1.64E-19										
300	0.528	3.09E-10	4.59987	1.64E-19										
300	0.544	3.09E-10	4.59987	1.64E-19										
300	0.56	3.09E-10	4.59987	1.64E-19										
300	0.576	3.09E-10	4.59987	1.64E-19										
300	0.592	3.09E-10	4.59987	1.64E-19										
300	0.608	3.09E-10	4.59987	1.64E-19										
300	0.624	3.09E-10	4.59987	1.64E-19										
300	0.64	3.09E-10	4.59987	1.64E-19										
300	0.656	3.09E-10	4.59987	1.64E-19										
300	0.672	3.09E-10	4.59987	1.64E-19										
300	0.688	3.09E-10	4.59987	1.64E-19										
300	0.704	3.09E-10	4.59987	1.64E-19										
300	0.72	3.09E-10	4.59987	1.64E-19										
300	0.736	3.09E-10	4.59987	1.64E-19										
300	0.752	3.09E-10	4.59987	1.64E-19										
300	0.768	3.09E-10	4.59987	1.64E-19										
300	0.784	3.09E-10	4.59987	1.64E-19										
300	0.8	3.09E-10	4.59988	1.64E-19										
300	0.816	3.09E-10	4.59989	1.64E-19										
300	0.832	3.09E-10	4.59992	1.64E-19										
300	0.848	3.09E-10	4.59996	1.64E-19										
300	0.864	3.09E-10	4.60005	1.64E-19										
300	0.88	3.09E-10	4.60021	1.64E-19										
300	0.896	3.09E-10	4.6005	1.64E-19										
300	0.912	3.09E-10	4.60105	1.64E-19										
300	0.928	3.09E-10	4.60206	1.64E-19										
300	0.944	3.09E-10	4.60394	1.64E-19										
300	0.96	3.09E-10	4.60744	1.64E-19										
300	0.976	3.09E-10	4.61395	1.64E-19										
300	0.992	3.08E-10	4.62608	1.64E-19										
300	1.008	3.07E-10	4.64879	1.64E-19										
300	1.024	3.04E-10	4.69155	1.64E-19										
300	1.04	3.00E-10	4.77307	1.64E-19										
300	1.056	2.92E-10	4.93221	1.64E-19										
300	1.072	2.77E-10	5.25773	1.64E-19										
300	1.088	2.48E-10	5.99208	1.64E-19										
300	1.104	1.91E-10	8.09033	1.64E-19										
300	1.12	7.18E-11	23.1307	1.64E-19										
300	1.136	8.62E-14	19208.6	1.44E-09										
300	1.152	4.16E-14	33409.4	9.07E-09										
300	1.168	-1.52E-08	-1.11391	1.64E-19										
300	1.184	3.76E-09	-0.539576	1.64E-19										
300	1.2	2.39E-09	-0.275657	1.64E-19										
300	1.216	2.02E-09	-0.144455	1.64E-19										
300	1.232	1.88E-09	-0.0766822	1.64E-19										
300	1.248	1.81E-09	-0.0409805	1.64E-19										
300	1.264	1.77E-09	-0.0219789	1.64E-19										
300	1.28	1.75E-09	-0.0118103	1.64E-19										
300	1.296	1.74E-09	-0.00635268	1.64E-19										
300	1.312	1.74E-09	-0.00341894	1.64E-19										
300	1.328	1.74E-09	-0.00184057	1.64E-19										
300	1.344	1.73E-09	-0.000991022	1.64E-19										
300	1.36	1.73E-09	-0.000533643	1.64E-19										
300	1.376	1.73E-09	-0.000287368	1.64E-19										
300	1.392	1.73E-09	-0.000154752	1.64E-19										
300	1.408	1.73E-09	-8.33E-05	1.64E-19										
300	1.424	1.73E-09	-4.49E-05	1.64E-19										
300	1.44	1.73E-09	-2.42E-05	1.64E-19										
300	1.456	1.73E-09	-1.30E-05	1.64E-19										
300	1.472	4.09E-15	0.99797	3.13E-05										
300	1.488	2.22E-15	0.990766	3.14E-05										
300	1.504	1.20E-15	0.987287	3.15E-05										
300	1.52	6.55E-16	0.974428	3.15E-05										
300	1.536	3.48E-16	0.986255	3.16E-05										
300	1.552	2.05E-16	0.903702	3.16E-05										
300	1.568	1.06E-16	0.940323	3.16E-05										
300	1.584	7.48E-17	0.717697	3.16E-05										
300	1.6	1.73E-09	-4.96E-08	1.64E-19										
400	0	3.98E-13	3764.82	1.77E-19										
400	0.016	6.33E-13	2367.28	1.77E-19										
400	0.032	1.01E-12	1488.72	1.77E-19										
400	0.048	1.60E-12	936.418	1.77E-19										
400	0.064	2.54E-12	589.212	1.77E-19										
400	0.08	4.03E-12	370.942	1.77E-19										
400	0.096	6.39E-12	233.726	1.77E-19										
400	0.112	1.01E-11	147.466	1.77E-19										
400	0.128	1.59E-11	93.238	1.77E-19										
400	0.144	2.49E-11	59.1479	1.77E-19										
400	0.16	3.87E-11	37.7173	1.77E-19										
400	0.176	5.94E-11	24.2449	1.77E-19										
400	0.192	8.94E-11	15.7755	1.77E-19										
400	0.208	1.31E-10	10.4512	1.77E-19										
400	0.224	1.85E-10	7.10414	1.77E-19										
400	0.24	2.50E-10	4.99999	1.77E-19										
400	0.256	3.21E-10	3.67722	1.77E-19										
400	0.272	3.90E-10	2.84567	1.77E-19										
400	0.288	4.51E-10	2.32291	1.77E-19										
400	0.304	5.01E-10	1.99428	1.77E-19										
400	0.32	5.38E-10	1.78768	1.77E-19										
400	0.336	5.64E-10	1.65781	1.77E-19										
400	0.352	5.82E-10	1.57616	1.77E-19										
400	0.368	5.94E-10	1.52484	1.77E-19										
400	0.384	6.02E-10	1.49257	1.77E-19										
400	0.4	6.07E-10	1.47229	1.77E-19										
400	0.416	6.10E-10	1.45953	1.77E-19										
400	0.432	6.12E-10	1.45152	1.77E-19										
400	0.448	6.13E-10	1.44648	1.77E-19										
400	0.464	6.14E-10	1.44331	1.77E-19										
400	0.48	6.14E-10	1.44132	1.77E-19										
400	0.496	6.15E-10	1.44007	1.77E-19										
400	0.512	6.15E-10	1.43928	1.77E-19										
400	0.528	6.15E-10	1.43878	1.77E-19										
400	0.544	6.15E-10	1.43847	1.77E-19										
400	0.56	6.15E-10	1.43828	1.77E-19										
400	0.576	6.15E-10	1.43816	1.77E-19										
400	0.592	6.15E-10	1.43808	1.77E-19										
400	0.608	6.15E-10	1.43803	1.77E-19										
400	0.624	6.15E-10	1.438	1.77E-19										
400	0.64	6.15E-10	1.43798	1.77E-19										
400	0.656	6.15E-10	1.43797	1.77E-19										
400	0.672	6.15E-10	1.43796	1.77E-19										
400	0.688	6.15E-10	1.43796	1.77E-19										
400	0.704	6.15E-10	1.43796	1.77E-19										
400	0.72	6.15E-10	1.43796	1.77E-19										
400	0.736	6.15E-10	1.43797	1.77E-19										
400	0.752	6.15E-10	1.43798	1.77E-19										
400	0.768	6.15E-10	1.438	1.77E-19										
400	0.784	6.15E-10	1.43804	1.77E-19										
400	0.8	6.15E-10	1.43809	1.77E-19										
400	0.816	6.15E-10	1.43817	1.77E-19										
400	0.832	6.15E-10	1.4383	1.77E-19										
400	0.848	6.15E-10	1.43852	1.77E-19										
400	0.864	6.15E-10	1.43885	1.77E-19										
400	0.88	6.15E-10	1.43939	1.77E-19										
400	0.896	6.15E-10	1.44024	1.77E-19										
400	0.912	6.14E-10	1.4416	1.77E-19										
400	0.928	6.14E-10	1.44377	1.77E-19										
400	0.944	6.13E-10	1.44723	1.77E-19										
400	0.96	6.12E-10	1.45277	1.77E-19										
400	0.976	6.09E-10	1.46167	1.77E-19										
400	0.992	6.06E-10	1.47605	1.77E-19										
400	1.008	6.00E-10	1.49952	1.77E-19										
400	1.024	5.91E-10	1.53843	1.77E-19										
400	1.04	5.76E-10	1.60468	1.77E-19										
400	1.056	5.51E-10	1.72267	1.77E-19										
400	1.072	5.08E-10	1.95085	1.77E-19										
400	1.088	4.32E-10	2.47162	1.77E-19										
400	1.104	2.83E-10	4.29575	1.77E-19										
400	1.12	4.13E-13	3578.18	4.56E-11										
400	1.136	-1.36E-09	-2.10423	1.77E-19										
400	1.152	1.05E-08	-0.857071	1.77E-19										
400	1.168	2.68E-09	-0.441152	1.77E-19										
400	1.184	2.00E-09	-0.248966	1.77E-19										
400	1.2	1.76E-09	-0.147057	1.77E-19										
400	1.216	1.65E-09	-0.0890647	1.77E-19										
400	1.232	1.59E-09	-0.0547315	1.77E-19										
400	1.248	1.55E-09	-0.0339274	1.77E-19										
400	1.264	1.53E-09	-0.0211431	1.77E-19										
400	1.28	1.52E-09	-0.0132194	1.77E-19										
400	1.296	1.51E-09	-0.00828211	1.77E-19										
400	1.312	1.51E-09	-0.00519542	1.77E-19										
400	1.328	1.50E-09	-0.00326172	1.77E-19										
400	1.344	1.50E-09	-0.00204875	1.77E-19										
400	1.36	1.50E-09	-0.00128726	1.77E-19										
400	1.376	1.50E-09	-0.000808968	1.77E-19										
400	1.392	1.50E-09	-0.00050845	1.77E-19										
400	1.408	1.50E-09	-0.000319595	1.77E-19										
400	1.424	1.50E-09	-0.000200896	1.77E-19										
400	1.44	1.50E-09	-0.000126287	1.77E-19										
400	1.456	1.50E-09	-7.94E-05	1.77E-19										
400	1.472	1.50E-09	-4.99E-05	1.77E-19										
400	1.488	1.50E-09	-3.14E-05	1.77E-19										
400	1.504	1.50E-09	-1.97E-05	1.77E-19										
400	1.52	1.50E-09	-1.24E-05	1.77E-19										
400	1.536	1.50E-09	-7.79E-06	1.77E-19										
400	1.552	6.34E-15	0.998395	1.46E-05										
400	1.568	3.99E-15	0.997889	1.47E-05										
400	1.584	2.51E-15	0.997395	1.47E-05										
400	1.6	1.59E-15	0.988594	1.47E-05										
500	0	9.36E-13	1432.56	3.28E-19										
500	0.016	1.36E-12	988.048	3.28E-19										
500	0.032	1.97E-12	681.418	3.28E-19										
500	0.048	2.85E-12	469.903	3.28E-19										
500	0.064	4.13E-12	323.999	3.28E-19										
500	0.08	5.98E-12	223.354	3.28E-19										
500	0.096	8.66E-12	153.928	3.28E-19										
500	0.112	1.25E-11	106.038	3.28E-19										
500	0.128	1.81E-11	73.003	3.28E-19										
500	0.144	2.62E-11	50.2153	3.28E-19										
500	0.16	3.78E-11	34.4962	3.28E-19										
500	0.176	5.44E-11	23.6532	3.28E-19										
500	0.192	7.81E-11	16.1736	3.28E-19										
500	0.208	1.12E-10	11.0141	3.28E-19										
500	0.224	1.59E-10	7.45504	3.28E-19										
500	0.24	2.24E-10	5	3.28E-19										
500	0.256	3.12E-10	3.3065	3.28E-19										
500	0.272	4.28E-10	2.13832	3.28E-19										
500	0.288	5.75E-10	1.3325	3.28E-19										
500	0.304	7.55E-10	0.776637	3.28E-19										
500	0.32	9.63E-10	0.393203	3.28E-19										
500	0.336	1.19E-09	0.128708	3.28E-19										
500	0.352	1.42E-09	-0.0537423	3.28E-19										
500	0.368	1.64E-09	-0.179597	3.28E-19										
500	0.384	1.83E-09	-0.266413	3.28E-19										
500	0.4	1.99E-09	-0.326298	3.28E-19										
500	0.416	2.12E-09	-0.367608	3.28E-19										
500	0.432	2.22E-09	-0.396103	3.28E-19										
500	0.448	2.30E-09	-0.41576	3.28E-19										
500	0.464	2.35E-09	-0.429319	3.28E-19										
500	0.48	2.39E-09	-0.438672	3.28E-19										
500	0.496	2.42E-09	-0.445124	3.28E-19										
500	0.512	2.44E-09	-0.449574	3.28E-19										
500	0.528	2.45E-09	-0.452645	3.28E-19										
500	0.544	2.46E-09	-0.454762	3.28E-19										
500	0.56	2.47E-09	-0.456223	3.28E-19										
500	0.576	2.47E-09	-0.457231	3.28E-19										
500	0.592	2.48E-09	-0.457927	3.28E-19										
500	0.608	2.48E-09	-0.458407	3.28E-19										
500	0.624	2.48E-09	-0.458738	3.28E-19										
500	0.64	2.48E-09	-0.458967	3.28E-19										
500	0.656	2.48E-09	-0.459126	3.28E-19										
500	0.672	2.48E-09	-0.459237	3.28E-19										
500	0.688	2.48E-09	-0.459315	3.28E-19										
500	0.704	2.48E-09	-0.459372	3.28E-19										
500	0.72	2.48E-09	-0.459414	3.28E-19										
500	0.736	2.48E-09	-0.459449	3.28E-19										
500	0.752	2.48E-09	-0.45948	3.28E-19										
500	0.768	2.48E-09	-0.459513	3.28E-19										
500	0.784	2.48E-09	-0.459552	3.28E-19										
500	0.8	2.48E-09	-0.459602	3.28E-19										
500	0.816	2.48E-09	-0.45967	3.28E-19										
500	0.832	2.48E-09	-0.459765	3.28E-19										
500	0.848	2.48E-09	-0.459902	3.28E-19										
500	0.864	2.48E-09	-0.460099	3.28E-19										
500	0.88	2.49E-09	-0.460384	3.28E-19										
500	0.896	2.49E-09	-0.460798	3.28E-19										
500	0.912	2.49E-09	-0.461398	3.28E-19										
500	0.928	2.50E-09	-0.46227	3.28E-19										
500	0.944	2.50E-09	-0.46354	3.28E-19										
500	0.96	2.51E-09	-0.465394	3.28E-19										
500	0.976	2.52E-09	-0.468108	3.28E-19										
500	0.992	2.54E-09	-0.472099	3.28E-19										
500	1.008	2.57E-09	-0.478006	3.28E-19										
500	1.024	2.61E-09	-0.486838	3.28E-19										
500	1.04	2.68E-09	-0.500236	3.28E-19										
500	1.056	2.80E-09	-0.521023	3.28E-19										
500	1.072	3.01E-09	-0.554422	3.28E-19										
500	1.088	3.45E-09	-0.611221	3.28E-19										
500	1.104	4.75E-09	-0.717832	3.28E-19										
500	1.12	3.42E-08	-0.960772	3.28E-19										
500	1.136	4.94E-13	3362.47	1.68E-09										
500	1.152	2.33E-10	4.75933	3.28E-19										
500	1.168	7.54E-10	0.779242	3.28E-19										
500	1.184	9.92E-10	0.352227	3.28E-19										
500	1.2	1.12E-09	0.196291	3.28E-19										
500	1.216	1.20E-09	0.119559	3.28E-19										
500	1.232	1.25E-09	0.0763128	3.28E-19										
500	1.248	1.28E-09	0.0500618	3.28E-19										
500	1.264	1.30E-09	0.0334039	3.28E-19										
500	1.28	1.31E-09	0.022534	3.28E-19										
500	1.296	1.32E-09	0.0153112	3.28E-19										
500	1.312	1.33E-09	0.0104537	3.28E-19										
500	1.328	1.33E-09	0.00716045	3.28E-19										
500	1.344	-3.49E-14	-428.25	9.73E-07										
500	1.36	-3.41E-14	-302.946	1.21E-06										
500	1.376	1.34E-09	0.00232593	3.28E-19										
500	1.392	1.34E-09	0.00160192	3.28E-19										
500	1.408	1.34E-09	0.00110382	3.28E-19										
500	1.424	1.34E-09	0.000760855	3.28E-19										
500	1.44	1.34E-09	0.000524572	3.28E-19										
500	1.456	1.34E-09	0.000361725	3.28E-19										
500	1.472	1.34E-09	0.000249459	3.28E-19										
500	1.488	1.34E-09	0.000172049	3.28E-19										
500	1.504	1.34E-09	0.000118666	3.28E-19										
500	1.52	1.34E-09	8.19E-05	3.28E-19										
500	1.536	1.34E-09	5.65E-05	3.28E-19										
500	1.552	1.34E-09	3.89E-05	3.28E-19										
500	1.568	1.34E-09	2.69E-05	3.28E-19										
500	1.584	1.34E-09	1.85E-05	3.28E-19										
500	1.6	1.34E-09	1.28E-05	3.28E-19										
600	0	2.02E-12	606.213	1.70E-19										
600	0.016	2.75E-12	444.641	1.70E-19										
600	0.032	3.74E-12	326.071	1.70E-19										
600	0.048	5.10E-12	239.06	1.70E-19										
600	0.064	6.95E-12	175.206	1.70E-19										
600	0.08	9.47E-12	128.348	1.70E-19										
600	0.096	1.29E-11	93.9608	1.70E-19										
600	0.112	1.76E-11	68.7261	1.70E-19										
600	0.128	2.39E-11	50.2076	1.70E-19										
600	0.144	3.26E-11	36.6179	1.70E-19										
600	0.16	4.43E-11	26.6451	1.70E-19										
600	0.176	6.03E-11	19.3266	1.70E-19										
600	0.192	8.19E-11	13.956	1.70E-19										
600	0.208	1.11E-10	10.0147	1.70E-19										
600	0.224	1.51E-10	7.12248	1.70E-19										
600	0.24	2.04E-10	5	1.70E-19										
600	0.256	2.76E-10	3.44243	1.70E-19										
600	0.272	3.71E-10	2.29941	1.70E-19										
600	0.288	4.98E-10	1.46061	1.70E-19										
600	0.304	6.64E-10	0.845055	1.70E-19										
600	0.32	8.79E-10	0.393335	1.70E-19										
600	0.336	1.15E-09	0.0618412	1.70E-19										
600	0.352	1.50E-09	-0.181424	1.70E-19										
600	0.368	1.91E-09	-0.359944	1.70E-19										
600	0.384	2.41E-09	-0.49095	1.70E-19										
600	0.4	2.97E-09	-0.587089	1.70E-19										
600	0.416	3.58E-09	-0.65764	1.70E-19										
600	0.432	4.21E-09	-0.709413	1.70E-19										
600	0.448	4.85E-09	-0.747407	1.70E-19										
600	0.464	5.45E-09	-0.775289	1.70E-19										
600	0.48	6.00E-09	-0.79575	1.70E-19										
600	0.496	6.47E-09	-0.810765	1.70E-19										
600	0.512	6.87E-09	-0.821785	1.70E-19										
600	0.528	7.20E-09	-0.829872	1.70E-19										
600	0.544	7.46E-09	-0.835806	1.70E-19										
600	0.56	7.66E-09	-0.840162	1.70E-19										
600	0.576	7.82E-09	-0.843359	1.70E-19										
600	0.592	7.94E-09	-0.845707	1.70E-19										
600	0.608	8.03E-09	-0.847431	1.70E-19										
600	0.624	8.09E-09	-0.848698	1.70E-19										
600	0.64	8.14E-09	-0.84963	1.70E-19										
600	0.656	8.18E-09	-0.850318	1.70E-19										
600	0.672	8.21E-09	-0.850827	1.70E-19										
600	0.688	8.23E-09	-0.851208	1.70E-19										
600	0.704	8.25E-09	-0.851496	1.70E-19										
600	0.72	8.26E-09	-0.85172	1.70E-19										
600	0.736	8.27E-09	-0.8519	1.70E-19										
600	0.752	8.28E-09	-0.852055	1.70E-19										
600	0.768	8.29E-09	-0.8522	1.70E-19										
600	0.784	8.29E-09	-0.852348	1.70E-19										
600	0.8	8.30E-09	-0.852514	1.70E-19										
600	0.816	8.32E-09	-0.852713	1.70E-19										
600	0.832	8.33E-09	-0.852966	1.70E-19										
600	0.848	8.35E-09	-0.853297	1.70E-19										
600	0.864	8.37E-09	-0.853737	1.70E-19										
600	0.88	8.41E-09	-0.85433	1.70E-19										
600	0.896	8.45E-09	-0.855133	1.70E-19										
600	0.912	8.52E-09	-0.856227	1.70E-19										
600	0.928	8.61E-09	-0.857718	1.70E-19										
600	0.944	8.73E-09	-0.859756	1.70E-19										
600	0.96	8.91E-09	-0.862548	1.70E-19										
600	0.976	9.17E-09	-0.86638	1.70E-19										
600	0.992	9.54E-09	-0.871656	1.70E-19										
600	1.008	1.01E-08	-0.878949	1.70E-19										
600	1.024	1.10E-08	-0.889085	1.70E-19										
600	1.04	1.27E-08	-0.90328	1.70E-19										
600	1.056	1.60E-08	-0.923368	1.70E-19										
600	1.072	2.56E-08	-0.952226	1.70E-19										
600	1.088	2.26E-07	-0.994582	1.70E-19										
600	1.104	-2.08E-08	-1.05876	1.70E-19										
600	1.12	-7.62E-09	-1.16082	1.70E-19										
600	1.136	-3.64E-09	-1.33638	1.70E-19										
600	1.152	-1.79E-09	-1.68327	1.70E-19										
600	1.168	9.00E-13	1991.86	3.64E-09										
600	1.184	3.17E-12	420.323	1.76E-10										
600	1.2	2.77E-10	3.41748	1.70E-19										
600	1.216	5.53E-10	1.21309	1.70E-19										
600	1.232	7.44E-10	0.645613	1.70E-19										
600	1.248	8.78E-10	0.394278	1.70E-19										
600	1.264	9.74E-10	0.257616	1.70E-19										
600	1.28	1.04E-09	0.174972	1.70E-19										
600	1.296	1.09E-09	0.12175	1.70E-19										
600	1.312	1.13E-09	0.0860725	1.70E-19										
600	1.328	1.15E-09	0.0615105	1.70E-19										
600	1.344	1.17E-09	0.0442884	1.70E-19										
600	1.36	1.19E-09	0.0320575	1.70E-19										
600	1.376	1.20E-09	0.0232921	1.70E-19										
600	1.392	1.20E-09	0.0169694	1.70E-19										
600	1.408	1.21E-09	0.0123873	1.70E-19										
600	1.424	1.21E-09	0.00905532	1.70E-19										
600	1.44	1.22E-09	0.00662648	1.70E-19										
600	1.456	1.22E-09	0.00485278	1.70E-19										
600	1.472	1.22E-09	0.0035558	1.70E-19										
600	1.488	1.22E-09	0.00260652	1.70E-19										
600	1.504	1.22E-09	0.00191123	1.70E-19										
600	1.52	1.22E-09	0.00140171	1.70E-19										
600	1.536	1.22E-09	0.00102819	1.70E-19										
600	1.552	1.22E-09	0.000754294	1.70E-19										
600	1.568	1.22E-09	0.000553406	1.70E-19										
600	1.584	1.22E-09	0.000406045	1.70E-19										
600	1.6	1.22E-09	0.000297937	1.70E-19										
700	0	3.57E-12	316.872	2.82E-18										
700	0.016	4.65E-12	242.826	2.82E-18										
700	0.032	6.06E-12	186.031	2.82E-18										
700	0.048	7.90E-12	142.468	2.82E-18										
700	0.064	1.03E-11	109.055	2.82E-18										
700	0.08	1.34E-11	83.4265	2.82E-18										
700	0.096	1.75E-11	63.769	2.82E-18										
700	0.112	2.28E-11	48.6914	2.82E-18										
700	0.128	2.97E-11	37.1266	2.82E-18										
700	0.144	3.88E-11	28.2563	2.82E-18										
700	0.16	5.05E-11	21.4525	2.82E-18										
700	0.176	6.58E-11	16.234	2.82E-18										
700	0.192	8.57E-11	12.2313	2.82E-18										
700	0.208	1.12E-10	9.1611	2.82E-18										
700	0.224	1.45E-10	6.80625	2.82E-18										
700	0.24	1.89E-10	5.00003	2.82E-18										
700	0.256	2.46E-10	3.61463	2.82E-18										
700	0.272	3.19E-10	2.55201	2.82E-18										
700	0.288	4.14E-10	1.73697	2.82E-18										
700	0.304	5.37E-10	1.11181	2.82E-18										
700	0.32	6.95E-10	0.632306	2.82E-18										
700	0.336	8.97E-10	0.264519	2.82E-18										
700	0.352	1.15E-09	-0.0175805	2.82E-18										
700	0.368	1.48E-09	-0.233955	2.82E-18										
700	0.384	1.89E-09	-0.399918	2.82E-18										
700	0.4	2.40E-09	-0.527215	2.82E-18										
700	0.416	3.02E-09	-0.624853	2.82E-18										
700	0.432	3.78E-09	-0.699744	2.82E-18										
700	0.448	4.67E-09	-0.757186	2.82E-18										
700	0.464	5.71E-09	-0.801246	2.82E-18										
700	0.48	6.87E-09	-0.835041	2.82E-18										
700	0.496	8.16E-09	-0.860962	2.82E-18										
700	0.512	9.52E-09	-0.880845	2.82E-18										
700	0.528	1.09E-08	-0.896097	2.82E-18										
700	0.544	1.23E-08	-0.907796	2.82E-18										
700	0.56	1.36E-08	-0.91677	2.82E-18										
700	0.576	1.49E-08	-0.923656	2.82E-18										
700	0.592	1.60E-08	-0.92894	2.82E-18										
700	0.608	1.69E-08	-0.932995	2.82E-18										
700	0.624	1.77E-08	-0.93611	2.82E-18										
700	0.64	1.84E-08	-0.938504	2.82E-18										
700	0.656	1.90E-08	-0.940347	2.82E-18										
700	0.672	1.95E-08	-0.941769	2.82E-18										
700	0.688	1.98E-08	-0.942872	2.82E-18										
700	0.704	2.02E-08	-0.943732	2.82E-18										
700	0.72	2.04E-08	-0.944411	2.82E-18										
700	0.736	2.06E-08	-0.944957	2.82E-18										
700	0.752	2.08E-08	-0.945408	2.82E-18										
700	0.768	2.09E-08	-0.945797	2.82E-18										
700	0.784	2.11E-08	-0.946151	2.82E-18										
700	0.8	2.12E-08	-0.946496	2.82E-18										
700	0.816	2.13E-08	-0.946855	2.82E-18										
700	0.832	2.15E-08	-0.947253	2.82E-18										
700	0.848	2.17E-08	-0.947721	2.82E-18										
700	0.864	2.19E-08	-0.94829	2.82E-18										
700	0.88	2.22E-08	-0.949002	2.82E-18										
700	0.896	2.26E-08	-0.949907	2.82E-18										
700	0.912	2.32E-08	-0.951071	2.82E-18										
700	0.928	2.39E-08	-0.952579	2.82E-18										
700	0.944	2.49E-08	-0.954542	2.82E-18										
700	0.96	2.64E-08	-0.957104	2.82E-18										
700	0.976	2.87E-08	-0.960459	2.82E-18										
700	0.992	3.23E-08	-0.964863	2.82E-18										
700	1.008	3.86E-08	-0.970662	2.82E-18										
700	1.024	5.23E-08	-0.978324	2.82E-18										
700	1.04	9.86E-08	-0.988496	2.82E-18										
700	1.056	-5.46E-07	-1.00208	2.82E-18										
700	1.072	-5.57E-08	-1.02035	2.82E-18										
700	1.088	-2.51E-08	-1.0452	2.82E-18										
700	1.104	-1.43E-08	-1.07948	2.82E-18										
700	1.12	-8.88E-09	-1.12769	2.82E-18										
700	1.136	-5.74E-09	-1.19742	2.82E-18										
700	1.152	1.14E-12	3526.63	4.13E-08										
700	1.168	-2.41E-09	-1.47051	2.82E-18										
700	1.184	-1.48E-09	-1.76802	2.82E-18										
700	1.2	-8.09E-10	-2.40144	2.82E-18										
700	1.216	6.55E-12	218.54	1.08E-09										
700	1.232	3.48E-11	31.5701	2.82E-18										
700	1.248	3.02E-10	2.76022	2.82E-18										
700	1.264	5.02E-10	1.26051	2.82E-18										
700	1.28	6.52E-10	0.737844	2.82E-18										
700	1.296	7.67E-10	0.478934	2.82E-18										
700	1.312	8.53E-10	0.328603	2.82E-18										
700	1.328	9.19E-10	0.233178	2.82E-18										
700	1.344	9.70E-10	0.169141	2.82E-18										
700	1.36	1.01E-09	0.124547	2.82E-18										
700	1.376	1.04E-09	0.0926877	2.82E-18										
700	1.392	1.06E-09	0.0695068	2.82E-18										
700	1.408	1.08E-09	0.0524159	2.82E-18										
700	1.424	1.09E-09	0.0396916	2.82E-18										
700	1.44	1.10E-09	0.0301495	2.82E-18										
700	1.456	1.11E-09	0.0229548	2.82E-18										
700	1.472	1.11E-09	0.0175077	2.82E-18										
700	1.488	1.12E-09	0.0133711	2.82E-18										
700	1.504	1.12E-09	0.0102222	2.82E-18										
700	1.52	1.13E-09	0.0078209	2.82E-18										
700	1.536	1.13E-09	0.00598723	2.82E-18										
700	1.552	1.13E-09	0.00458554	2.82E-18										
700	1.568	1.13E-09	0.00351322	2.82E-18										
700	1.584	1.13E-09	0.00269237	2.82E-18										
700	1.6	1.13E-09	0.00206372	2.82E-18										
