Temperature, Et, tn0, k, chi2
100, 0.00321332, 1.17601e-12, 3271.94, 1.47146e-19
100, 0.014849, 4.51395e-12, 851.69, 1.47146e-19
100, 0.0264848, 1.70736e-11, 224.436, 1.47146e-19
100, 0.0381205, 6.12208e-11, 61.8708, 1.47146e-19
100, 0.0497563, 1.85591e-10, 19.7391, 1.47146e-19
100, 0.061392, 3.91958e-10, 8.81992, 1.47146e-19
100, 0.0730277, 5.50644e-10, 5.99001, 1.47146e-19
100, 0.0846635, 6.15193e-10, 5.25658, 1.47146e-19
100, 0.0962992, 6.34469e-10, 5.0665, 1.47146e-19
100, 0.107935, 6.39663e-10, 5.01723, 1.47146e-19
100, 0.119571, 6.41023e-10, 5.00447, 1.47146e-19
100, 0.131206, 6.41377e-10, 5.00116, 1.47146e-19
100, 0.142842, 6.41468e-10, 5.0003, 1.47146e-19
100, 0.154478, 6.41492e-10, 5.00008, 1.47146e-19
100, 0.166114, 6.41498e-10, 5.00002, 1.47146e-19
100, 0.177749, 6.415e-10, 5.00001, 1.47146e-19
100, 0.189385, 6.415e-10, 5, 1.47146e-19
100, 0.201021, 6.415e-10, 5, 1.47146e-19
100, 0.212657, 6.415e-10, 5, 1.47146e-19
100, 0.224292, 6.415e-10, 5, 1.47146e-19
100, 0.235928, 6.415e-10, 5, 1.47146e-19
100, 0.247564, 6.415e-10, 5, 1.47146e-19
100, 0.259199, 6.415e-10, 5, 1.47146e-19
100, 0.270835, 6.415e-10, 5, 1.47146e-19
100, 0.282471, 6.415e-10, 5, 1.47146e-19
100, 0.294107, 6.415e-10, 5, 1.47146e-19
100, 0.305742, 6.415e-10, 5, 1.47146e-19
100, 0.317378, 6.415e-10, 5, 1.47146e-19
100, 0.329014, 6.415e-10, 5, 1.47146e-19
100, 0.34065, 6.415e-10, 5, 1.47146e-19
100, 0.352285, 6.415e-10, 5, 1.47146e-19
100, 0.363921, 6.415e-10, 5, 1.47146e-19
100, 0.375557, 6.415e-10, 5, 1.47146e-19
100, 0.387193, 6.415e-10, 5, 1.47146e-19
100, 0.398828, 6.415e-10, 5, 1.47146e-19
100, 0.410464, 6.415e-10, 5, 1.47146e-19
100, 0.4221, 6.415e-10, 5, 1.47146e-19
100, 0.433735, 6.415e-10, 5, 1.47146e-19
100, 0.445371, 6.415e-10, 5, 1.47146e-19
100, 0.457007, 6.415e-10, 5, 1.47146e-19
100, 0.468643, 6.415e-10, 5, 1.47146e-19
100, 0.480278, 6.415e-10, 5, 1.47146e-19
100, 0.491914, 6.415e-10, 5, 1.47146e-19
100, 0.50355, 6.415e-10, 5, 1.47146e-19
100, 0.515186, 6.415e-10, 5, 1.47146e-19
100, 0.526821, 6.415e-10, 5, 1.47146e-19
100, 0.538457, 6.415e-10, 5, 1.47146e-19
100, 0.550093, 6.415e-10, 5, 1.47146e-19
100, 0.561729, 6.415e-10, 5, 1.47146e-19
100, 0.573364, 6.415e-10, 5, 1.47146e-19
100, 0.585, 6.415e-10, 5, 1.47146e-19
100, 0.596636, 6.415e-10, 5, 1.47146e-19
100, 0.608271, 6.415e-10, 5, 1.47146e-19
100, 0.619907, 6.415e-10, 5, 1.47146e-19
100, 0.631543, 6.415e-10, 5, 1.47146e-19
100, 0.643179, 6.415e-10, 5, 1.47146e-19
100, 0.654814, 6.415e-10, 5, 1.47146e-19
100, 0.66645, 6.415e-10, 5, 1.47146e-19
100, 0.678086, 6.415e-10, 5, 1.47146e-19
100, 0.689722, 6.415e-10, 5, 1.47146e-19
100, 0.701357, 6.415e-10, 5, 1.47146e-19
100, 0.712993, 6.415e-10, 5, 1.47146e-19
100, 0.724629, 6.415e-10, 5, 1.47146e-19
100, 0.736265, 6.415e-10, 5, 1.47146e-19
100, 0.7479, 6.415e-10, 5, 1.47146e-19
100, 0.759536, 6.415e-10, 5, 1.47146e-19
100, 0.771172, 6.415e-10, 5, 1.47146e-19
100, 0.782807, 6.415e-10, 5, 1.47146e-19
100, 0.794443, 6.415e-10, 5, 1.47146e-19
100, 0.806079, 6.415e-10, 5, 1.47146e-19
100, 0.817715, 6.415e-10, 5, 1.47146e-19
100, 0.82935, 6.415e-10, 5, 1.47146e-19
100, 0.840986, 6.415e-10, 5, 1.47146e-19
100, 0.852622, 6.415e-10, 5, 1.47146e-19
100, 0.864258, 6.415e-10, 5, 1.47146e-19
100, 0.875893, 6.415e-10, 5, 1.47146e-19
100, 0.887529, 6.415e-10, 5, 1.47146e-19
100, 0.899165, 6.415e-10, 5, 1.47146e-19
100, 0.910801, 6.415e-10, 5, 1.47146e-19
100, 0.922436, 6.415e-10, 5, 1.47146e-19
100, 0.934072, 6.415e-10, 5, 1.47146e-19
100, 0.945708, 6.415e-10, 5, 1.47146e-19
100, 0.957343, 6.415e-10, 5, 1.47146e-19
100, 0.968979, 6.415e-10, 5, 1.47146e-19
100, 0.980615, 6.415e-10, 5, 1.47146e-19
100, 0.992251, 6.415e-10, 5, 1.47146e-19
100, 1.00389, 6.415e-10, 5, 1.47146e-19
100, 1.01552, 6.415e-10, 5, 1.47146e-19
100, 1.02716, 6.415e-10, 5, 1.47146e-19
100, 1.03879, 6.41499e-10, 5.00001, 1.47146e-19
100, 1.05043, 6.41495e-10, 5.00005, 1.47146e-19
100, 1.06207, 6.41482e-10, 5.00018, 1.47146e-19
100, 1.0737, 6.41428e-10, 5.00068, 1.47146e-19
100, 1.08534, 6.41222e-10, 5.00261, 1.47146e-19
100, 1.09697, 6.40425e-10, 5.01007, 1.47146e-19
100, 1.10861, 6.37349e-10, 5.03908, 1.47146e-19
100, 1.12024, 6.25423e-10, 5.15424, 1.47146e-19
100, 1.13188, 5.78565e-10, 5.65267, 1.47146e-19
100, 1.14352, 3.84238e-10, 9.01724, 1.47146e-19
100, 1.15515, -6.46428e-10, -6.95426, 1.47146e-19
100, 1.16679, 3.42672e-08, -0.887677, 1.47146e-19
200, 0.0113158, 4.38488e-13, 8776.9, 1.08851e-19
200, 0.0227895, 8.52712e-13, 4512.83, 1.08851e-19
200, 0.0342632, 1.65723e-12, 2321.55, 1.08851e-19
200, 0.0457368, 3.217e-12, 1195.46, 1.08851e-19
200, 0.0572105, 6.23055e-12, 616.762, 1.08851e-19
200, 0.0686842, 1.20141e-11, 319.375, 1.08851e-19
200, 0.0801579, 2.29725e-11, 166.548, 1.08851e-19
200, 0.0916316, -7.54609e-15, -520015, 3.8739e-06
200, 0.103105, 7.91131e-11, 47.6519, 1.08851e-19
200, 0.114579, 1.37901e-10, 26.9113, 1.08851e-19
200, 0.126053, 2.23095e-10, 16.2527, 1.08851e-19
200, 0.137526, 3.26869e-10, 10.7754, 1.08851e-19
200, 0.149, 4.29549e-10, 7.96056, 1.08851e-19
200, 0.160474, 5.1224e-10, 6.51405, 1.08851e-19
200, 0.171947, 5.68479e-10, 5.7707, 1.08851e-19
200, 0.183421, 6.02471e-10, 5.38869, 1.08851e-19
200, 0.194895, 6.2157e-10, 5.19238, 1.08851e-19
200, 0.206368, 6.31865e-10, 5.0915, 1.08851e-19
200, 0.217842, 6.37288e-10, 5.03965, 1.08851e-19
200, 0.229316, 6.40112e-10, 5.01301, 1.08851e-19
200, 0.240789, 6.41573e-10, 4.99932, 1.08851e-19
200, 0.252263, 6.42326e-10, 4.99228, 1.08851e-19
200, 0.263737, 6.42714e-10, 4.98867, 1.08851e-19
200, 0.275211, 6.42913e-10, 4.98681, 1.08851e-19
200, 0.286684, 6.43016e-10, 4.98586, 1.08851e-19
200, 0.298158, 6.43069e-10, 4.98537, 1.08851e-19
200, 0.309632, 6.43096e-10, 4.98511, 1.08851e-19
200, 0.321105, 6.4311e-10, 4.98498, 1.08851e-19
200, 0.332579, 6.43117e-10, 4.98492, 1.08851e-19
200, 0.344053, 6.43121e-10, 4.98488, 1.08851e-19
200, 0.355526, 6.43122e-10, 4.98486, 1.08851e-19
200, 0.367, 6.43123e-10, 4.98486, 1.08851e-19
200, 0.378474, 6.43124e-10, 4.98485, 1.08851e-19
200, 0.389947, 6.43124e-10, 4.98485, 1.08851e-19
200, 0.401421, 6.43124e-10, 4.98485, 1.08851e-19
200, 0.412895, 6.43124e-10, 4.98485, 1.08851e-19
200, 0.424368, 6.43124e-10, 4.98485, 1.08851e-19
200, 0.435842, 6.43124e-10, 4.98485, 1.08851e-19
200, 0.447316, 6.43124e-10, 4.98485, 1.08851e-19
200, 0.458789, 6.43124e-10, 4.98485, 1.08851e-19
200, 0.470263, 6.43124e-10, 4.98485, 1.08851e-19
200, 0.481737, 6.43124e-10, 4.98485, 1.08851e-19
200, 0.493211, 6.43124e-10, 4.98485, 1.08851e-19
200, 0.504684, 6.43124e-10, 4.98485, 1.08851e-19
200, 0.516158, 6.43124e-10, 4.98485, 1.08851e-19
200, 0.527632, 6.43124e-10, 4.98485, 1.08851e-19
200, 0.539105, 6.43124e-10, 4.98485, 1.08851e-19
200, 0.550579, 6.43124e-10, 4.98485, 1.08851e-19
200, 0.562053, 6.43124e-10, 4.98485, 1.08851e-19
200, 0.573526, 6.43124e-10, 4.98485, 1.08851e-19
200, 0.585, 6.43124e-10, 4.98485, 1.08851e-19
200, 0.596474, 6.43124e-10, 4.98485, 1.08851e-19
200, 0.607947, 6.43124e-10, 4.98485, 1.08851e-19
200, 0.619421, 6.43124e-10, 4.98485, 1.08851e-19
200, 0.630895, 6.43124e-10, 4.98485, 1.08851e-19
200, 0.642368, 6.43124e-10, 4.98485, 1.08851e-19
200, 0.653842, 6.43124e-10, 4.98485, 1.08851e-19
200, 0.665316, 6.43124e-10, 4.98485, 1.08851e-19
200, 0.676789, 6.43124e-10, 4.98485, 1.08851e-19
200, 0.688263, 6.43124e-10, 4.98485, 1.08851e-19
200, 0.699737, 6.43124e-10, 4.98485, 1.08851e-19
200, 0.711211, 6.43124e-10, 4.98485, 1.08851e-19
200, 0.722684, 6.43124e-10, 4.98485, 1.08851e-19
200, 0.734158, 6.43124e-10, 4.98485, 1.08851e-19
200, 0.745632, 6.43124e-10, 4.98485, 1.08851e-19
200, 0.757105, 6.43124e-10, 4.98485, 1.08851e-19
200, 0.768579, 6.43124e-10, 4.98485, 1.08851e-19
200, 0.780053, 6.43124e-10, 4.98485, 1.08851e-19
200, 0.791526, 6.43124e-10, 4.98485, 1.08851e-19
200, 0.803, 6.43124e-10, 4.98485, 1.08851e-19
200, 0.814474, 6.43124e-10, 4.98485, 1.08851e-19
200, 0.825947, 6.43124e-10, 4.98485, 1.08851e-19
200, 0.837421, 6.43124e-10, 4.98485, 1.08851e-19
200, 0.848895, 6.43124e-10, 4.98485, 1.08851e-19
200, 0.860368, 6.43124e-10, 4.98485, 1.08851e-19
200, 0.871842, 6.43124e-10, 4.98485, 1.08851e-19
200, 0.883316, 6.43124e-10, 4.98485, 1.08851e-19
200, 0.894789, 6.43123e-10, 4.98486, 1.08851e-19
200, 0.906263, 6.43121e-10, 4.98487, 1.08851e-19
200, 0.917737, 6.43119e-10, 4.9849, 1.08851e-19
200, 0.929211, 6.43113e-10, 4.98495, 1.08851e-19
200, 0.940684, 6.43102e-10, 4.98506, 1.08851e-19
200, 0.952158, 6.43081e-10, 4.98525, 1.08851e-19
200, 0.963632, 6.4304e-10, 4.98564, 1.08851e-19
200, 0.975105, 6.42959e-10, 4.98639, 1.08851e-19
200, 0.986579, 6.42803e-10, 4.98784, 1.08851e-19
200, 0.998053, 6.42498e-10, 4.99068, 1.08851e-19
200, 1.00953, 6.41906e-10, 4.99621, 1.08851e-19
200, 1.021, 6.40752e-10, 5.007, 1.08851e-19
200, 1.03247, 6.38505e-10, 5.02814, 1.08851e-19
200, 1.04395, 6.34124e-10, 5.0698, 1.08851e-19
200, 1.05542, 6.25563e-10, 5.15286, 1.08851e-19
200, 1.06689, 6.08773e-10, 5.32255, 1.08851e-19
200, 1.07837, 5.75595e-10, 5.68699, 1.08851e-19
200, 1.08984, 5.09046e-10, 6.5612, 1.08851e-19
200, 1.10132, 3.71472e-10, 9.3615, 1.08851e-19
200, 1.11279, 6.84469e-11, 55.2334, 1.08851e-19
200, 1.12426, 2.08341e-13, 17656.3, 5.12196e-09
200, 1.13574, -3.70487e-09, -2.0389, 1.08851e-19
200, 1.14721, 3.05495e-08, -0.874008, 1.08851e-19
200, 1.15868, 6.56685e-09, -0.413874, 1.08851e-19
300, 0.0227404, 3.47316e-13, 11081.1, 3.34491e-19
300, 0.0339856, 5.36489e-13, 7173.43, 3.34491e-19
300, 0.0452308, 8.28622e-13, 4644.07, 3.34491e-19
300, 0.056476, 1.27964e-12, 3006.87, 3.34491e-19
300, 0.0677212, 1.97571e-12, 1947.16, 3.34491e-19
300, 0.0789663, 3.04935e-12, 1261.23, 3.34491e-19
300, 0.0902115, 4.70392e-12, 817.253, 3.34491e-19
300, 0.101457, 7.25029e-12, 529.875, 3.34491e-19
300, 0.112702, 1.1161e-11, 343.863, 3.34491e-19
300, 0.123947, 1.71477e-11, 223.462, 3.34491e-19
300, 0.135192, 2.62677e-11, 145.53, 3.34491e-19
300, 0.146437, 4.00578e-11, 95.0861, 3.34491e-19
300, 0.157683, 6.06761e-11, 62.4352, 3.34491e-19
300, 0.168928, 9.09905e-11, 41.3011, 3.34491e-19
300, 0.180173, 1.34479e-10, 27.6216, 3.34491e-19
300, 0.191418, 1.94717e-10, 18.7672, 3.34491e-19
300, 0.202663, 2.74225e-10, 13.0359, 3.34491e-19
300, 0.213909, 3.7274e-10, 9.32625, 3.34491e-19
300, 0.225154, 4.85674e-10, 6.92507, 3.34491e-19
300, 0.236399, 6.04159e-10, 5.37084, 3.34491e-19
300, 0.247644, 7.1745e-10, 4.36483, 3.34491e-19
300, 0.258889, 8.16562e-10, 3.71367, 3.34491e-19
300, 0.270135, 8.96746e-10, 3.29219, 3.34491e-19
300, 0.28138, 9.57612e-10, 3.01937, 3.34491e-19
300, 0.292625, 1.00162e-09, 2.84279, 3.34491e-19
300, 0.30387, 1.03232e-09, 2.72849, 3.34491e-19
300, 0.315115, 1.05322e-09, 2.65451, 3.34491e-19
300, 0.326361, 1.0672e-09, 2.60662, 3.34491e-19
300, 0.337606, 1.07646e-09, 2.57562, 3.34491e-19
300, 0.348851, 1.08253e-09, 2.55556, 3.34491e-19
300, 0.360096, 1.0865e-09, 2.54257, 3.34491e-19
300, 0.371341, 1.08908e-09, 2.53417, 3.34491e-19
300, 0.382587, 1.09076e-09, 2.52873, 3.34491e-19
300, 0.393832, 1.09185e-09, 2.52521, 3.34491e-19
300, 0.405077, 1.09256e-09, 2.52293, 3.34491e-19
300, 0.416322, 1.09302e-09, 2.52145, 3.34491e-19
300, 0.427567, 1.09331e-09, 2.5205, 3.34491e-19
300, 0.438813, 1.0935e-09, 2.51988, 3.34491e-19
300, 0.450058, 1.09363e-09, 2.51948, 3.34491e-19
300, 0.461303, 1.09371e-09, 2.51922, 3.34491e-19
300, 0.472548, 1.09376e-09, 2.51905, 3.34491e-19
300, 0.483793, 1.0938e-09, 2.51894, 3.34491e-19
300, 0.495038, 1.09382e-09, 2.51887, 3.34491e-19
300, 0.506284, 1.09383e-09, 2.51883, 3.34491e-19
300, 0.517529, 1.09384e-09, 2.5188, 3.34491e-19
300, 0.528774, 1.09385e-09, 2.51878, 3.34491e-19
300, 0.540019, 1.09385e-09, 2.51877, 3.34491e-19
300, 0.551264, 1.09385e-09, 2.51876, 3.34491e-19
300, 0.56251, 1.09385e-09, 2.51875, 3.34491e-19
300, 0.573755, 1.09386e-09, 2.51875, 3.34491e-19
300, 0.585, 1.09386e-09, 2.51875, 3.34491e-19
300, 0.596245, 1.09386e-09, 2.51875, 3.34491e-19
300, 0.60749, 1.09386e-09, 2.51875, 3.34491e-19
300, 0.618736, 1.09386e-09, 2.51874, 3.34491e-19
300, 0.629981, 1.09386e-09, 2.51874, 3.34491e-19
300, 0.641226, 1.09386e-09, 2.51874, 3.34491e-19
300, 0.652471, 1.09386e-09, 2.51874, 3.34491e-19
300, 0.663716, 1.09386e-09, 2.51874, 3.34491e-19
300, 0.674962, 1.09386e-09, 2.51874, 3.34491e-19
300, 0.686207, 1.09386e-09, 2.51874, 3.34491e-19
300, 0.697452, 1.09386e-09, 2.51874, 3.34491e-19
300, 0.708697, 1.09386e-09, 2.51874, 3.34491e-19
300, 0.719942, 1.09386e-09, 2.51875, 3.34491e-19
300, 0.731187, 1.09386e-09, 2.51875, 3.34491e-19
300, 0.742433, 1.09386e-09, 2.51875, 3.34491e-19
300, 0.753678, 1.09385e-09, 2.51875, 3.34491e-19
300, 0.764923, 1.09385e-09, 2.51876, 3.34491e-19
300, 0.776168, 1.09385e-09, 2.51876, 3.34491e-19
300, 0.787413, 1.09385e-09, 2.51878, 3.34491e-19
300, 0.798659, 1.09384e-09, 2.51879, 3.34491e-19
300, 0.809904, 1.09383e-09, 2.51882, 3.34491e-19
300, 0.821149, 1.09382e-09, 2.51886, 3.34491e-19
300, 0.832394, 1.0938e-09, 2.51893, 3.34491e-19
300, 0.843639, 1.09377e-09, 2.51903, 3.34491e-19
300, 0.854885, 1.09372e-09, 2.51918, 3.34491e-19
300, 0.86613, 1.09365e-09, 2.51942, 3.34491e-19
300, 0.877375, 1.09353e-09, 2.51979, 3.34491e-19
300, 0.88862, 1.09335e-09, 2.52037, 3.34491e-19
300, 0.899865, 1.09308e-09, 2.52125, 3.34491e-19
300, 0.911111, 1.09265e-09, 2.52262, 3.34491e-19
300, 0.922356, 1.092e-09, 2.52474, 3.34491e-19
300, 0.933601, 1.09098e-09, 2.52802, 3.34491e-19
300, 0.944846, 1.08941e-09, 2.53311, 3.34491e-19
300, 0.956091, 1.08698e-09, 2.54101, 3.34491e-19
300, 0.967337, 1.08322e-09, 2.55331, 3.34491e-19
300, 0.978582, 1.07738e-09, 2.57255, 3.34491e-19
300, 0.989827, 1.06832e-09, 2.60284, 3.34491e-19
300, 1.00107, 1.05421e-09, 2.65108, 3.34491e-19
300, 1.01232, 1.03212e-09, 2.72923, 3.34491e-19
300, 1.02356, 9.97295e-10, 2.85944, 3.34491e-19
300, 1.03481, 9.41769e-10, 3.08699, 3.34491e-19
300, 1.04605, 8.51603e-10, 3.51971, 3.34491e-19
300, 1.0573, 7.00754e-10, 4.49266, 3.34491e-19
300, 1.06854, 4.35335e-10, 7.84148, 3.34491e-19
300, 1.07979, -7.58776e-11, -51.7265, 3.34491e-19
300, 1.09103, 2.40946e-13, 14788.2, 5.64037e-09
300, 1.10228, 2.25708e-13, 13571.1, 2.06234e-08
300, 1.11352, 3.168e-08, -0.878504, 3.34491e-19
300, 1.12477, 7.79687e-09, -0.50634, 3.34491e-19
300, 1.13601, 5.54643e-09, -0.30604, 3.34491e-19
300, 1.14726, 4.75157e-09, -0.189951, 3.34491e-19
400, 0.0365251, 1.87205e-12, 2055.03, 1.0851e-19
400, 0.0474946, 2.57335e-12, 1494.72, 1.0851e-19
400, 0.0584641, 3.53725e-12, 1087.13, 1.0851e-19
400, 0.0694336, 4.86204e-12, 790.643, 1.0851e-19
400, 0.0804031, 6.68266e-12, 574.969, 1.0851e-19
400, 0.0913726, 9.18439e-12, 418.081, 1.0851e-19
400, 0.102342, 1.26215e-11, 303.956, 1.0851e-19
400, 0.113312, 1.73426e-11, 220.939, 1.0851e-19
400, 0.124281, 2.38255e-11, 160.55, 1.0851e-19
400, 0.135251, 3.27238e-11, 116.621, 1.0851e-19
400, 0.14622, 4.49303e-11, 84.666, 1.0851e-19
400, 0.15719, 6.16619e-11, 61.4211, 1.0851e-19
400, 0.168159, 8.45711e-11, 44.512, 1.0851e-19
400, 0.179129, 1.15892e-10, 32.212, 1.0851e-19
400, 0.190098, 1.58627e-10, 23.2645, 1.0851e-19
400, 0.201068, 2.16773e-10, 16.7559, 1.0851e-19
400, 0.212037, 2.95591e-10, 12.0214, 1.0851e-19
400, 0.223007, 4.01886e-10, 8.57735, 1.0851e-19
400, 0.233976, 5.44255e-10, 6.07206, 1.0851e-19
400, 0.244946, 7.33193e-10, 4.24964, 1.0851e-19
400, 0.255915, 9.80896e-10, 2.92397, 1.0851e-19
400, 0.266885, 1.3005e-09, 1.95963, 1.0851e-19
400, 0.277854, 1.70449e-09, 1.25815, 1.0851e-19
400, 0.288824, 2.20211e-09, 0.747873, 1.0851e-19
400, 0.299793, 2.79585e-09, 0.376683, 1.0851e-19
400, 0.310763, 3.47801e-09, 0.106668, 1.0851e-19
400, 0.321732, 4.2285e-09, -0.0897474, 1.0851e-19
400, 0.332702, 5.01581e-09, -0.232626, 1.0851e-19
400, 0.343671, 5.80158e-09, -0.336559, 1.0851e-19
400, 0.354641, 6.54775e-09, -0.412164, 1.0851e-19
400, 0.36561, 7.22357e-09, -0.46716, 1.0851e-19
400, 0.37658, 7.80994e-09, -0.507166, 1.0851e-19
400, 0.387549, 8.30006e-09, -0.536268, 1.0851e-19
400, 0.398519, 8.69708e-09, -0.557437, 1.0851e-19
400, 0.409488, 9.0106e-09, -0.572836, 1.0851e-19
400, 0.420458, 9.25326e-09, -0.584038, 1.0851e-19
400, 0.431427, 9.43814e-09, -0.592187, 1.0851e-19
400, 0.442397, 9.57735e-09, -0.598114, 1.0851e-19
400, 0.453366, 9.68122e-09, -0.602426, 1.0851e-19
400, 0.464336, 9.7582e-09, -0.605562, 1.0851e-19
400, 0.475305, 9.81497e-09, -0.607844, 1.0851e-19
400, 0.486275, 9.85669e-09, -0.609503, 1.0851e-19
400, 0.497244, 9.88726e-09, -0.610711, 1.0851e-19
400, 0.508214, 9.90961e-09, -0.611589, 1.0851e-19
400, 0.519183, 9.92594e-09, -0.612228, 1.0851e-19
400, 0.530153, 9.93785e-09, -0.612693, 1.0851e-19
400, 0.541122, 9.94653e-09, -0.613031, 1.0851e-19
400, 0.552092, 9.95286e-09, -0.613277, 1.0851e-19
400, 0.563061, 9.95746e-09, -0.613455, 1.0851e-19
400, 0.574031, 9.96082e-09, -0.613586, 1.0851e-19
400, 0.585, 9.96326e-09, -0.61368, 1.0851e-19
400, 0.595969, 9.96504e-09, -0.613749, 1.0851e-19
400, 0.606939, 9.96633e-09, -0.613799, 1.0851e-19
400, 0.617908, 9.96727e-09, -0.613836, 1.0851e-19
400, 0.628878, 9.96796e-09, -0.613863, 1.0851e-19
400, 0.639847, 9.96847e-09, -0.613882, 1.0851e-19
400, 0.650817, 9.96884e-09, -0.613897, 1.0851e-19
400, 0.661786, 9.96911e-09, -0.613907, 1.0851e-19
400, 0.672756, 9.96932e-09, -0.613915, 1.0851e-19
400, 0.683725, 9.96948e-09, -0.613922, 1.0851e-19
400, 0.694695, 9.96962e-09, -0.613927, 1.0851e-19
400, 0.705664, 9.96973e-09, -0.613931, 1.0851e-19
400, 0.716634, 9.96985e-09, -0.613936, 1.0851e-19
400, 0.727603, 9.96997e-09, -0.61394, 1.0851e-19
400, 0.738573, 9.97011e-09, -0.613946, 1.0851e-19
400, 0.749542, 9.97029e-09, -0.613953, 1.0851e-19
400, 0.760512, 9.97051e-09, -0.613961, 1.0851e-19
400, 0.771481, 9.97082e-09, -0.613973, 1.0851e-19
400, 0.782451, 9.97123e-09, -0.613989, 1.0851e-19
400, 0.79342, 9.97179e-09, -0.614011, 1.0851e-19
400, 0.80439, 9.97255e-09, -0.61404, 1.0851e-19
400, 0.815359, 9.9736e-09, -0.614081, 1.0851e-19
400, 0.826329, 9.97505e-09, -0.614137, 1.0851e-19
400, 0.837298, 9.97703e-09, -0.614213, 1.0851e-19
400, 0.848268, 9.97975e-09, -0.614319, 1.0851e-19
400, 0.859237, 9.9835e-09, -0.614464, 1.0851e-19
400, 0.870207, 9.98867e-09, -0.614663, 1.0851e-19
400, 0.881176, 9.99578e-09, -0.614937, 1.0851e-19
400, 0.892146, 1.00056e-08, -0.615314, 1.0851e-19
400, 0.903115, 1.00191e-08, -0.615834, 1.0851e-19
400, 0.914085, 1.00378e-08, -0.616549, 1.0851e-19
400, 0.925054, 1.00637e-08, -0.617535, 1.0851e-19
400, 0.936024, 1.00996e-08, -0.618896, 1.0851e-19
400, 0.946993, 1.01497e-08, -0.620776, 1.0851e-19
400, 0.957963, 1.02199e-08, -0.62338, 1.0851e-19
400, 0.968932, 1.03189e-08, -0.626996, 1.0851e-19
400, 0.979902, 1.04602e-08, -0.632035, 1.0851e-19
400, 0.990871, 1.06649e-08, -0.639096, 1.0851e-19
400, 1.00184, 1.09678e-08, -0.649064, 1.0851e-19
400, 1.01281, 1.14311e-08, -0.663286, 1.0851e-19
400, 1.02378, 1.2176e-08, -0.683887, 1.0851e-19
400, 1.03475, 1.34763e-08, -0.714388, 1.0851e-19
400, 1.04572, 1.61079e-08, -0.761049, 1.0851e-19
400, 1.05669, 2.34876e-08, -0.836126, 1.0851e-19
400, 1.06766, 1.17725e-07, -0.967305, 1.0851e-19
400, 1.07863, -1.64981e-08, -1.2333, 1.0851e-19
400, 1.0896, -3.91608e-09, -1.98287, 1.0851e-19
400, 1.10057, 3.65171e-12, 1099.82, 2.35631e-10
400, 1.11154, 1.27666e-09, 2.01489, 1.0851e-19
400, 1.12251, 2.17013e-09, 0.773628, 1.0851e-19
400, 1.13347, 2.7127e-09, 0.418883, 1.0851e-19
500, 0.0520467, 8.25916e-12, 465.028, 1.05954e-18
500, 0.0627057, 1.05769e-11, 362.905, 1.05954e-18
500, 0.0733648, 1.3545e-11, 283.164, 1.05954e-18
500, 0.0840239, 1.73457e-11, 220.899, 1.05954e-18
500, 0.0946829, 2.22126e-11, 172.28, 1.05954e-18
500, 0.105342, 2.84444e-11, 134.317, 1.05954e-18
500, 0.116001, 3.64236e-11, 104.673, 1.05954e-18
500, 0.12666, 4.66395e-11, 81.5266, 1.05954e-18
500, 0.137319, 5.97181e-11, 63.4528, 1.05954e-18
500, 0.147978, 7.64599e-11, 49.3401, 1.05954e-18
500, 0.158637, 9.78882e-11, 38.3204, 1.05954e-18
500, 0.169296, 1.2531e-10, 29.7158, 1.05954e-18
500, 0.179955, 1.60395e-10, 22.997, 1.05954e-18
500, 0.190615, 2.05273e-10, 17.7507, 1.05954e-18
500, 0.201274, 2.62656e-10, 13.6541, 1.05954e-18
500, 0.211933, 3.35998e-10, 10.4554, 1.05954e-18
500, 0.222592, 4.29684e-10, 7.95775, 1.05954e-18
500, 0.233251, 5.49271e-10, 6.00747, 1.05954e-18
500, 0.24391, 7.01781e-10, 4.48462, 1.05954e-18
500, 0.254569, 8.96051e-10, 3.29552, 1.05954e-18
500, 0.265228, 1.14315e-09, 2.36702, 1.05954e-18
500, 0.275887, 1.45684e-09, 1.64202, 1.05954e-18
500, 0.286546, 1.85413e-09, 1.07591, 1.05954e-18
500, 0.297205, 2.35576e-09, 0.633866, 1.05954e-18
500, 0.307864, 2.98672e-09, 0.288703, 1.05954e-18
500, 0.318523, 3.77654e-09, 0.0191875, 1.05954e-18
500, 0.329182, 4.75926e-09, -0.191261, 1.05954e-18
500, 0.339841, 5.97288e-09, -0.355587, 1.05954e-18
500, 0.350501, 7.45784e-09, -0.483899, 1.05954e-18
500, 0.36116, 9.2544e-09, -0.58409, 1.05954e-18
500, 0.371819, 1.13985e-08, -0.662322, 1.05954e-18
500, 0.382478, 1.39159e-08, -0.72341, 1.05954e-18
500, 0.393137, 1.68159e-08, -0.771109, 1.05954e-18
500, 0.403796, 2.00839e-08, -0.808354, 1.05954e-18
500, 0.414455, 2.36769e-08, -0.837437, 1.05954e-18
500, 0.425114, 2.75215e-08, -0.860145, 1.05954e-18
500, 0.435773, 3.15175e-08, -0.877877, 1.05954e-18
500, 0.446432, 3.55478e-08, -0.891723, 1.05954e-18
500, 0.457091, 3.94909e-08, -0.902534, 1.05954e-18
500, 0.46775, 4.32357e-08, -0.910976, 1.05954e-18
500, 0.478409, 4.66931e-08, -0.917568, 1.05954e-18
500, 0.489068, 4.98028e-08, -0.922715, 1.05954e-18
500, 0.499727, 5.25348e-08, -0.926734, 1.05954e-18
500, 0.510387, 5.48858e-08, -0.929872, 1.05954e-18
500, 0.521046, 5.68731e-08, -0.932323, 1.05954e-18
500, 0.531705, 5.8528e-08, -0.934237, 1.05954e-18
500, 0.542364, 5.98887e-08, -0.935731, 1.05954e-18
500, 0.553023, 6.09961e-08, -0.936898, 1.05954e-18
500, 0.563682, 6.18898e-08, -0.937809, 1.05954e-18
500, 0.574341, 6.26062e-08, -0.93852, 1.05954e-18
500, 0.585, 6.31775e-08, -0.939076, 1.05954e-18
500, 0.595659, 6.36311e-08, -0.939511, 1.05954e-18
500, 0.606318, 6.39901e-08, -0.93985, 1.05954e-18
500, 0.616977, 6.42737e-08, -0.940115, 1.05954e-18
500, 0.627636, 6.44975e-08, -0.940323, 1.05954e-18
500, 0.638295, 6.4674e-08, -0.940486, 1.05954e-18
500, 0.648954, 6.48133e-08, -0.940614, 1.05954e-18
500, 0.659613, 6.49237e-08, -0.940715, 1.05954e-18
500, 0.670273, 6.50116e-08, -0.940795, 1.05954e-18
500, 0.680932, 6.50824e-08, -0.94086, 1.05954e-18
500, 0.691591, 6.51401e-08, -0.940912, 1.05954e-18
500, 0.70225, 6.51884e-08, -0.940956, 1.05954e-18
500, 0.712909, 6.52301e-08, -0.940993, 1.05954e-18
500, 0.723568, 6.52678e-08, -0.941028, 1.05954e-18
500, 0.734227, 6.53038e-08, -0.94106, 1.05954e-18
500, 0.744886, 6.53404e-08, -0.941093, 1.05954e-18
500, 0.755545, 6.53797e-08, -0.941129, 1.05954e-18
500, 0.766204, 6.54243e-08, -0.941169, 1.05954e-18
500, 0.776863, 6.54768e-08, -0.941216, 1.05954e-18
500, 0.787522, 6.55406e-08, -0.941273, 1.05954e-18
500, 0.798181, 6.56197e-08, -0.941344, 1.05954e-18
500, 0.80884, 6.57191e-08, -0.941433, 1.05954e-18
500, 0.819499, 6.58451e-08, -0.941545, 1.05954e-18
500, 0.830159, 6.60058e-08, -0.941687, 1.05954e-18
500, 0.840818, 6.62118e-08, -0.941868, 1.05954e-18
500, 0.851477, 6.64768e-08, -0.9421, 1.05954e-18
500, 0.862136, 6.68189e-08, -0.942396, 1.05954e-18
500, 0.872795, 6.72618e-08, -0.942776, 1.05954e-18
500, 0.883454, 6.78379e-08, -0.943262, 1.05954e-18
500, 0.894113, 6.85908e-08, -0.943885, 1.05954e-18
500, 0.904772, 6.9581e-08, -0.944683, 1.05954e-18
500, 0.915431, 7.0894e-08, -0.945708, 1.05954e-18
500, 0.92609, 7.2654e-08, -0.947023, 1.05954e-18
500, 0.936749, 7.50475e-08, -0.948712, 1.05954e-18
500, 0.947408, 7.83672e-08, -0.950885, 1.05954e-18
500, 0.958067, 8.30994e-08, -0.953682, 1.05954e-18
500, 0.968726, 9.0115e-08, -0.957288, 1.05954e-18
500, 0.979385, 1.01146e-07, -0.961946, 1.05954e-18
500, 0.990045, 1.20199e-07, -0.967978, 1.05954e-18
500, 1.0007, 1.59144e-07, -0.975814, 1.05954e-18
500, 1.01136, 2.75667e-07, -0.986038, 1.05954e-18
500, 1.02202, 6.96111e-06, -0.999447, 1.05954e-18
500, 1.03268, -2.24269e-07, -1.01716, 1.05954e-18
500, 1.04334, -9.43648e-08, -1.04079, 1.05954e-18
500, 1.054, -5.29451e-08, -1.0727, 1.05954e-18
500, 1.06466, -3.3028e-08, -1.11654, 1.05954e-18
500, 1.07532, -2.15988e-08, -1.1782, 1.05954e-18
500, 1.08598, -1.43682e-08, -1.26788, 1.05954e-18
500, 1.09664, -9.50779e-09, -1.40483, 1.05954e-18
500, 1.10729, 3.32744e-12, 2678, 7.99643e-08
500, 1.11795, -3.65787e-09, -2.05225, 1.05954e-18
600, 0.0688835, 2.34927e-11, 162.838, 2.00537e-17
600, 0.0792058, 2.86832e-11, 133.19, 2.00537e-17
600, 0.0895282, 3.50204e-11, 108.907, 2.00537e-17
600, 0.0998505, 4.27575e-11, 89.0194, 2.00537e-17
600, 0.110173, 5.22035e-11, 72.7306, 2.00537e-17
600, 0.120495, 6.37359e-11, 59.3898, 2.00537e-17
600, 0.130817, 7.78152e-11, 48.4634, 2.00537e-17
600, 0.14114, 9.50034e-11, 39.5143, 2.00537e-17
600, 0.151462, 1.15986e-10, 32.1849, 2.00537e-17
600, 0.161784, 1.41601e-10, 26.1819, 2.00537e-17
600, 0.172107, 1.7287e-10, 21.2654, 2.00537e-17
600, 0.182429, 2.11036e-10, 17.2386, 2.00537e-17
600, 0.192751, 2.57621e-10, 13.9405, 2.00537e-17
600, 0.203074, 3.14477e-10, 11.2394, 2.00537e-17
600, 0.213396, 3.83861e-10, 9.02707, 2.00537e-17
600, 0.223718, 4.68526e-10, 7.21514, 2.00537e-17
600, 0.234041, 5.71822e-10, 5.73112, 2.00537e-17
600, 0.244363, 6.97829e-10, 4.51568, 2.00537e-17
600, 0.254685, 8.5151e-10, 3.52021, 2.00537e-17
600, 0.265008, 1.0389e-09, 2.70489, 2.00537e-17
600, 0.27533, 1.26732e-09, 2.03713, 2.00537e-17
600, 0.285652, 1.54565e-09, 1.49022, 2.00537e-17
600, 0.295975, 1.88466e-09, 1.04228, 2.00537e-17
600, 0.306297, 2.29734e-09, 0.675416, 2.00537e-17
600, 0.316619, 2.79939e-09, 0.374943, 2.00537e-17
600, 0.326942, 3.40967e-09, 0.128848, 2.00536e-17
600, 0.337264, 4.1508e-09, -0.0727082, 2.00536e-17
600, 0.347586, 5.04978e-09, -0.237788, 2.00537e-17
600, 0.357909, 6.13867e-09, -0.372992, 2.00537e-17
600, 0.368231, 7.45535e-09, -0.483727, 2.00537e-17
600, 0.378553, 9.04415e-09, -0.574421, 2.00537e-17
600, 0.388876, 1.09565e-08, -0.648702, 2.00537e-17
600, 0.399198, 1.32514e-08, -0.70954, 2.00537e-17
600, 0.40952, 1.59953e-08, -0.759367, 2.00537e-17
600, 0.419843, 1.92621e-08, -0.800177, 2.00537e-17
600, 0.430165, 2.31312e-08, -0.833601, 2.00536e-17
600, 0.440487, 2.7686e-08, -0.860976, 2.00537e-17
600, 0.45081, 3.30096e-08, -0.883397, 2.00537e-17
600, 0.461132, 3.91799e-08, -0.901761, 2.00537e-17
600, 0.471454, 4.62625e-08, -0.916801, 2.00537e-17
600, 0.481777, 5.43023e-08, -0.929119, 2.00537e-17
600, 0.492099, 6.33142e-08, -0.939208, 2.00537e-17
600, 0.502421, 7.3274e-08, -0.947471, 2.00537e-17
600, 0.512744, 8.4111e-08, -0.954239, 2.00537e-17
600, 0.523066, 9.5704e-08, -0.959782, 2.00537e-17
600, 0.533388, 1.07883e-07, -0.964322, 2.00537e-17
600, 0.543711, 1.20436e-07, -0.968041, 2.00537e-17
600, 0.554033, 1.33124e-07, -0.971087, 2.00537e-17
600, 0.564355, 1.45698e-07, -0.973582, 2.00537e-17
600, 0.574678, 1.57916e-07, -0.975626, 2.00537e-17
600, 0.585, 1.69566e-07, -0.977301, 2.00537e-17
600, 0.595322, 1.80475e-07, -0.978673, 2.00537e-17
600, 0.605645, 1.90521e-07, -0.979798, 2.00537e-17
600, 0.615967, 1.99632e-07, -0.98072, 2.00537e-17
600, 0.626289, 2.07782e-07, -0.981476, 2.00537e-17
600, 0.636612, 2.14987e-07, -0.982097, 2.00537e-17
600, 0.646934, 2.21292e-07, -0.982607, 2.00537e-17
600, 0.657256, 2.26766e-07, -0.983027, 2.00537e-17
600, 0.667579, 2.31491e-07, -0.983373, 2.00537e-17
600, 0.677901, 2.35554e-07, -0.98366, 2.00537e-17
600, 0.688223, 2.39046e-07, -0.983898, 2.00537e-17
600, 0.698546, 2.42053e-07, -0.984099, 2.00537e-17
600, 0.708868, 2.44661e-07, -0.984268, 2.00537e-17
600, 0.71919, 2.46948e-07, -0.984414, 2.00537e-17
600, 0.729513, 2.48988e-07, -0.984541, 2.00537e-17
600, 0.739835, 2.50851e-07, -0.984656, 2.00536e-17
600, 0.750157, 2.52604e-07, -0.984763, 2.00537e-17
600, 0.76048, 2.54315e-07, -0.984865, 2.00537e-17
600, 0.770802, 2.5605e-07, -0.984968, 2.00537e-17
600, 0.781124, 2.57882e-07, -0.985075, 2.00537e-17
600, 0.791447, 2.59888e-07, -0.98519, 2.00537e-17
600, 0.801769, 2.62159e-07, -0.985318, 2.00537e-17
600, 0.812091, 2.64801e-07, -0.985465, 2.00537e-17
600, 0.822414, 2.67946e-07, -0.985635, 2.00537e-17
600, 0.832736, 2.71759e-07, -0.985837, 2.00537e-17
600, 0.843058, 2.76455e-07, -0.986077, 2.00537e-17
600, 0.853381, 2.82322e-07, -0.986367, 2.00537e-17
600, 0.863703, 2.89755e-07, -0.986716, 2.00537e-17
600, 0.874025, 2.99314e-07, -0.987141, 2.00537e-17
600, 0.884348, 3.11826e-07, -0.987657, 2.00537e-17
600, 0.89467, 3.2856e-07, -0.988285, 2.00537e-17
600, 0.904992, 3.51578e-07, -0.989052, 2.00537e-17
600, 0.915315, 3.84472e-07, -0.989989, 2.00537e-17
600, 0.925637, 4.34118e-07, -0.991134, 2.00537e-17
600, 0.935959, 5.15555e-07, -0.992534, 2.00537e-17
600, 0.946282, 6.69258e-07, -0.994249, 2.00537e-17
600, 0.956604, 1.05444e-06, -0.99635, 2.00537e-17
600, 0.966926, 3.58504e-06, -0.998926, 2.00537e-17
600, 0.977249, -1.84157e-06, -1.00209, 2.00537e-17
600, 0.987571, -6.43671e-07, -1.00598, 2.00537e-17
600, 0.997893, -3.57389e-07, -1.01077, 2.00537e-17
600, 1.00822, -2.30752e-07, -1.01668, 2.00537e-17
600, 1.01854, -1.60436e-07, -1.02399, 2.00537e-17
600, 1.02886, -1.16423e-07, -1.03306, 2.00537e-17
600, 1.03918, -8.67782e-08, -1.04435, 2.00537e-17
600, 1.0495, -6.58138e-08, -1.05848, 2.00537e-17
600, 1.05983, -5.04715e-08, -1.07626, 2.00537e-17
600, 1.07015, -3.89602e-08, -1.09879, 2.00537e-17
600, 1.08047, -3.01605e-08, -1.12762, 2.00537e-17
600, 1.09079, -2.33374e-08, -1.16493, 2.00537e-17
600, 1.10112, -1.79882e-08, -1.21397, 2.00537e-17
700, 0.0867403, 5.05979e-11, 75.0707, 9.87397e-18
700, 0.0967055, 5.96862e-11, 63.4876, 9.87396e-18
700, 0.106671, 7.04066e-11, 53.6684, 9.87395e-18
700, 0.116636, 8.30524e-11, 45.3444, 9.87396e-18
700, 0.126601, 9.79692e-11, 38.288, 9.87397e-18
700, 0.136566, 1.15565e-10, 32.3061, 9.87396e-18
700, 0.146531, 1.3632e-10, 27.2352, 9.87397e-18
700, 0.156497, 1.60802e-10, 22.9364, 9.87397e-18
700, 0.166462, 1.89679e-10, 19.2922, 9.87397e-18
700, 0.176427, 2.23741e-10, 16.203, 9.87395e-18
700, 0.186392, 2.63917e-10, 13.5842, 9.87395e-18
700, 0.196357, 3.11304e-10, 11.3642, 9.87397e-18
700, 0.206323, 3.67195e-10, 9.48221, 9.87395e-18
700, 0.216288, 4.33115e-10, 7.88682, 9.87396e-18
700, 0.226253, 5.10861e-10, 6.53438, 9.87396e-18
700, 0.236218, 6.0255e-10, 5.38789, 9.87397e-18
700, 0.246183, 7.10678e-10, 4.41598, 9.874e-18
700, 0.256149, 8.38188e-10, 3.59207, 9.87396e-18
700, 0.266114, 9.88544e-10, 2.89362, 9.87397e-18
700, 0.276079, 1.16583e-09, 2.30154, 9.87394e-18
700, 0.286044, 1.37484e-09, 1.79961, 9.87396e-18
700, 0.296009, 1.62124e-09, 1.37412, 9.87396e-18
700, 0.305975, 1.91169e-09, 1.01342, 9.87393e-18
700, 0.31594, 2.254e-09, 0.707642, 9.87394e-18
700, 0.325905, 2.65737e-09, 0.448431, 9.87397e-18
700, 0.33587, 3.13261e-09, 0.228692, 9.87396e-18
700, 0.345835, 3.69241e-09, 0.0424145, 9.8742e-18
700, 0.355801, 4.35162e-09, -0.115497, 9.87389e-18
700, 0.365766, 5.12766e-09, -0.249362, 9.87394e-18
700, 0.375731, 6.04092e-09, -0.362843, 9.87398e-18
700, 0.385696, 7.1152e-09, -0.459043, 9.87395e-18
700, 0.395661, 8.37824e-09, -0.540594, 9.87397e-18
700, 0.405626, 9.86235e-09, -0.609726, 9.87396e-18
700, 0.415592, 1.1605e-08, -0.668331, 9.87396e-18
700, 0.425557, 1.36496e-08, -0.718012, 9.87397e-18
700, 0.435522, 1.60461e-08, -0.760128, 9.87396e-18
700, 0.445487, 1.88521e-08, -0.795831, 9.87396e-18
700, 0.455452, 2.21331e-08, -0.826097, 9.87396e-18
700, 0.465418, 2.59637e-08, -0.851754, 9.87396e-18
700, 0.475383, 3.0428e-08, -0.873504, 9.87396e-18
700, 0.485348, 3.56202e-08, -0.891943, 9.87396e-18
700, 0.495313, 4.16441e-08, -0.907574, 9.87396e-18
700, 0.505278, 4.86138e-08, -0.920825, 9.87396e-18
700, 0.515244, 5.66515e-08, -0.932058, 9.87396e-18
700, 0.525209, 6.58865e-08, -0.941581, 9.87396e-18
700, 0.535174, 7.64521e-08, -0.949655, 9.87392e-18
700, 0.545139, 8.84813e-08, -0.956499, 9.87396e-18
700, 0.555104, 1.02101e-07, -0.962302, 9.87396e-18
700, 0.56507, 1.17426e-07, -0.967222, 9.87396e-18
700, 0.575035, 1.3455e-07, -0.971393, 9.87396e-18
700, 0.585, 1.53535e-07, -0.974931, 9.87396e-18
700, 0.594965, 1.74403e-07, -0.97793, 9.87396e-18
700, 0.60493, 1.9713e-07, -0.980475, 9.87396e-18
700, 0.614896, 2.2163e-07, -0.982633, 9.87396e-18
700, 0.624861, 2.47762e-07, -0.984465, 9.87396e-18
700, 0.634826, 2.75319e-07, -0.98602, 9.87396e-18
700, 0.644791, 3.04044e-07, -0.987341, 9.87396e-18
700, 0.654756, 3.33635e-07, -0.988463, 9.87396e-18
700, 0.664722, 3.6376e-07, -0.989419, 9.87396e-18
700, 0.674687, 3.94086e-07, -0.990233, 9.87396e-18
700, 0.684652, 4.24292e-07, -0.990928, 9.87376e-18
700, 0.694617, 4.54097e-07, -0.991524, 9.87406e-18
700, 0.704582, 4.83279e-07, -0.992036, 9.87396e-18
700, 0.714548, 5.11689e-07, -0.992478, 9.87396e-18
700, 0.724513, 5.39268e-07, -0.992863, 9.87398e-18
700, 0.734478, 5.66051e-07, -0.9932, 9.87396e-18
700, 0.744443, 5.92173e-07, -0.9935, 9.87396e-18
700, 0.754408, 6.1788e-07, -0.993771, 9.87396e-18
700, 0.764374, 6.43528e-07, -0.994019, 9.87396e-18
700, 0.774339, 6.69605e-07, -0.994252, 9.87396e-18
700, 0.784304, 6.96752e-07, -0.994476, 9.87429e-18
700, 0.794269, 7.25806e-07, -0.994697, 9.87397e-18
700, 0.804234, 7.5787e-07, -0.994921, 9.87396e-18
700, 0.814199, 7.94433e-07, -0.995155, 9.87396e-18
700, 0.824165, 8.37573e-07, -0.995405, 9.87396e-18
700, 0.83413, 8.90311e-07, -0.995677, 9.87396e-18
700, 0.844095, 9.57261e-07, -0.995979, 9.87396e-18
700, 0.85406, 1.04593e-06, -0.99632, 9.87396e-18
700, 0.864025, 1.16947e-06, -0.996709, 9.87396e-18
700, 0.873991, 1.35347e-06, -0.997156, 9.87397e-18
700, 0.883956, 1.65527e-06, -0.997675, 9.87396e-18
700, 0.893921, 2.23613e-06, -0.998279, 9.87396e-18
700, 0.903886, 3.79256e-06, -0.998985, 9.87396e-18
700, 0.913851, 2.06593e-05, -0.999814, 9.87396e-18
700, 0.923817, -4.88589e-06, -1.00079, 9.87396e-18
700, 0.933782, -1.98919e-06, -1.00193, 9.87396e-18
700, 0.943747, -1.17065e-06, -1.00329, 9.87396e-18
700, 0.953712, -7.87845e-07, -1.00489, 9.87396e-18
700, 0.963677, -5.6821e-07, -1.00677, 9.87396e-18
700, 0.973643, -4.27266e-07, -1.00901, 9.87396e-18
700, 0.983608, -3.30239e-07, -1.01166, 9.87396e-18
700, 0.993573, -2.60179e-07, -1.01479, 9.874e-18
700, 1.00354, -2.07833e-07, -1.01852, 9.87396e-18
700, 1.0135, -1.67719e-07, -1.02295, 9.87396e-18
700, 1.02347, -1.36379e-07, -1.02822, 9.87396e-18
700, 1.03343, -1.11522e-07, -1.03451, 9.87396e-18
700, 1.0434, -9.1571e-08, -1.04203, 9.87396e-18
700, 1.05336, -7.54051e-08, -1.05104, 9.87396e-18
700, 1.06333, -6.22048e-08, -1.06188, 9.87396e-18
700, 1.07329, -5.13583e-08, -1.07494, 9.87396e-18
700, 1.08326, -4.24e-08, -1.09078, 9.87396e-18
