Defects used:[defect_Cr.txt,] deltaNPowers:[12,19] temp:[100,700] tempStep=100
1e+12 6.41971e-10 6.43448e-10 1.09413e-09 9.96916e-09 6.52897e-08 2.54117e-07 6.895e-07
2e+12 6.42442e-10 6.43772e-10 1.09441e-09 9.96855e-09 6.52835e-08 2.54092e-07 6.89434e-07
3e+12 6.42913e-10 6.44095e-10 1.09468e-09 9.96794e-09 6.52774e-08 2.54067e-07 6.89367e-07
4e+12 6.43384e-10 6.44419e-10 1.09496e-09 9.96732e-09 6.52712e-08 2.54042e-07 6.893e-07
5e+12 6.43854e-10 6.44742e-10 1.09524e-09 9.96671e-09 6.52651e-08 2.54017e-07 6.89234e-07
6e+12 6.44325e-10 6.45065e-10 1.09551e-09 9.9661e-09 6.5259e-08 2.53992e-07 6.89167e-07
7e+12 6.44795e-10 6.45389e-10 1.09579e-09 9.96549e-09 6.52528e-08 2.53967e-07 6.89101e-07
8e+12 6.45265e-10 6.45712e-10 1.09606e-09 9.96488e-09 6.52467e-08 2.53943e-07 6.89035e-07
9e+12 6.45735e-10 6.46035e-10 1.09634e-09 9.96427e-09 6.52406e-08 2.53918e-07 6.88968e-07
1e+13 6.46205e-10 6.46358e-10 1.09661e-09 9.96366e-09 6.52344e-08 2.53893e-07 6.88902e-07
2e+13 6.50895e-10 6.49585e-10 1.09936e-09 9.95755e-09 6.51732e-08 2.53643e-07 6.88238e-07
3e+13 6.55572e-10 6.52805e-10 1.10211e-09 9.95146e-09 6.5112e-08 2.53394e-07 6.87575e-07
4e+13 6.60235e-10 6.56019e-10 1.10485e-09 9.94539e-09 6.5051e-08 2.53146e-07 6.86914e-07
5e+13 6.64885e-10 6.59227e-10 1.10758e-09 9.93932e-09 6.49901e-08 2.52898e-07 6.86254e-07
6e+13 6.69521e-10 6.62428e-10 1.11031e-09 9.93327e-09 6.49293e-08 2.52651e-07 6.85596e-07
7e+13 6.74143e-10 6.65623e-10 1.11304e-09 9.92722e-09 6.48687e-08 2.52404e-07 6.84938e-07
8e+13 6.78752e-10 6.68811e-10 1.11576e-09 9.92119e-09 6.48081e-08 2.52157e-07 6.84282e-07
9e+13 6.83348e-10 6.71993e-10 1.11847e-09 9.91518e-09 6.47477e-08 2.51911e-07 6.83627e-07
1e+14 6.87931e-10 6.75169e-10 1.12118e-09 9.90917e-09 6.46874e-08 2.51666e-07 6.82974e-07
2e+14 7.33036e-10 7.06578e-10 1.14796e-09 9.84976e-09 6.4091e-08 2.49238e-07 6.76507e-07
3e+14 7.76872e-10 7.37373e-10 1.17422e-09 9.7915e-09 6.35061e-08 2.46856e-07 6.70161e-07
4e+14 8.19492e-10 7.67569e-10 1.19998e-09 9.73436e-09 6.29325e-08 2.44521e-07 6.63935e-07
5e+14 8.60946e-10 7.97185e-10 1.22524e-09 9.67831e-09 6.23698e-08 2.4223e-07 6.57824e-07
6e+14 9.0128e-10 8.26238e-10 1.25003e-09 9.62331e-09 6.18177e-08 2.39983e-07 6.51824e-07
7e+14 9.4054e-10 8.54742e-10 1.27435e-09 9.56935e-09 6.12759e-08 2.37777e-07 6.45934e-07
8e+14 9.78768e-10 8.82714e-10 1.29823e-09 9.51638e-09 6.07442e-08 2.35612e-07 6.4015e-07
9e+14 1.016e-09 9.10168e-10 1.32166e-09 9.46439e-09 6.02222e-08 2.33487e-07 6.3447e-07
1e+15 1.05229e-09 9.37118e-10 1.34467e-09 9.41334e-09 5.97097e-08 2.314e-07 6.28889e-07
2e+15 1.3698e-09 1.18172e-09 1.55362e-09 8.94964e-09 5.50547e-08 2.12447e-07 5.78078e-07
3e+15 1.62257e-09 1.38841e-09 1.73039e-09 8.55729e-09 5.11158e-08 1.96408e-07 5.34906e-07
4e+15 1.82856e-09 1.56538e-09 1.88189e-09 8.22098e-09 4.77396e-08 1.82659e-07 4.97772e-07
5e+15 1.99967e-09 1.71859e-09 2.01316e-09 7.92951e-09 4.48136e-08 1.70743e-07 4.65492e-07
6e+15 2.14405e-09 1.85254e-09 2.12801e-09 7.67448e-09 4.22533e-08 1.60316e-07 4.37172e-07
7e+15 2.26753e-09 1.97064e-09 2.22933e-09 7.44945e-09 3.99942e-08 1.51115e-07 4.12126e-07
8e+15 2.37433e-09 2.07555e-09 2.31939e-09 7.24943e-09 3.79862e-08 1.42937e-07 3.89817e-07
9e+15 2.46761e-09 2.16936e-09 2.39996e-09 7.07046e-09 3.61895e-08 1.35618e-07 3.6982e-07
1e+16 2.5498e-09 2.25375e-09 2.47246e-09 6.90939e-09 3.45724e-08 1.29032e-07 3.51793e-07
2e+16 3.03443e-09 2.7872e-09 2.93154e-09 5.88926e-09 2.43313e-08 8.73122e-08 2.36964e-07
3e+16 3.25573e-09 3.05328e-09 3.16099e-09 5.37919e-09 1.92107e-08 6.64494e-08 1.7912e-07
4e+16 3.38247e-09 3.21273e-09 3.29863e-09 5.07316e-09 1.61384e-08 5.39308e-08 1.44276e-07
5e+16 3.4646e-09 3.31894e-09 3.39039e-09 4.86913e-09 1.40902e-08 4.55846e-08 1.20988e-07
6e+16 3.52214e-09 3.39477e-09 3.45592e-09 4.7234e-09 1.26271e-08 3.96229e-08 1.04326e-07
7e+16 3.56469e-09 3.45162e-09 3.50506e-09 4.6141e-09 1.15299e-08 3.51515e-08 9.18133e-08
8e+16 3.59744e-09 3.49582e-09 3.54328e-09 4.52909e-09 1.06764e-08 3.16736e-08 8.20721e-08
9e+16 3.62343e-09 3.53117e-09 3.57386e-09 4.46108e-09 9.9937e-09 2.88913e-08 7.42733e-08
1e+17 3.64455e-09 3.56009e-09 3.59888e-09 4.40544e-09 9.43509e-09 2.66149e-08 6.78885e-08
2e+17 3.74341e-09 3.69773e-09 3.71799e-09 4.14047e-09 6.77505e-09 1.57743e-08 3.74372e-08
3e+17 3.77783e-09 3.74654e-09 3.76026e-09 4.04645e-09 5.83116e-09 1.19275e-08 2.66128e-08
4e+17 3.79532e-09 3.77154e-09 3.7819e-09 3.99829e-09 5.34771e-09 9.95715e-09 2.10647e-08
5e+17 3.80591e-09 3.78673e-09 3.79506e-09 3.96902e-09 5.05384e-09 8.75949e-09 1.76911e-08
6e+17 3.81301e-09 3.79694e-09 3.8039e-09 3.94934e-09 4.85633e-09 7.9545e-09 1.5423e-08
7e+17 3.81811e-09 3.80427e-09 3.81025e-09 3.93521e-09 4.71445e-09 7.37626e-09 1.37936e-08
8e+17 3.82194e-09 3.8098e-09 3.81504e-09 3.92457e-09 4.60761e-09 6.9408e-09 1.25663e-08
9e+17 3.82492e-09 3.8141e-09 3.81877e-09 3.91626e-09 4.52424e-09 6.60105e-09 1.16087e-08
1e+18 3.82731e-09 3.81756e-09 3.82176e-09 3.9096e-09 4.45739e-09 6.32857e-09 1.08406e-08
2e+18 3.83812e-09 3.8332e-09 3.83532e-09 3.87945e-09 4.15471e-09 5.09496e-09 7.36272e-09
3e+18 3.84174e-09 3.83845e-09 3.83986e-09 3.86934e-09 4.05314e-09 4.68102e-09 6.19549e-09
4e+18 3.84355e-09 3.84108e-09 3.84214e-09 3.86427e-09 4.00224e-09 4.47353e-09 5.61037e-09
5e+18 3.84464e-09 3.84266e-09 3.84351e-09 3.86122e-09 3.97165e-09 4.34888e-09 5.25882e-09
6e+18 3.84537e-09 3.84372e-09 3.84442e-09 3.85919e-09 3.95124e-09 4.2657e-09 5.02426e-09
7e+18 3.84589e-09 3.84447e-09 3.84508e-09 3.85773e-09 3.93666e-09 4.20626e-09 4.85661e-09
8e+18 3.84627e-09 3.84504e-09 3.84557e-09 3.85664e-09 3.92571e-09 4.16166e-09 4.73082e-09
9e+18 3.84658e-09 3.84548e-09 3.84595e-09 3.8558e-09 3.9172e-09 4.12696e-09 4.63295e-09
1e+19 3.84682e-09 3.84583e-09 3.84625e-09 3.85512e-09 3.91039e-09 4.09919e-09 4.55464e-09
2e+19 3.84791e-09 3.84741e-09 3.84763e-09 3.85206e-09 3.87971e-09 3.97416e-09 4.202e-09
3e+19 3.84827e-09 3.84794e-09 3.84809e-09 3.85104e-09 3.86948e-09 3.93245e-09 4.08438e-09
4e+19 3.84846e-09 3.84821e-09 3.84831e-09 3.85053e-09 3.86436e-09 3.9116e-09 4.02555e-09
5e+19 3.84857e-09 3.84837e-09 3.84845e-09 3.85023e-09 3.86129e-09 3.89908e-09 3.99025e-09
6e+19 3.84864e-09 3.84847e-09 3.84854e-09 3.85002e-09 3.85924e-09 3.89073e-09 3.96671e-09
7e+19 3.84869e-09 3.84855e-09 3.84861e-09 3.84988e-09 3.85778e-09 3.88477e-09 3.9499e-09
8e+19 3.84873e-09 3.8486e-09 3.84866e-09 3.84977e-09 3.85668e-09 3.8803e-09 3.93729e-09
9e+19 3.84876e-09 3.84865e-09 3.8487e-09 3.84968e-09 3.85583e-09 3.87683e-09 3.92748e-09
