Defects used:[dataFiles/defect.txt,] deltaNPowers:[12,19] temp:[100,700] tempStep=100
1e+12 5.00079e-10 1e+12 3.53669e-10 1e+12 3.09316e-10 1e+12 6.13542e-10 1e+12 2.47725e-09 1e+12 8.27499e-09 1e+12 2.10877e-08 
2e+12 5.00159e-10 2e+12 3.53688e-10 2e+12 3.09331e-10 2e+12 6.13551e-10 2e+12 2.47724e-09 2e+12 8.27492e-09 2e+12 2.10875e-08 
3e+12 5.00238e-10 3e+12 3.53708e-10 3e+12 3.09345e-10 3e+12 6.1356e-10 3e+12 2.47722e-09 3e+12 8.27484e-09 3e+12 2.10873e-08 
4e+12 5.00317e-10 4e+12 3.53727e-10 4e+12 3.0936e-10 4e+12 6.13569e-10 4e+12 2.47721e-09 4e+12 8.27477e-09 4e+12 2.10871e-08 
5e+12 5.00396e-10 5e+12 3.53746e-10 5e+12 3.09374e-10 5e+12 6.13578e-10 5e+12 2.4772e-09 5e+12 8.2747e-09 5e+12 2.10869e-08 
6e+12 5.00476e-10 6e+12 3.53765e-10 6e+12 3.09389e-10 6e+12 6.13587e-10 6e+12 2.47719e-09 6e+12 8.27463e-09 6e+12 2.10867e-08 
7e+12 5.00555e-10 7e+12 3.53785e-10 7e+12 3.09403e-10 7e+12 6.13595e-10 7e+12 2.47718e-09 7e+12 8.27456e-09 7e+12 2.10865e-08 
8e+12 5.00634e-10 8e+12 3.53804e-10 8e+12 3.09418e-10 8e+12 6.13604e-10 8e+12 2.47717e-09 8e+12 8.27449e-09 8e+12 2.10863e-08 
9e+12 5.00713e-10 9e+12 3.53823e-10 9e+12 3.09432e-10 9e+12 6.13613e-10 9e+12 2.47716e-09 9e+12 8.27442e-09 9e+12 2.10862e-08 
1e+13 5.00793e-10 1e+13 3.53842e-10 1e+13 3.09446e-10 1e+13 6.13622e-10 1e+13 2.47714e-09 1e+13 8.27435e-09 1e+13 2.1086e-08 
2e+13 5.01585e-10 2e+13 3.54035e-10 2e+13 3.09591e-10 2e+13 6.13711e-10 2e+13 2.47703e-09 2e+13 8.27365e-09 2e+13 2.1084e-08 
3e+13 5.02376e-10 3e+13 3.54227e-10 3e+13 3.09735e-10 3e+13 6.13799e-10 3e+13 2.47692e-09 3e+13 8.27294e-09 3e+13 2.1082e-08 
4e+13 5.03167e-10 4e+13 3.5442e-10 4e+13 3.09879e-10 4e+13 6.13888e-10 4e+13 2.4768e-09 4e+13 8.27224e-09 4e+13 2.108e-08 
5e+13 5.03958e-10 5e+13 3.54612e-10 5e+13 3.10024e-10 5e+13 6.13976e-10 5e+13 2.47669e-09 5e+13 8.27153e-09 5e+13 2.1078e-08 
6e+13 5.04748e-10 6e+13 3.54805e-10 6e+13 3.10168e-10 6e+13 6.14065e-10 6e+13 2.47658e-09 6e+13 8.27083e-09 6e+13 2.1076e-08 
7e+13 5.05538e-10 7e+13 3.54997e-10 7e+13 3.10312e-10 7e+13 6.14153e-10 7e+13 2.47646e-09 7e+13 8.27012e-09 7e+13 2.1074e-08 
8e+13 5.06327e-10 8e+13 3.55189e-10 8e+13 3.10456e-10 8e+13 6.14242e-10 8e+13 2.47635e-09 8e+13 8.26942e-09 8e+13 2.1072e-08 
9e+13 5.07115e-10 9e+13 3.55381e-10 9e+13 3.106e-10 9e+13 6.1433e-10 9e+13 2.47624e-09 9e+13 8.26872e-09 9e+13 2.107e-08 
1e+14 5.07903e-10 1e+14 3.55573e-10 1e+14 3.10744e-10 1e+14 6.14419e-10 1e+14 2.47612e-09 1e+14 8.26801e-09 1e+14 2.1068e-08 
2e+14 5.15757e-10 2e+14 3.57493e-10 2e+14 3.12184e-10 2e+14 6.15303e-10 2e+14 2.47499e-09 2e+14 8.26098e-09 2e+14 2.10481e-08 
3e+14 5.23561e-10 3e+14 3.59408e-10 3e+14 3.1362e-10 3e+14 6.16185e-10 3e+14 2.47386e-09 3e+14 8.25397e-09 3e+14 2.10283e-08 
4e+14 5.31316e-10 4e+14 3.61319e-10 4e+14 3.15054e-10 4e+14 6.17065e-10 4e+14 2.47273e-09 4e+14 8.24697e-09 4e+14 2.10085e-08 
5e+14 5.39023e-10 5e+14 3.63225e-10 5e+14 3.16485e-10 5e+14 6.17944e-10 5e+14 2.47161e-09 5e+14 8.23998e-09 5e+14 2.09887e-08 
6e+14 5.46682e-10 6e+14 3.65128e-10 6e+14 3.17913e-10 6e+14 6.1882e-10 6e+14 2.47048e-09 6e+14 8.23301e-09 6e+14 2.0969e-08 
7e+14 5.54293e-10 7e+14 3.67027e-10 7e+14 3.19338e-10 7e+14 6.19696e-10 7e+14 2.46936e-09 7e+14 8.22605e-09 7e+14 2.09493e-08 
8e+14 5.61857e-10 8e+14 3.68921e-10 8e+14 3.2076e-10 8e+14 6.20569e-10 8e+14 2.46825e-09 8e+14 8.2191e-09 8e+14 2.09296e-08 
9e+14 5.69375e-10 9e+14 3.70811e-10 9e+14 3.22179e-10 9e+14 6.2144e-10 9e+14 2.46713e-09 9e+14 8.21217e-09 9e+14 2.091e-08 
1e+15 5.76847e-10 1e+15 3.72698e-10 1e+15 3.23595e-10 1e+15 6.2231e-10 1e+15 2.46601e-09 1e+15 8.20525e-09 1e+15 2.08904e-08 
2e+15 6.4911e-10 2e+15 3.91339e-10 2e+15 3.37605e-10 2e+15 6.30915e-10 2e+15 2.45499e-09 2e+15 8.13682e-09 2e+15 2.06968e-08 
3e+15 7.17187e-10 3e+15 4.09587e-10 3e+15 3.51338e-10 3e+15 6.39353e-10 3e+15 2.44418e-09 3e+15 8.06971e-09 3e+15 2.05069e-08 
4e+15 7.81433e-10 4e+15 4.27455e-10 4e+15 3.64803e-10 4e+15 6.47628e-10 4e+15 2.43358e-09 4e+15 8.00389e-09 4e+15 2.03207e-08 
5e+15 8.42162e-10 5e+15 4.44953e-10 5e+15 3.78008e-10 5e+15 6.55746e-10 5e+15 2.42318e-09 5e+15 7.93933e-09 5e+15 2.0138e-08 
6e+15 8.99655e-10 6e+15 4.62093e-10 6e+15 3.90961e-10 6e+15 6.63711e-10 6e+15 2.41298e-09 6e+15 7.87598e-09 6e+15 1.99588e-08 
7e+15 9.54163e-10 7e+15 4.78886e-10 7e+15 4.03668e-10 7e+15 6.71527e-10 7e+15 2.40297e-09 7e+15 7.81382e-09 7e+15 1.97829e-08 
8e+15 1.00591e-09 8e+15 4.95343e-10 8e+15 4.16136e-10 8e+15 6.79198e-10 8e+15 2.39314e-09 8e+15 7.75281e-09 8e+15 1.96103e-08 
9e+15 1.05511e-09 9e+15 5.11473e-10 9e+15 4.28373e-10 9e+15 6.86728e-10 9e+15 2.38349e-09 9e+15 7.69292e-09 9e+15 1.94408e-08 
1e+16 1.10194e-09 1e+16 5.27287e-10 1e+16 4.40384e-10 1e+16 6.94121e-10 1e+16 2.37402e-09 1e+16 7.63412e-09 1e+16 1.92744e-08 
2e+16 1.47026e-09 2e+16 6.69862e-10 2e+16 5.4935e-10 2e+16 7.61278e-10 2e+16 2.28799e-09 2e+16 7.10001e-09 2e+16 1.77631e-08 
3e+16 1.71887e-09 3e+16 7.89027e-10 3e+16 6.41361e-10 3e+16 8.18103e-10 3e+16 2.21519e-09 3e+16 6.64807e-09 3e+16 1.64842e-08 
4e+16 1.89797e-09 4e+16 8.9011e-10 4e+16 7.20089e-10 4e+16 8.6681e-10 4e+16 2.1528e-09 4e+16 6.26069e-09 4e+16 1.5388e-08 
5e+16 2.03313e-09 5e+16 9.76935e-10 5e+16 7.88217e-10 5e+16 9.09022e-10 5e+16 2.09872e-09 5e+16 5.92496e-09 5e+16 1.44379e-08 
6e+16 2.13876e-09 6e+16 1.05232e-09 6e+16 8.47751e-10 6e+16 9.45958e-10 6e+16 2.0514e-09 6e+16 5.6312e-09 6e+16 1.36066e-08 
7e+16 2.22359e-09 7e+16 1.11839e-09 7e+16 9.00219e-10 7e+16 9.78549e-10 7e+16 2.00965e-09 7e+16 5.372e-09 7e+16 1.2873e-08 
8e+16 2.2932e-09 8e+16 1.17677e-09 8e+16 9.4681e-10 8e+16 1.00752e-09 8e+16 1.97254e-09 8e+16 5.14159e-09 8e+16 1.2221e-08 
9e+16 2.35136e-09 9e+16 1.22872e-09 9e+16 9.88459e-10 9e+16 1.03344e-09 9e+16 1.93933e-09 9e+16 4.93545e-09 9e+16 1.16375e-08 
1e+17 2.40067e-09 1e+17 1.27526e-09 1e+17 1.02591e-09 1e+17 1.05677e-09 1e+17 1.90945e-09 1e+17 4.74991e-09 1e+17 1.11124e-08 
2e+17 2.65953e-09 2e+17 1.5652e-09 2e+17 1.26244e-09 2e+17 1.20451e-09 2e+17 1.72018e-09 2e+17 3.57486e-09 2e+17 7.7866e-09 
3e+17 2.76222e-09 3e+17 1.70714e-09 3e+17 1.38028e-09 3e+17 1.27838e-09 3e+17 1.62555e-09 3e+17 2.98733e-09 3e+17 6.12355e-09 
4e+17 2.81732e-09 4e+17 1.79136e-09 4e+17 1.45084e-09 4e+17 1.32271e-09 4e+17 1.56876e-09 4e+17 2.63481e-09 4e+17 5.12568e-09 
5e+17 2.85169e-09 5e+17 1.84711e-09 5e+17 1.49782e-09 5e+17 1.35226e-09 5e+17 1.53091e-09 5e+17 2.3998e-09 5e+17 4.46042e-09 
6e+17 2.87518e-09 6e+17 1.88675e-09 6e+17 1.53135e-09 6e+17 1.37336e-09 6e+17 1.50387e-09 6e+17 2.23194e-09 6e+17 3.98522e-09 
7e+17 2.89224e-09 7e+17 1.91637e-09 7e+17 1.55649e-09 7e+17 1.38919e-09 7e+17 1.48359e-09 7e+17 2.10604e-09 7e+17 3.62882e-09 
8e+17 2.9052e-09 8e+17 1.93936e-09 8e+17 1.57602e-09 8e+17 1.4015e-09 8e+17 1.46782e-09 8e+17 2.00812e-09 8e+17 3.35161e-09 
9e+17 2.91537e-09 9e+17 1.9577e-09 9e+17 1.59165e-09 9e+17 1.41135e-09 9e+17 1.4552e-09 9e+17 1.92978e-09 9e+17 3.12985e-09 
1e+18 2.92358e-09 1e+18 1.97269e-09 1e+18 1.60443e-09 1e+18 1.41941e-09 1e+18 1.44488e-09 1e+18 1.86569e-09 1e+18 2.9484e-09 
2e+18 2.9612e-09 2e+18 2.04374e-09 2e+18 1.66524e-09 2e+18 1.45779e-09 2e+18 1.39572e-09 2e+18 1.56048e-09 2e+18 2.08436e-09 
3e+18 2.974e-09 3e+18 2.06883e-09 3e+18 1.68681e-09 3e+18 1.4714e-09 3e+18 1.37827e-09 3e+18 1.45218e-09 3e+18 1.77776e-09 
4e+18 2.98045e-09 4e+18 2.08166e-09 4e+18 1.69784e-09 4e+18 1.47838e-09 4e+18 1.36934e-09 4e+18 1.3967e-09 4e+18 1.62072e-09 
5e+18 2.98433e-09 5e+18 2.08945e-09 5e+18 1.70455e-09 5e+18 1.48262e-09 5e+18 1.36391e-09 5e+18 1.36299e-09 5e+18 1.52527e-09 
6e+18 2.98693e-09 6e+18 2.09468e-09 6e+18 1.70906e-09 6e+18 1.48547e-09 6e+18 1.36026e-09 6e+18 1.34032e-09 6e+18 1.46111e-09 
7e+18 2.98879e-09 7e+18 2.09844e-09 7e+18 1.7123e-09 7e+18 1.48751e-09 7e+18 1.35764e-09 7e+18 1.32405e-09 7e+18 1.41502e-09 
8e+18 2.99018e-09 8e+18 2.10127e-09 8e+18 1.71474e-09 8e+18 1.48906e-09 8e+18 1.35566e-09 8e+18 1.31179e-09 8e+18 1.38031e-09 
9e+18 2.99127e-09 9e+18 2.10347e-09 9e+18 1.71664e-09 9e+18 1.49026e-09 9e+18 1.35412e-09 9e+18 1.30222e-09 9e+18 1.35323e-09 
1e+19 2.99214e-09 1e+19 2.10524e-09 1e+19 1.71817e-09 1e+19 1.49122e-09 1e+19 1.35288e-09 1e+19 1.29455e-09 1e+19 1.33152e-09 
2e+19 2.99606e-09 2e+19 2.11324e-09 2e+19 1.72508e-09 2e+19 1.49559e-09 2e+19 1.34729e-09 2e+19 1.25982e-09 2e+19 1.2332e-09 
3e+19 2.99738e-09 3e+19 2.11593e-09 3e+19 1.72739e-09 3e+19 1.49705e-09 3e+19 1.34541e-09 3e+19 1.24817e-09 3e+19 1.20021e-09 
4e+19 2.99803e-09 4e+19 2.11727e-09 4e+19 1.72855e-09 4e+19 1.49779e-09 4e+19 1.34447e-09 4e+19 1.24233e-09 4e+19 1.18367e-09 
5e+19 2.99842e-09 5e+19 2.11808e-09 5e+19 1.72925e-09 5e+19 1.49823e-09 5e+19 1.34391e-09 5e+19 1.23882e-09 5e+19 1.17373e-09 
6e+19 2.99869e-09 6e+19 2.11862e-09 6e+19 1.72972e-09 6e+19 1.49853e-09 6e+19 1.34353e-09 6e+19 1.23648e-09 6e+19 1.1671e-09 
7e+19 2.99887e-09 7e+19 2.11901e-09 7e+19 1.73005e-09 7e+19 1.49874e-09 7e+19 1.34326e-09 7e+19 1.2348e-09 7e+19 1.16237e-09 
8e+19 2.99902e-09 8e+19 2.11929e-09 8e+19 1.7303e-09 8e+19 1.49889e-09 8e+19 1.34306e-09 8e+19 1.23355e-09 8e+19 1.15881e-09 
9e+19 2.99912e-09 9e+19 2.11952e-09 9e+19 1.73049e-09 9e+19 1.49902e-09 9e+19 1.3429e-09 9e+19 1.23257e-09 9e+19 1.15605e-09 
