void line
45577226866408800 0.0001153511 45467210175672300 0.0001149126 39983333522947400 0.0001166226 39429211934474100 0.0001134684 41582408933647600 0.0001068612 38296148062976500 0.0001057331 39003181065489500 0.0001005947 36045687412734500 9.95298323406143E-005 38543132062459800 9.58129333820358E-005 34930070688403300 9.41922271209442E-005 34624316065849300 0.000091284 35382487260675400 8.73495049568013E-005 36126305491217400 8.6454549294838E-005 31256443189243800 8.26652848261426E-005 33156920272910100 7.88003505249978E-005
49953274665437500 0.0001053059 49561136238226900 0.0001049431 48303790768154300 0.0001100118 46931154857537400 0.0001067312 46134723534879700 9.9414669525385E-005 45412578357476300 0.0001009032 43721327595736000 0.000094756 43264879117805700 9.59647816848775E-005 42478863067702500 0.000090447 41477166443989300 9.11183152679768E-005 40733454949186800 8.83388046593881E-005 39392054932886300 8.34668495461059E-005 39630879794741000 8.21024793769899E-005 37399982467007200 8.15617270295257E-005 36427160437229200 7.59856198820142E-005
49816861305779500 9.96691751396779E-005 49331173599870200 0.000099486 49784289998804500 0.0001024671 48369762143978200 9.99835114240106E-005 46173316152389300 9.49956110024021E-005 46541758316970200 9.44766645064173E-005 43829594624184500 9.0870307197202E-005 44320836625102400 9.03521696910496E-005 42270689952140400 8.65043722170004E-005 42381342864076500 8.6102388893739E-005 41474616231598300 8.34716788999175E-005 39247807699374300 8.01374221400109E-005 39211290162413600 7.84897867186617E-005 38079828191806400 7.76226050389419E-005 35960639175556000 7.29521529266433E-005
48492711618544400 9.81315591564504E-005 48006709497859400 9.82486888494481E-005 48848452901848800 0.000098969 47444486584262500 9.70138098927052E-005 44975285204289000 9.38168395724515E-005 45536997355107600 9.14451590881173E-005 42631253119512800 8.96917803471081E-005 43306468278191900 0.00008747 40997726910531700 8.5459503989937E-005 41376826445736900 8.34916528615357E-005 40438706800065400 8.09451265124819E-005 37930589076913700 7.89151457441459E-005 37843901497485900 7.71370916027215E-005 36988080229799200 7.5424240507401E-005 34640506713742100 7.19542967670074E-005
46869540605476300 9.95582952006627E-005 46412927577140100 9.98240939168792E-005 47265631728713300 9.94334116235404E-005 45922820282246600 9.75454408375638E-005 43440839918597900 9.50780596528925E-005 44013546146029400 9.16587711490363E-005 41093687377334800 9.08371392662617E-005 41801184363540300 8.76773819368835E-005 39410700377268800 8.64730630782215E-005 39838664919933700 8.36177081164407E-005 38914550650805300 8.09115088899222E-005 36331337698649800 7.95981378155111E-005 36244723427761900 7.76855325644301E-005 35389461286562400 7.55133670396709E-005 33094189745940200 7.23239269490315E-005
45235894013626000 0.0001019289 44779288943168700 0.0001020794 45595129708619700 0.0001014658 44282226773476400 9.9468362593821E-005 41831517265267900 9.69148593494916E-005 42384782096571900 9.33268117113665E-005 39510481312208500 9.23978914968011E-005 40211074994375900 0.000089142 37799434634481600 8.78809058459284E-005 38191862281188200 8.48382591123522E-005 37313657177330100 8.1927537655193E-005 34719616037102300 0.000080563 34628337339729900 7.85822767958837E-005 33745354956649300 7.62624626313551E-005 31509624705700300 7.28735090753209E-005
43575456171339000 0.0001042187 43134875114242800 0.0001042972 43904547715014600 0.0001037241 42605834644268600 0.0001015565 40211300709259800 9.86992408670333E-005 40742659251762900 9.51145922571575E-005 37908453712487400 9.3928314385137E-005 38590037841840600 9.06884934954431E-005 36189315953190400 8.91246287053863E-005 36555056054240000 8.61321213896814E-005 35660057122936300 0.000083045 33114529171801700 8.14702677890624E-005 33003513642253500 7.9364632042181E-005 32104516843175500 7.69514122410432E-005 29891736272606900 7.3301428388468E-005
41924590431014200 0.0001063905 41510814504890100 0.0001063299 42241247600908400 0.0001057985 40941976762104600 0.000103489 38596909030547900 0.0001004493 39115118899841200 9.68053819219974E-005 36329736505483800 9.53935428716201E-005 36969385467211100 9.20835368172027E-005 34619472681072700 9.03377939285396E-005 34919628885756600 8.72848606388354E-005 34013118093623700 8.39996521918293E-005 31520625817221900 8.22562174707806E-005 31400519642118300 0.000080035 30509528649830500 7.75311393460932E-005 28297879556163500 7.36122391207309E-005
40292117904733500 0.000108487 39893898149722600 0.0001083254 40578038034824100 0.0001078007 39304205269420400 0.0001053879 37008972824052800 0.0001020589 37489984423762800 9.83875998880091E-005 34763092821658300 9.6747709983489E-005 35368347213979000 9.3399789894543E-005 33062564306871400 9.14393871420738E-005 33295775591479500 8.83437173601465E-005 32391527892385100 8.48869242112951E-005 29963899990492500 8.28884278990558E-005 29816495623101600 8.06235507592777E-005 28939264816283900 7.79956366190353E-005 26752924575107000 7.38232674017368E-005
38691286824481600 0.0001104937 38295773008807700 0.0001101957 38949920999238800 0.0001096644 37685689197192400 0.0001071273 35440683723895500 0.0001035995 35898150286685500 9.98547673080733E-005 33242269098575200 9.80445514131799E-005 33798491800433500 9.46058662911714E-005 31537653515174600 9.24438776410985E-005 31715337394387800 8.92967233312342E-005 30809249316539800 8.56395492329878E-005 28452974790108400 8.34587589035312E-005 28273802391880900 0.000081086 27407464430583300 7.8343575244209E-005 25263397175589000 0.000073948
37113534963311800 0.0001123886 36733907844599800 0.0001120462 37346798737151200 0.0001114682 36099267904791900 0.00010882 33898708952774400 0.0001050341 34330180925710200 0.0001012525 31738590766353200 9.92367530659901E-005 32257668575173500 9.5731389998149E-005 30055628636895800 9.33751561915297E-005 30180265548162400 9.0169941472747E-005 29266946553086900 8.63074659011535E-005 26986301618275300 8.39538718133184E-005 26779548662975400 8.14751358111887E-005 25920033648842800 7.86156964381521E-005 23827630108026100 7.40075213074163E-005
35580664703825400 0.0001142124 35201237861220700 0.0001137667 35799523398595800 0.0001132142 34554176140008900 0.0001104113 32405216368133100 0.0001064042 32795923304441900 0.0001025581 30276406626837200 0.0001003161 30758223330697200 9.67775089001428E-005 28623312973898500 9.4209849278928E-005 28705891692185300 9.09563214113204E-005 27790543308369200 8.69293411795092E-005 25582741795572000 8.43731075821762E-005 25350645777419100 0.000081775 24497117549265300 7.88028240774395E-005 22456291055661500 7.39810891907247E-005
34083096082433500 0.0001159144 33701633965915600 0.000115387 34270183729745100 0.0001148172 33052029911112100 0.0001119079 30956277080293300 0.0001076539 31319771531881800 0.0001037707 28865421847880900 0.0001013047 29301747088337900 9.77174679715591E-005 27239811216930800 9.49454973168847E-005 27273923610372100 9.16014165362482E-005 26360660394420900 8.74368283081073E-005 24229995624413100 8.46844002914138E-005 23984223295483900 8.20013659630712E-005 23150311639353700 7.89471659919295E-005 21155974638805200 7.39256897774816E-005
32636082294597100 0.0001175757 32259518192911500 0.0001169763 32785024319908700 0.0001163319 31595393814813500 0.0001133034 29551541652251100 0.0001088374 29892610535963400 0.0001049131 27505971527874600 0.000102227 27908382871968700 9.85973313722103E-005 25910195288970300 9.56178807110967E-005 25914292678127500 9.22194334445836E-005 24985914748963100 8.78338368100983E-005 22937631922208300 8.49490662260683E-005 22680419705951700 8.21801413049891E-005 21850434812651600 7.89836667826389E-005 19908759707753300 7.37606266491341E-005
31221519816142400 0.0001191381 30850688390964800 0.0001184542 31353819678248600 0.0001178206 30185500735995400 0.0001146394 28188887795635500 0.000109914 28503091554293400 0.0001059309 26184877278977400 0.0001030307 26557590376422500 9.93654264682816E-005 24622026156101500 9.62119053737903E-005 24597159754849100 9.27355119927403E-005 23673452404677400 8.82046436071902E-005 21703396701173000 8.51464515634135E-005 21431727320027700 8.2291209721622E-005 20621354139281700 7.89855013010684E-005 18728247707966400 7.35520585729832E-005
29845989120195600 0.0001206316 29487075224812800 0.0001198361 29951162123170500 0.0001191607 28812326578367700 0.0001158622 26877713166307000 0.0001109315 27159225551836900 0.0001068783 24919853443845100 0.0001037957 25253174002962000 0.0001000471 23376976156696800 9.67046771055464E-005 23331075800184200 9.31712815065406E-005 22410213123178100 8.8482376274433E-005 20513708194746100 8.52517665279595E-005 20228650097494300 8.22909383652719E-005 19436251102525700 7.88992421013429E-005 17605699975024100 7.32972304984058E-005
28521562316292600 0.0001220846 28168813144288400 0.0001211937 28596682298503600 0.0001204417 27485040802955700 0.0001170137 25607801534291400 0.0001118713 25858399543005500 0.0001077488 23702452340463400 0.0001044941 23999271706473300 0.0001006763 22177395919663300 9.71421619131419E-005 22117910129433600 9.35546906394848E-005 21201617407001100 8.86731855610556E-005 19379650644705000 8.53062663835591E-005 19083574976637200 8.22635674011089E-005 18311301911227100 7.87687223460411E-005 16539968009497500 7.29886426767674E-005
27249178167212400 0.0001234518 26893886818528300 0.0001224486 27288106508742100 0.0001216829 26205437798634900 0.0001181036 24385845270485100 0.0001127266 24605485941122300 0.0001085647 22528039726606100 0.0001050692 22786919114671100 0.0001012172 21030068898755000 9.7499713525588E-005 20949025692203200 9.38574283474494E-005 20052713642393200 8.88516584531588E-005 18298047327131100 8.52857217003017E-005 17994699470131700 8.2176316619708E-005 17243890566864000 7.85881878040066E-005 15535100296298000 7.26403463471849E-005
26009141416167600 0.0001246677 25667214323717000 0.0001236091 26023754249958500 0.0001227769 24976206341818300 0.0001191054 23208545817077000 0.0001134746 23410021463175100 0.0001093244 21406840325732100 0.0001056096 21625881392207200 0.0001016723 19932475591004800 9.77861982908638E-005 19834439493532100 9.40733388309691E-005 18949507831661400 8.88981781663146E-005 17267641146252700 8.51995514292781E-005 16960717257106700 8.20116136984802E-005 16227907372666900 7.8329762888211E-005 14583243862017500 7.22258278401225E-005
24815152886340300 0.0001258156 24479392815262100 0.0001246555 24810294534225800 0.0001238368 23787895632084000 0.0001199794 22080028687181800 0.0001141515 22253859339699900 0.000109939 20327132994090500 0.0001060226 20516647069219000 0.0001020562 18883354543914400 9.7997262136751E-005 18771172423131000 0.000094237 17903216098480700 8.88977374346582E-005 16294049616911100 8.50805217889499E-005 15978495563184400 8.18020998623898E-005 15263445159540300 7.80230700435261E-005 13689584349206500 7.1787479429067E-005
23670031942469800 0.0001268721 23330347098384000 0.0001256022 23645407904859500 0.0001247793 22650235716166100 0.0001207876 20996413619782500 0.0001147476 21145709098712900 0.0001104661 19292042760993300 0.0001063487 19453403752268900 0.000102356 17884137423651300 9.81498900937837E-005 17758324998017100 9.43027126785039E-005 16910982779316000 8.88478822048697E-005 15368217290536600 8.48943702866361E-005 15048134710362600 8.15234191268943E-005 14356977444679200 7.7676805021902E-005 12845970111505300 7.13140897979178E-005
22563367856741800 0.000127873 22225816076005000 0.0001265116 22523538963829200 0.0001256789 21558076348020500 0.0001215469 19949362161640800 0.0001152627 20079055474929000 0.0001109181 18305493223806400 0.0001066793 18431261988279100 0.0001025737 16930193913255900 9.82571188311367E-005 16793109976251000 9.43395082965371E-005 15962477496204000 8.87296677095446E-005 14490435163664800 8.46886002972463E-005 14168390774585200 8.12257934841579E-005 13503422258759300 7.73435245665314E-005 12051435426874400 7.08190794071963E-005
21501814295918400 0.0001287867 21177431924501100 0.0001274018 21440488506264500 0.000126448 20502367425995100 0.0001221928 18951778735730900 0.0001157087 19060182293481800 0.0001113443 17362877094902300 0.0001068895 17463623638779500 0.0001027787 16018950571637800 9.82649103619992E-005 15875350953354000 9.4325432562128E-005 15063158422648600 8.85775548312247E-005 13656907523612100 8.43913473812388E-005 13338171764520900 0.000080895 12691855841785900 7.69205224089026E-005 11304792156430900 7.02816878410319E-005
20481855312560000 0.0001296085 20166483998822400 0.0001281575 20405563891702000 0.0001271483 19506393479740900 0.0001228154 18000295872241200 0.000116106 18085377522757500 0.0001116443 16464976089125100 0.0001070755 16536522318942300 0.0001028627 15153173726118900 9.82245440763467E-005 15006153546623500 9.42544043692296E-005 14213379220447500 0.000088375 12872026353682200 8.40827198644795E-005 12554473923966900 8.05204615589147E-005 11929562771205000 0.000076474 10602611747998900 6.97194850596455E-005
19501820531672800 0.0001303537 19195916259941600 0.0001287989 19414330238962500 0.0001277763 18547413745069300 0.0001233213 17092688565952700 0.0001164229 17161252829357700 0.0001119468 15610689215923800 0.0001071929 15662040126667900 0.0001029416 14334053293906400 9.81734637003689E-005 14181138018581200 9.41311983993204E-005 13405180492442700 8.81143307872056E-005 12130432722618300 8.37343236130998E-005 11818122093944200 8.0115807756719E-005 11214590222491700 7.59918034011178E-005 9949873671104590 0.000069173
18566612388081100 0.0001310216 18260964795163200 0.0001293618 18457711652346600 0.0001282695 17622217012279300 0.0001236806 16215377053348200 0.0001166218 16273867226027900 0.0001121167 14787212208077900 0.0001071672 14823557315025000 0.0001029146 13551188857962100 0.000098006 13391106435407000 9.3896352675947E-005 12646192985099300 8.7822206683038E-005 11425338308743700 8.33378937962345E-005 11123312219854100 7.96925350772755E-005 10542650157378100 7.55096989644557E-005 9332678772147270 0.000068583
17673149551250900 0.0001318679 17370468141266200 0.0001301175 17543916381510500 0.0001288283 16737875913813200 0.0001241489 15383903405436100 0.00011701 15428958484977200 0.000112296 14011325075880700 0.0001073615 14028554823397700 0.0001029039 12809923808033700 9.80138008026101E-005 12645097493802200 9.37319334579591E-005 11926557900608700 8.75332652796508E-005 10759168767977100 8.30545324186642E-005 10462185714733300 7.92914658473898E-005 9901745107527590 7.50234916469274E-005 8754445669875410 6.80912867044117E-005
16812200023978100 0.0001324213 16519966272660400 0.0001306163 16676938089598800 0.0001294231 15901662722765500 0.0001246044 14593304077841400 0.0001171508 14627032783632900 0.0001125533 13265876381066000 0.0001072817 13266464817337500 0.0001029129 12100121082920100 0.000097771 11936124854197900 9.35686312594372E-005 11242383874301200 8.72881090224052E-005 10133546730513600 8.26256971598627E-005 9841964060004830 7.88444746772164E-005 9302513182066820 7.45190814003785E-005 8211088727205680 6.74815871503216E-005
15995770500398000 0.0001329326 15710955601883900 0.0001310504 15847386336253700 0.00012976 15099262651278200 0.0001248159 13841442025032100 0.0001172195 13860134727054200 0.0001125688 12564163815125600 0.0001071912 12547263345641400 0.0001027446 11439606348797800 9.75591905079052E-005 11264348531857500 9.32258309973397E-005 10592622547689300 8.68576003007329E-005 9542211368883510 0.000082151 9256653873902630 7.83248949074988E-005 8743310261735320 7.39696566479513E-005 7702864378172590 6.68561197684216E-005
15213812687594500 0.0001333397 14927749202857400 0.0001313358 15062425468484500 0.0001300878 14343636962303400 0.0001250615 13123085201058100 0.0001171822 13136676745498700 0.0001125552 11894496572504900 0.0001070197 11869788910024700 0.0001025544 10809777529374900 9.7251420929557E-005 10639753927528100 9.29457448363558E-005 9988547603940930 8.645666169377E-005 8990061271690210 8.16741308891541E-005 8710264173418590 7.77886356796591E-005 8220779070231900 7.34046987364468E-005 7226807255739610 6.61802002928448E-005
14464522227456300 0.0001336248 14180845116094600 0.0001315444 14305818398829100 0.0001302873 13607680152058900 0.0001250996 12437299313556400 0.0001170652 12441073267272200 0.0001124224 11263318812494100 0.000106794 11222645468675400 0.0001022607 10205972939407100 0.000096818 10042732249639200 0.000092552 9411236125637700 8.59649342610175E-005 8462093245241410 8.10854456313668E-005 8191184385357170 7.71852447784042E-005 7724085273555210 7.27764369551841E-005 6777655477861600 0.000065483
13747707409869100 0.0001338547 13471878294920100 0.0001317417 13580798924577600 0.0001303648 12914149241889700 0.0001251105 11787879151096700 0.000116952 11779928590221000 0.0001122456 10656936422443700 0.0001064762 10606064002708800 0.0001018886 9639008575988310 9.64275353725359E-005 9472970302585540 9.20618474223155E-005 8869630486243880 8.5450443867198E-005 7968933164219970 0.000080518 7706750884812710 7.66068136772884E-005 7257000870150840 7.21406423379205E-005 6355404294101230 6.47828333343241E-005
13061880591293100 0.0001339998 12790575345340600 0.0001318071 12897324722797800 0.000130439 12250785067243900 0.0001250527 11172349991404500 0.0001168183 11153811663637300 0.0001120487 10079499290984500 0.0001060961 10025332222574000 0.0001015452 9098124819424570 9.59595824884477E-005 8937413266103270 9.15896094296027E-005 8354347988692720 8.49008451311982E-005 7492200420056620 7.98528328374632E-005 7248645667740300 7.59851824147342E-005 6816735483126460 7.14417421423919E-005 5958129488975960 6.40555839203326E-005
12404560547015200 0.0001340453 12142725508111700 0.0001318478 12235940159558000 0.0001303994 11616712631766200 0.000124905 10582052169258400 0.000116561 10558860965276100 0.0001117651 9533746752865860 0.000105709 9475133734526550 0.0001011313 8590131613968400 9.54787000383243E-005 8429620822742670 9.10512201173129E-005 7868169555266790 8.42988825655235E-005 7054944722881340 7.92655223939573E-005 6810725345664040 7.52557833126022E-005 6400926301522710 7.07525243749639E-005 5589119782351900 6.33517635783459E-005
11778194526440400 0.0001340985 11526773247353200 0.0001318183 11610877088217700 0.0001303209 11019067533397100 0.0001248217 10016589572694300 0.0001161854 9984576689035840 0.0001113602 9010619187874490 0.0001052187 8948189384651190 0.0001006706 8104394881496200 9.49045718676342E-005 7947287900907360 9.04697060116331E-005 7411225866474890 8.3696202231641E-005 6642050723389790 0.000078631 6403665324180780 7.45961887080292E-005 6006619173308160 7.00071670717499E-005 5240117478900220 6.2623878895807E-005
11180101622886500 0.0001339845 10932971230360700 0.0001316274 11009394140573100 0.0001301334 10440585354209700 0.0001245075 9486209435851140 0.0001158176 9443232391518670 0.0001109634 8524958231875620 0.000104754 8453060155627950 0.0001001415 7644401439804290 9.42655499470998E-005 7495552693784850 8.98810535182981E-005 6979583640128380 8.30633443044976E-005 6248258415925560 7.7876710478271E-005 6019807573538920 7.38761385865538E-005 5645397745008990 6.93297666947177E-005 4912154763705850 6.1827765900437E-005
10618882826081300 0.000134046 10365982772889600 0.000131438 10441341915508900 0.000129911 9903510503286740 0.0001243158 8978127391525000 0.0001154628 8934271133662440 0.0001105054 8055218366818200 0.0001042742 7984428313760080 9.95914452462932E-005 7210736447019500 0.000093729 7065928561391970 0.000089278 6571191550837820 8.23502841631733E-005 5877807845587630 7.72008115679119E-005 5656541441218460 0.000073134 5301958460732440 6.85951854181981E-005 4608586025899590 6.11612136091523E-005
10073094739099500 0.0001339108 9834290690439120 0.0001313603 9904785992818950 0.0001298176 9383153407774650 0.0001240977 8494443426432140 0.0001150089 8450220205484130 0.0001101655 7613222282863200 0.0001037511 7537157954184700 0.000099029 6803836095979500 9.31352324998703E-005 6658794219463290 8.8635060573362E-005 6186040196449880 8.1710060804462E-005 5526890852581300 0.000076464 5318595300208510 7.24616623045116E-005 4976531765420550 6.78452623722033E-005 4320303762359760 6.03686275451228E-005
9559600665185000 0.0001337774 9324961659416050 0.0001311976 9386443760853170 0.000129531 8888977301975570 0.0001237414 8037915377499570 0.0001145994 7985730026277960 0.0001096155 7194136443903680 0.0001031968 7110427222294900 9.84127347538269E-005 6418170509199850 9.25149290194961E-005 6274440139334530 8.79726649228366E-005 5820252344660830 8.09771916663291E-005 5197753808317490 7.57332775976665E-005 4995807414916580 0.000071687 4671140933507160 6.70588550373392E-005 4047128628949140 5.95771807436491E-005
9068138789119260 0.0001335412 8846007033809850 0.000130953 8903634314580150 0.0001293083 8420691044651710 0.000123312 7603821449672410 0.0001140866 7547946315069560 0.0001090782 6794312130138630 0.0001025782 6715082299011590 9.78246741545092E-005 6051971576714230 9.18467203994131E-005 5918316364349390 0.000087359 5478082098885290 8.03222634310077E-005 4887727897801580 7.50166101932027E-005 4697764338239960 0.000071003 4387147557871670 6.63383518611559E-005 3792086185908160 5.87802990871387E-005
8597432081755680 0.0001332417 8386008289478700 0.0001306546 8443017694494650 0.0001290183 7977962537577480 0.0001229418 7196682073529160 0.0001136106 7139201609275110 0.0001086063 6418098597588380 0.000101983 6336706629234850 0.000097189 5704840925070160 9.11263491476769E-005 5575682845151930 8.66542859335362E-005 5158475976075800 0.000079625 4598772328853180 7.43000962434915E-005 4411588024612300 7.02183825987787E-005 4117656485628450 6.55555832902744E-005 3558946252789220 5.80803218856445E-005
8151216336127100 0.0001328495 7945114717818410 0.0001301832 8000606098463790 0.0001285535 7555155177446670 0.0001224524 6810241992467520 0.0001130735 6746392834808330 0.0001080148 6059408603344130 0.0001012135 5974301189213850 9.63850608003039E-005 5384337682492520 9.05011929995498E-005 5251204240640900 8.5853124051239E-005 4852669106447710 7.88234901890148E-005 4324117198287780 7.35067339834952E-005 4147984429243830 6.94532972797429E-005 3868787194593090 6.4820929121885E-005 3334347137827980 5.72682456630961E-005
7722716288918300 0.0001324045 7530108392890370 0.000129752 7579875194515170 0.0001279893 7154754432801300 0.0001219474 6439342450273140 0.0001123892 6369865398544560 0.0001072431 5719952271758610 0.0001005154 5638562908299380 9.57196208925996E-005 5074170343827390 8.97095018838115E-005 4943421762305040 8.50383537200427E-005 4563129798216840 0.000077965 4066884397860260 7.27517966777143E-005 3896000897858520 6.86492159054596E-005 3629494866202210 6.39642498584908E-005 3126622200397880 5.65000521210655E-005
7322304192406580 0.0001320921 7135805279714390 0.0001293311 7183975770453740 0.0001275574 6771586296382940 0.0001213037 6086830746368530 0.0001116442 6019824421396730 0.0001066012 5399041112579580 9.9750158798892E-005 5320228799585630 9.49942546996527E-005 4781015270690880 8.88653867107954E-005 4655525468224940 8.42441859056422E-005 4294848354188090 7.72153501003454E-005 3824041983063730 0.000071902 3658570276550310 6.77899349793918E-005 3408787070535180 6.31921998521036E-005 2931046234871820 5.56984559288782E-005
6946449734701160 0.0001317051 6755739285449100 0.000128696 6800167466337740 0.000126869 6408349172268610 0.0001206458 5755733039410550 0.0001110046 5682280652716820 0.0001057797 5103850601195400 9.91264418957275E-005 5016812554666230 9.41866597635766E-005 4511924087190440 8.81818598458354E-005 4388014375818820 8.35317966199319E-005 4043661263347350 7.64924031623414E-005 3595151405554070 7.11218216494701E-005 3442409403709010 6.71201733326708E-005 3201110278595010 6.23714156595173E-005 2748983842134610 5.49344892728111E-005
6582233816123900 0.0001312017 6402750453137200 0.0001282812 6437236281994750 0.0001262701 6070028700195090 0.0001201621 5441038047126030 0.0001103031 5372599476634620 0.0001051892 4815455643390530 9.83621973495657E-005 4735962839968110 9.34628803607068E-005 4251039315689200 8.73827106499957E-005 4135800986592490 8.27922662823923E-005 3805553014311290 7.56868704598601E-005 3378600855517460 7.02701332561866E-005 3233760419649640 6.62968856143499E-005 3007194118668380 6.1649886864449E-005 2574693173309650 5.41286557640397E-005
6229172144069350 0.0001304434 6063133866354280 0.0001276851 6102060637760980 0.0001258771 5737896179176970 0.0001193341 5141508915199400 0.0001095255 5073144135090120 0.0001044056 4543021153814590 9.74721265314058E-005 4467591617310890 9.26711758942739E-005 4005836155224580 8.65223784253567E-005 3896031004162030 8.19660957737428E-005 3582528994189900 7.49043325312674E-005 3176558773402420 6.94658846695516E-005 3038401190614000 6.54723883552683E-005 2820399797749110 6.07497253078594E-005 2414878703535610 5.33690769908542E-005
5899874832156060 0.0001298695 5743918784295810 0.0001270603 5775336019201810 0.0001252023 5431360942819020 0.0001187369 4860780476870350 0.0001088061 4792279103846070 0.000103606 4289674915066010 9.66484611885609E-005 4211480651931450 9.17831359874855E-005 3776830064397520 8.57331432314992E-005 3665133764900420 8.10324391235691E-005 3371009422307240 0.000074026 2985453864802420 6.85991802584344E-005 2854755862121410 6.46351635326433E-005 2649061000179020 5.99893521480485E-005 2266083458860130 5.26159457329905E-005
5582854970382000 0.0001291882 5433456424221180 0.0001262455 5465674703035210 0.0001244118 5143264924751730 0.0001181345 4593441911791370 0.0001080215 4522051900715330 0.0001027105 4042926767434840 9.56783137766253E-005 3967693104401420 9.08648667742468E-005 3559318146531890 8.49026069541997E-005 3451662998770520 0.000080212 3173485681096840 0.000073245 2805882270059690 6.77482621506566E-005 2678126295065900 6.3726357349124E-005 2483535710409960 5.91230749444243E-005 2125971438414310 0.000051889
5285518792815250 0.0001284664 5141687188975700 0.0001255149 5171877778568030 0.0001235957 4865665580848520 0.0001173485 4333866896651600 0.0001070212 4267112788087320 0.0001018818 3813713092095790 9.48740552189401E-005 3740310066381900 9.00210771075714E-005 3350929887615550 8.39412637391727E-005 3246847642261550 7.92694628086012E-005 2978403690955920 7.22175887132081E-005 2635784705960780 6.69138273012178E-005 2514998887243250 6.29025969270643E-005 2328004532627930 5.8259741842177E-005 1989964370513320 5.10027320322818E-005
5008018355625920 0.0001279177 4859965363135400 0.000124718 4889553684762650 0.0001227625 4600609046829620 0.0001164676 4093151927622930 0.000106245 4027334669666760 0.0001009727 3596856723408450 9.40525782352745E-005 3524035876440600 8.90969488795636E-005 3157012108314340 8.30743310677281E-005 3058480780351260 7.84614571367899E-005 2805681248625020 7.15006801886427E-005 2478455873284850 6.61292968466498E-005 2363040449961230 6.21425953703571E-005 2187716037755220 5.7549686418008E-005 1864797110184120 5.02153745178701E-005
4740869899752070 0.000127177 4600018169447510 0.000124084 4623383928154970 0.0001219341 4347129512626450 0.0001156142 3862706029003170 0.0001053564 3795555603610830 0.0001000619 3394459000843060 9.3225821767325E-005 3322345661497710 8.82448819866801E-005 2977252084493020 8.23416410566245E-005 2876336641854320 7.7562123148413E-005 2636060460403700 7.05806986999446E-005 2329964105196130 6.53215130297829E-005 2221650993332700 6.13811993141705E-005 2051335600834650 5.66902988334477E-005 1746876132224580 4.9454500476555E-005
4486241928753270 0.0001263771 4355208500034350 0.0001233447 4377830837194180 0.0001213878 4109113941537080 0.0001147519 3653788191290190 0.0001046955 3583753082659900 9.92018128370304E-005 3201294529725670 9.22887571445332E-005 3129277590063860 8.73307206870225E-005 2799834677756710 8.12877945745296E-005 2709044006291940 7.66715124222035E-005 2478824540363650 6.97410784706446E-005 2187916517456760 6.43992414489573E-005 2088650190782080 6.05852759367483E-005 1923734761341160 5.58604143759779E-005 1638419307940450 4.86934416254524E-005
4243137192974520 0.0001255542 4119945086502210 0.000122505 4137414476996780 0.000120346 3885253467726710 0.0001139105 3446761242375340 0.0001037012 3384671332692950 9.842728241694E-005 3013450057809430 9.119554708117E-005 2951819822269660 8.65020617361276E-005 2635049087391100 8.03447582926255E-005 2547313216531130 7.57552242023243E-005 2328469909083450 6.87853456196689E-005 2053497331801240 6.34884106266233E-005 1959739898145810 5.9681687002504E-005 1806359099753210 5.50798779550885E-005 1535491452734930 4.79235632424187E-005
4006242633425980 0.000124401 3891964669074050 0.000121456 3916998361465970 0.0001196645 3670260599047440 0.0001130054 3255291000946770 0.0001026934 3188959516970200 9.72853516441496E-005 2841664036078150 9.0290909377237E-005 2777682408296090 8.5483779325637E-005 2481677092406900 7.95106755827355E-005 2397735826035990 7.48301735564094E-005 2190916795716440 6.79740708178685E-005 1930806314092960 6.27003060968648E-005 1837575482821790 5.88112587659978E-005 1691134376194310 5.41933837090622E-005 1439826951286910 0.000047186
3794713446645310 0.0001238166 3677474724942710 0.0001204905 3698054164376990 0.0001184909 3466004787537580 0.0001119912 3067183168343850 0.0001016546 3008222966952090 9.63691825629708E-005 2675454386158360 8.92343528686791E-005 2619969228728820 8.46168145159715E-005 2337330650989460 7.85853334263978E-005 2254323189801040 7.39314556525179E-005 2058395017224830 6.70598025804428E-005 1811265324570440 6.17644658175753E-005 1727982417584770 5.80354126849292E-005 1587097966301780 5.33718922646967E-005 1350685112988700 4.64827257090944E-005
3582045430077040 0.0001229749 3474275158214890 0.0001196762 3496415952727540 0.0001175991 3278179783710850 0.0001112459 2897466018658970 0.0001009149 2831516437445500 9.53256689029875E-005 2523412845104410 8.84578594794441E-005 2465867578626190 8.36331413590626E-005 2201245668395880 7.78170710682547E-005 2121493787578080 7.30657215791099E-005 1934777182922810 6.62517912277008E-005 1703844808336980 0.00006105 1621164204159440 0.000057182 1491046685870610 5.27336920603375E-005 1264012780965970 4.5741284560727E-005
3388877228822260 0.0001220783 3284348861091230 0.0001188981 3298518237212150 0.0001167254 3092581065639720 0.0001102328 2731024079044710 0.00009988 2675337665462950 9.46681249864303E-005 2378527357933660 8.76264279855426E-005 2321430549850920 8.26712579868099E-005 2072276024863250 7.68917971861351E-005 1995859953328360 7.22082627425104E-005 1817884528387520 6.54452140431851E-005 1598138524465450 6.01605130839913E-005 1516371803626890 5.62592140687462E-005 1396948568980260 5.18788782280168E-005 1184160970027500 4.49740629284301E-005
3209639521532490 0.0001214189 3103336551310200 0.0001178945 3114761431551290 0.0001157492 2922536900492570 0.0001092427 2576647585953760 9.8972665383912E-005 2518189055055890 9.35378995285676E-005 2241548116968230 8.66621251875911E-005 2189675758212370 8.19092182774958E-005 1950532093504440 7.59913202559152E-005 1871186212756150 7.11157595311706E-005 1708047464173780 6.45535587276188E-005 1500645665821130 5.93108667198954E-005 1426779827960810 5.55946986993525E-005 1308694126633820 5.1072605276263E-005 1110287849279560 4.43102318660033E-005
3025716530011920 0.0001203079 2932113611276200 0.0001171778 2945319345722360 0.0001148508 2754298549520940 0.0001081245 2429400884677030 9.81402323369227E-005 2374539744112240 9.25463010408033E-005 2111027228255700 8.57413841380381E-005 2055782638859290 8.06836560370351E-005 1833864441839870 7.50794691313445E-005 1761684595697820 0.000070332 1606480424116370 6.37518648792234E-005 1410053578008010 5.86512777929285E-005 1340793784517640 5.49127693956659E-005 1227354270732420 5.03634138650131E-005 1037141572389610 4.35006703610678E-005
2857188803637500 0.0001192807 2761238011447450 0.0001159127 2777142920622370 0.0001139646 2599339346290570 0.0001072534 2292665802812860 0.000097339 2234709418332670 9.15887700118949E-005 1986192999105400 8.47875341436264E-005 1938838506222710 8.00633470391375E-005 1722977656446160 7.41564795306711E-005 1660091120350790 6.976251741801E-005 1509524341297980 6.30287565079856E-005 1327660474443310 5.80268643508353E-005 1257264985840890 5.41070850705025E-005 1151846359480760 4.97149178567065E-005 977772529288657 4.31277706219776E-005
2699639219864190 0.0001185056 2607915699408530 0.0001150285 2615431369826880 0.0001126557 2447591225610270 0.0001062623 2157752089941170 9.61443248546549E-005 2101950872829590 9.04829108408743E-005 1871062488846680 8.38374009064981E-005 1824502157802480 7.91887304502998E-005 1623205516072990 7.33186001027289E-005 1561266304737280 6.88671838545966E-005 1417382933160690 6.21552265817547E-005 1248184007997230 5.72036433017108E-005 1181082192574680 0.000053384 1083009947963930 4.90704901155299E-005 916903108915604 4.24825868110349E-005
2547190161227160 0.0001174144 2463453271635230 0.0001140433 2472437113723350 0.0001118043 2313619475634200 0.0001054513 2036422310062290 9.51920724593327E-005 1980559175623230 0.000089535 1760774252193610 0.000082759 1716369335180350 7.82337753961999E-005 1526626599421670 7.24224568686558E-005 1466785400578160 6.78849219174146E-005 1330374309707250 6.12413417134321E-005 1172719933687470 5.63719098339703E-005 1111469055930210 5.27302087309038E-005 1015865676234590 4.83344163184705E-005 858506603042325 4.16969275509492E-005
2412595424020420 0.0001168241 2322154319458840 0.0001129794 2330447847275920 0.0001106255 2184034918269370 0.0001045375 1917509886792180 9.41368970230009E-005 1866265465374530 8.85084561770506E-005 1663173386425160 8.20870801112511E-005 1616745770020370 7.72993721732128E-005 1439849835821890 7.16162955659708E-005 1379625001428590 6.70424684386234E-005 1255532932567870 6.0672369857842E-005 1100849649034120 5.55186817232652E-005 1046029760899890 5.20332222387312E-005 954123136784631 4.76108334870263E-005 805968056995729 4.10716490073909E-005
2277520751369180 0.0001157517 2193691977651610 0.000112018 2197651613653920 0.0001095684 2062348967739380 0.0001035725 1806493058662100 9.29726047308901E-005 1756430523964100 0.000087448 1566617239411990 8.11914689815051E-005 1528415103410730 7.67419458430091E-005 1353101860053760 7.06672087687653E-005 1297823202596460 6.6154503935075E-005 1178792936803020 5.97667843182657E-005 1029372527837520 5.45267411180235E-005 976943456157116 5.10086413519726E-005 894541012587194 4.68922974372287E-005 755879257963519 4.04307333831839E-005
2154176463235470 0.0001148405 2073328190380140 0.0001112967 2076419712466810 0.0001086711 1948797842120480 0.0001025923 1702138421820520 9.20717750729616E-005 1653013058038880 8.63513489265772E-005 1474086243652490 8.0127551400445E-005 1436051468417070 7.55733556704671E-005 1272192346210900 6.9687486167531E-005 1220333511620020 0.000065405 1108247185670460 5.89425810334962E-005 969509905040582 0.000053939 916873337999137 5.02991103916659E-005 838584060604274 4.61284915437669E-005 707967165894605 3.97478467445765E-005
2030743153989260 0.0001138288 1953137757650240 0.0001102089 1962830659580510 0.0001078855 1834705201951160 0.0001014983 1600452041191280 9.10854108311142E-005 1558196361427360 8.5626183769378E-005 1387028961118620 7.92253150436063E-005 1351391792729370 7.47223755298886E-005 1193538161482860 6.87292619500018E-005 1147609302203750 6.45252404713204E-005 1039316751333480 5.80624813662188E-005 909149777381016 5.31928544526002E-005 862369715475035 4.96668119914107E-005 786892607908908 4.55205265614333E-005 661500068404725 3.90877775274702E-005
1914162364044030 0.0001126038 1841638303097290 0.0001090962 1846385474009900 0.0001064738 1731567276085190 0.0001004895 1512629186583320 9.03266526927958E-005 1463529059093390 8.44026226317859E-005 1306735934972700 7.83351330060285E-005 1268002063999420 7.35737257863023E-005 1120992211128670 6.78039470630199E-005 1078739962363670 6.37660765580937E-005 977761442270398 5.73746581711325E-005 857710695161195 5.27230986462159E-005 810274656777833 4.90385716337476E-005 736241683635041 4.46345164781143E-005 620802574185446 0.000038489
1808058053196010 0.0001117359 1736011866810070 0.0001080186 1741227767304130 0.0001053114 1628448219617590 9.92684404263979E-005 1423394620520620 8.9204135328528E-005 1381724237770760 8.36389323101555E-005 1228538562234800 7.71877267677427E-005 1196776594469380 7.2958910462469E-005 1056417531400090 6.71059416428975E-005 1013116807180120 6.27868928345383E-005 915222170182501 5.63878513980297E-005 806305137303446 5.19373374921013E-005 759928168608903 4.82252899919799E-005 693549839739455 4.41893997869272E-005 582300309816828 3.78834155112318E-005
1701668010577890 0.0001102854 1636742900913180 0.0001068059 1638695924009150 0.0001040077 1535284156825300 9.81367367030528E-005 1339571756248860 8.8013452934293E-005 1299384681768440 8.25156358255243E-005 1156641373921960 7.63229472246278E-005 1121946447707120 7.1794317309984E-005 993441909469593 6.62605767408171E-005 952341892257997 6.18982664377154E-005 863421750243230 5.57407579195848E-005 755465036902864 0.000051065 712457836195338 4.75085823349228E-005 650015402091358 4.34193793642738E-005 545005614705633 3.72518563901447E-005
1603422856404830 0.0001092552 1542541452672490 0.0001056131 1540848336177080 0.0001027728 1445611911449310 9.69718353011777E-005 1260845152573570 8.68846889715049E-005 1220318120148400 8.12525588301794E-005 1089082773745090 7.54731882656811E-005 1056608647583440 7.09161025911573E-005 932132934026565 6.5182350783005E-005 890882171240831 6.08291121235017E-005 809458234998436 5.49078902941894E-005 709336298650714 5.03255541556591E-005 668060251893562 4.67173197228132E-005 611495943398194 4.28594551661518E-005 510151221833608 3.65867746750371E-005
1513339343674600 0.0001081832 1451736067585650 0.0001042651 1455114378077410 0.0001019148 1359303750656120 9.56235335980532E-005 1183046089328430 8.55430694417708E-005 1149174295381870 0.000080353 1025851183435830 7.46204674400467E-005 994043456038548 7.00005192567473E-005 875092046729688 6.42857995110976E-005 839715820442130 6.01956725248282E-005 758741669855641 5.39543697421664E-005 667109528968413 4.9707741107383E-005 627383080970369 4.60961887344109E-005 570305674542891 4.19396612550543E-005 479049614787835 3.61006711156263E-005
1428082337782760 0.0001072142 1367210113660320 0.0001032047 1371928542823450 0.0001009114 1280366486416680 9.44379438537901E-005 1112088066926260 8.44182314015384E-005 1078859178217800 0.000079084 966357739773201 7.38218463815053E-005 933124645506990 0.000069021 822103173577821 0.00006332 789417863837256 5.94454571446716E-005 713862656081837 5.33178819792479E-005 627311243809505 4.90607938020862E-005 589318461200266 4.54152223392865E-005 537275261219522 4.14921677107679E-005 447499320366370 3.53845164034624E-005
1347907270957080 0.0001062872 1284606622560610 0.0001019231 1290572251965890 9.94240763112941E-005 1200241178502920 9.31590662200261E-005 1047716267483030 8.36444164474884E-005 1013930166109550 7.81356361015795E-005 907019815772816 7.26588315123862E-005 878876964122356 6.82417683506625E-005 771475276150096 6.24422553687034E-005 740843232332281 5.84658682797068E-005 669462124133101 5.26196919355644E-005 588554010729674 4.83273569569045E-005 553397019870857 4.47689069464481E-005 504866931913715 4.09995694781884E-005 421958337673398 3.5041456703028E-005
1270186931091810 0.0001050047 1211388639866150 0.0001008396 1213757129986570 9.82805747427012E-005 1131939020969150 9.21202883167703E-005 985006408096687 8.25718021921297E-005 954194382194541 7.71986925172798E-005 854015818304651 7.18628826159366E-005 826440995970142 6.73152999127907E-005 722835942017405 6.14525012458343E-005 696726898331835 5.77787019438793E-005 630857824444013 5.19812569252718E-005 550425560222143 4.74996697395667E-005 519818727491663 4.415466336952E-005 471431210436411 4.01951799988789E-005 395562562247333 3.44758379416023E-005
1195115955324910 0.0001036884 1138541437834660 9.9736132881036E-005 1141451815465610 0.000097128 1062070692668500 9.09762502369659E-005 924673260816509 8.15713145500667E-005 897201496198294 0.000076343 802200234960677 7.0927083531233E-005 775715765228819 6.63610898263069E-005 682585623114556 6.103437303401E-005 651445281527073 5.67013034846472E-005 592515827106164 0.000051261 518111834469049 4.69634011827935E-005 486859404381272 4.34324804654708E-005 442072598942729 3.95952032369897E-005 369634442045838 3.38453479793187E-005
1127133368461480 0.0001028991 1071300373625270 0.000098699 1075768369140690 9.60768671109307E-005 997806573588993 8.99634797233834E-005 868649770045304 8.02881413783138E-005 843731778457613 0.000075337 752873062043961 6.99151712252287E-005 729692555776309 6.56844611285286E-005 640005490929977 6.00768883230555E-005 608762969353430 5.57418882840322E-005 552040139438012 5.00941722136613E-005 486184419628941 4.63458760633673E-005 455843056904075 4.26949278861848E-005 417231076745968 3.93548187521635E-005 346770608412039 3.33219067889578E-005
1056918085946970 0.0001013966 1014019755541950 9.81065765140679E-005 1006367561259570 9.44672026095654E-005 943712493977464 8.93243804272522E-005 817747021843727 7.93772746689148E-005 790397029767569 7.41377095477096E-005 706571523786332 6.8782072679336E-005 683978185696931 6.46507726299352E-005 601858777021438 5.91441184106597E-005 572205569049020 5.50755439342969E-005 520183440104236 4.97314179456625E-005 458446416571199 4.58952901013379E-005 425055206078415 4.18410640681787E-005 391968432935060 3.87717454757818E-005 324034467606480 0.000032756
997584202233706 0.0001006404 953872887127901 9.66555690780341E-005 947807357109094 9.36670926318198E-005 885046379709062 8.80639264419164E-005 768462904203446 7.8386486198387E-005 743461513589780 7.33737872678014E-005 663087397559858 6.78991698317654E-005 647164011417494 0.000064284 563497884746137 5.8183239204972E-005 543195250773943 5.49702221530895E-005 484774232688579 4.87122167093425E-005 429937701424652 4.5201269450249E-005 398564755654291 4.11598173253704E-005 367564659912309 3.81187054682725E-005 301783714180183 0.000032063
938798467623057 9.95839247066392E-005 892567621438349 9.51841692357995E-005 887206655378532 9.22419040852205E-005 828248514150924 8.64916739375888E-005 722393055999431 7.75266189707307E-005 696013785207879 7.21739071961373E-005 620013747650782 6.67183486702569E-005 604615020767508 6.3059944979135E-005 525373637494344 5.70185932963401E-005 508480433517968 0.000054039 459077275998429 0.000048369 402135800042602 4.4390433327566E-005 371524605232268 4.0383229304041E-005 340389695524286 3.70432852785672E-005 284296418020692 3.17088117476409E-005
884101415908131 0.000098524 834859821701804 9.32776305143403E-005 835402945142559 9.1038268092684E-005 777942665240699 8.53697089270568E-005 676991347506068 7.61616848588528E-005 655564763374203 7.14306556589231E-005 585470345700892 6.62263942144341E-005 565916222748911 6.18291534680327E-005 493759656674303 5.63152502502879E-005 471186249021531 5.25244240138561E-005 427050454976885 4.72328316530763E-005 378201935268278 4.37846411847585E-005 351534019756677 4.01506867814824E-005 320832097749966 0.000036757 264637960521096 0.000031103
830079319987154 9.70240513890043E-005 789840783537430 9.29103140356411E-005 785776325888305 8.99330689589469E-005 728294480321692 8.40276784995663E-005 635392464678725 7.49684812696387E-005 613121251795701 7.00402330375383E-005 549027771777910 6.52348015694887E-005 535215032885652 0.000061388 463215986848638 0.000055648 444888281354204 5.2161817969399E-005 399399899638742 4.64170559980069E-005 354338016240198 4.31733103311864E-005 332018726670925 3.99132568325917E-005 300258524949194 3.61707448959716E-005 248774139642155 3.06558403788949E-005
778294593930976 9.56840780311075E-005 738114091017055 9.10524012360856E-005 733167687679555 8.82037384632374E-005 685933079264177 8.31622592760517E-005 595221600550628 7.38571997706147E-005 575761409854697 6.91381236157866E-005 512333704390281 6.40297150938124E-005 501668259571062 6.06377419068532E-005 435885499284911 5.49173747239735E-005 417986041202791 0.000051603 373268971615273 4.57691940883201E-005 333662925071139 4.26207310060833E-005 307892103991467 3.87681266361219E-005 280755727612295 3.55896487566178E-005 234293024261246 3.03301970026605E-005
727790504979584 9.41653490224565E-005 682623708803244 8.85424615028046E-005 688874460388624 8.69762208458011E-005 643799154814647 8.21065212936042E-005 555538768077515 0.00007252 536617722040804 6.76813256386327E-005 482388173821777 6.33209433540103E-005 468164753243438 5.9538509475912E-005 408765453393796 5.42511900592296E-005 392217258714920 5.08317065183782E-005 349582956495804 4.48937007679362E-005 315835367788392 4.24473669418481E-005 289882797168303 3.83371208808156E-005 264399668111817 3.52167188470725E-005 218706869289316 2.98552002146156E-005
686289596000127 9.34994250381673E-005 644698775860180 0.000088067 641411034986735 8.5354713709055E-005 603603795319946 8.05166135389258E-005 516508583371057 7.09603982612733E-005 507136540866337 6.73244638699487E-005 451086705028139 6.24061593640745E-005 441675878509457 5.88684370966643E-005 379448439312282 5.28490602394531E-005 366732665121103 5.00106529009423E-005 329460786047386 4.46624735414063E-005 296635942988175 4.1912841496021E-005 272308724822338 3.79478008398804E-005 251245325972267 3.51808242563028E-005 204618740201941 2.92843987567132E-005
643000660071457 9.24747596747643E-005 605321917490904 8.73273367557433E-005 603593529328123 8.46840736462449E-005 565400785209995 7.94705435203017E-005 483007139107727 6.98305035196509E-005 470065920866176 6.56822808758656E-005 425567831854001 6.17014391455914E-005 415121840942697 5.79989034737946E-005 361663367712326 5.3022936891778E-005 348579404516134 4.9994540182595E-005 309749697995038 4.40193129367939E-005 273839166316261 0.000040668 255411020847325 3.74242266811373E-005 235963753421470 3.47084268294009E-005 192789613599167 2.90462730316223E-005
612609190778786 0.000092616 565919364155045 8.58025444222857E-005 570140453216093 8.40027727028134E-005 529362121891818 7.82426577123485E-005 453703231793411 6.92088375713574E-005 440548136454743 6.48757464027472E-005 399628290938681 6.10505086522443E-005 384602347959655 5.67701188580991E-005 333744725805753 5.16324770644594E-005 325763408990373 4.90084409546635E-005 292965548127635 4.37877074360122E-005 254472589091608 3.98413247294087E-005 239153328275594 3.68153370254585E-005 217850885398784 3.37294996862301E-005 180885870525469 2.86417982547482E-005
569531667122211 9.03126446784093E-005 533856923791375 8.50019021284412E-005 533136458744200 8.26277388497083E-005 494185387584972 0.00007696 425850863062396 6.82316193771029E-005 416113488917020 6.44923514300557E-005 375296603610667 6.04767031604864E-005 361491358511655 5.61999252377815E-005 311284598297501 5.0486716658779E-005 304910739234008 4.82157872335946E-005 269388135973939 4.24427570230988E-005 240857326441556 3.96952234617134E-005 226250976381346 3.67376160915476E-005 205714753123806 0.000033495 168995550058679 0.00002825
527106781638252 8.76577124243164E-005 501111657170546 8.4167279869707E-005 496293115606997 8.09124658987672E-005 461871292714314 7.57235621259865E-005 395620573487249 0.000066745 385665109851881 6.30371162641752E-005 351632176452572 5.92910854351876E-005 343423046073851 5.62067634907299E-005 295378333528044 5.04605092556652E-005 287362088743873 0.000047893 255620973461937 4.2430408738465E-005 228311856087887 3.96550961703538E-005 212639243413736 3.63647495978185E-005 193785557611598 3.32015651349719E-005 159441084468022 2.80074129690148E-005
498151813579938 8.78021624469315E-005 467363735826664 8.26008111908353E-005 467253742445672 8.02349342906578E-005 435172574369302 7.53353502418973E-005 374702738497308 6.64489252361852E-005 365021991038470 6.26208141212678E-005 328433644023891 0.000058388 319558456479828 5.50015624121654E-005 274070543857209 4.93422142070186E-005 267812905799759 4.7017390675002E-005 242638464174167 4.2238898982411E-005 215631984732607 3.93802241939693E-005 198458508249437 3.55817661087042E-005 182642809274247 3.29614124969898E-005 151539967661566 2.80076072029867E-005
467261998618213 8.67518264330909E-005 436933532956152 8.14035307364989E-005 439347517676295 0.000079338 407263513386168 7.41889168490532E-005 346382134465617 6.51017147746542E-005 341851385441604 6.17328390717013E-005 307378874597984 5.75048132775297E-005 299604815143410 0.000054269 258903644942014 4.88949016411308E-005 254918062908351 4.70641203703887E-005 225036101239397 4.13335909359533E-005 203909386380241 3.91915523157648E-005 183951274468051 3.47260543508328E-005 169931392521201 3.22473297917634E-005 140420087935485 2.72256760383844E-005
438891646401559 8.59393461771983E-005 411617335265102 0.000080929 411833784702085 0.000078254 380434840798052 7.31514143786357E-005 327736794984547 0.000064508 318338818756988 6.05578360307333E-005 289494304924544 5.70766279656373E-005 280044528836361 5.3684833200243E-005 244944681543807 4.89375206813395E-005 234398056726096 4.55883366470866E-005 208186629323721 4.02371005518666E-005 188889128651657 3.82824819930029E-005 170042711412660 3.39315047810688E-005 160520048195757 3.21455345911734E-005 133209306812886 2.73713099261741E-005
413301637360628 8.5305506982309E-005 382780268447856 7.92811340742532E-005 377643628820487 7.54186113617554E-005 350934835359371 7.14104190846628E-005 302242998960593 6.28275356909999E-005 296715071437906 5.98421067918863E-005 271378323813090 5.64544236766304E-005 262558575276385 5.28087037304257E-005 226526989835522 4.7427076676824E-005 221947095567188 4.56367872103602E-005 198979662040850 4.04221223323294E-005 176318493342888 3.75872928539899E-005 158100579194870 3.33127566681271E-005 151792769022590 3.21208847584094E-005 122082574445884 2.62771227419525E-005
390016746660394 8.46704935230338E-005 354481573017899 7.72855158520742E-005 355155817882732 7.51991927072996E-005 337806350127828 7.24023593239814E-005 279278079182082 6.10834315805315E-005 282465085765124 5.98852861502042E-005 252442921775853 0.00005534 245741996373023 5.2223789133791E-005 211841595552781 4.69005672346652E-005 207495495609923 0.000044623 184930633943074 0.00003975 165611134925887 3.70821598017264E-005 150749997132874 3.36018064407698E-005 141883411822677 3.15818183174335E-005 113806058023588 0.000025779
361035140496555 8.25522893316836E-005 332311657325041 7.6740508344325E-005 336920444982045 7.55402412543821E-005 318067397568656 7.18145938648226E-005 270140454101322 6.22772755019376E-005 264756132654326 5.95916549607044E-005 241777029023260 5.5771521375686E-005 229966144776084 5.14225135163423E-005 197124469069275 4.62786624509629E-005 195107184827275 4.45416386106391E-005 172163981785260 3.89168910392556E-005 156979349314769 3.7236514685089E-005 142243262764838 3.34519481712063E-005 134040133929522 3.14426410606458E-005 105129014300300 2.52374504443717E-005
336172942243093 8.10178942598292E-005 310027172151399 7.56605852819631E-005 311581353720753 7.35733280508996E-005 292374386614646 6.94281147702608E-005 241557435849061 0.000059057 248819493198911 5.86752902869682E-005 219039673156883 5.31075710285147E-005 214576777439057 5.05550961024301E-005 189219164150330 4.68716059958164E-005 182979613341319 4.40668634392288E-005 164056392256689 0.000039137 149042363215839 3.72104203095256E-005 133777555782481 3.31981639155023E-005 124790963277199 3.09556191914803E-005 100312421108554 2.54238381092095E-005
314216000719506 7.98321784135041E-005 290390431481208 7.45478431206601E-005 296193349544969 7.38055856314002E-005 282548778531366 7.03371254456641E-005 225216881849724 5.7677403486193E-005 231756570071164 5.77861746628153E-005 206821430630562 5.30716286773044E-005 197942258383290 4.90313411098292E-005 175007489545926 4.56679193331706E-005 174077710098710 4.40617672016677E-005 150159492255186 3.78281986945439E-005 138793099736426 3.67532074787093E-005 125113486599790 0.000032679 117314513787468 3.05524544150874E-005 92904360815706.8 2.48462199437009E-005
294891015120497 7.96699279748263E-005 269099189183115 7.32196171432447E-005 274809630613249 7.20996000580809E-005 260571512456065 6.84685363121402E-005 217566062117403 5.9499378651103E-005 216102392393000 5.67474846986747E-005 195739449812513 5.36356459842167E-005 191237328346566 5.00271900831767E-005 165216931363087 4.53932155716734E-005 161049153757449 4.30522110365404E-005 144213091376755 3.82475293374542E-005 131085774223679 3.65297491302415E-005 117070851143209 0.000032196 114204036603635 3.1475171271094E-005 84717255660120.9 2.38564472681061E-005
275510583545574 7.89982690809592E-005 252436738568504 7.24901427829495E-005 254665774167297 7.06926342878182E-005 238554515445011 6.57643131967561E-005 197936354752818 5.68363194659721E-005 202421752906559 5.63193689215466E-005 181724504870998 0.000052192 172997282629753 4.80092024106223E-005 151248330633722 4.44010522236773E-005 157125981914647 4.43203459587288E-005 133441717449558 3.77059225520657E-005 122480007968318 3.60132573229871E-005 108285554690460 3.14578352408022E-005 103533235624895 3.01215917183101E-005 81107387371609.9 2.41856857168698E-005
258151244758103 7.82338860295755E-005 237319804822498 0.000071711 244080158908838 7.19384708787732E-005 226764662163231 6.68709386957629E-005 188562182995659 0.000057592 188543472467285 5.5227189313697E-005 177953916862280 5.42751655611143E-005 165373080710115 4.83829009307339E-005 146315825178104 4.50628219106116E-005 145696983569731 4.37304248110993E-005 126967912693069 3.7716876441011E-005 112544825274338 3.50204012343278E-005 102909520223569 3.18503090033886E-005 94666820262537.2 2.92373572469859E-005 73690460933525.9 2.32898961703377E-005
246629669700964 7.83406796914842E-005 217092200445948 0.0000698 228790147089698 7.13123372324923E-005 207052569728725 6.47775081812597E-005 171665883109531 0.000054999 174984410240810 5.43936656164107E-005 160185202623473 5.13923126728129E-005 155057056293363 4.83259341676256E-005 138612464685276 4.48647435250791E-005 135903023706866 0.000042742 117857289238881 0.000037063 105181088889312 0.000034785 97911237121938.4 3.20276350315284E-005 90157981764877.8 2.95649461811427E-005 70755458155712.5 2.35696261261533E-005
230023459875976 7.72072102117606E-005 207816012093702 0.000070857 213447978055886 6.93617041777978E-005 200289818347786 6.60936346951379E-005 163116238350354 5.54087282428412E-005 165659679210957 5.43873754836022E-005 153092912434455 5.17438712593072E-005 145908683557363 4.76566318540575E-005 126032118295259 4.31016155703241E-005 126448936835128 4.19512104713122E-005 110550523699399 3.6715523097246E-005 99697910816997.6 3.48954823348949E-005 86665974175966.2 2.99081923642703E-005 86929225221450.7 2.98660646569412E-005 69709400525524 2.45575555419441E-005
215301290116237 7.6805121695426E-005 193492988103705 7.01228008342931E-005 199947577034517 0.000068974 189394863999175 6.64012739170617E-005 152676559814564 0.000055105 157780066287003 0.000054676 139503917338214 5.00625746337145E-005 134492121780779 4.6223768027722E-005 114781537693291 4.15717824832175E-005 118582473599748 0.000041628 102218113576066 3.58574985729124E-005 95011410713487.9 3.51282048690325E-005 83678709229895.1 3.05269014110171E-005 81945363452841 2.98593042465778E-005 64163141544923.7 2.39493654703569E-005
193968050925017 7.25029371591774E-005 179176883521385 6.87598280729626E-005 184379829933714 6.70535375149799E-005 177571601055447 6.51456484944537E-005 143864355524081 5.47901624831623E-005 145632664657446 5.35184294551576E-005 130222357334820 4.88317100140974E-005 125402858860297 4.55858593159445E-005 109863173377756 0.000042199 110680208555374 4.1336876163507E-005 95304595157069.3 3.52665274579803E-005 86904436115766 3.39927999759591E-005 81506901541466.4 3.13477816640154E-005 77890427719598.4 2.97106056865803E-005 59549733263458.2 2.35606915680282E-005
187951657391014 7.38715382109525E-005 173171821424600 6.99661759772327E-005 169980456085729 6.60482487517904E-005 164942089058725 6.3995733275391E-005 138244244079162 5.55084343582724E-005 135756866410264 5.23812191178578E-005 124120076778930 4.99144818280776E-005 119562016396826 4.59583947001245E-005 103980415776883 4.29217724700173E-005 101536668256186 4.01302865396777E-005 90303534202923.5 3.55550748714475E-005 83519782400382.6 3.44123404943598E-005 75978231979228.2 3.09894033394263E-005 73199413506250.4 0.000029829 56389325825649.6 2.33426428947987E-005
171983225544579 0.000072482 159060078202796 6.87196877330978E-005 162053756314865 6.71624024303766E-005 148016670053408 6.10658931838784E-005 125065437628646 5.320081336015E-005 131490229472517 5.40519332685447E-005 110702527399406 0.000047206 105204528944819 4.29214350722061E-005 101478203463670 4.4120326124301E-005 98088680114853.5 4.12242695333221E-005 86679240012540.6 3.61895237128318E-005 80317001747463.2 3.50425766556024E-005 66964302299966.4 2.87960902812126E-005 68702787251078.9 2.96837069809346E-005 54099898148273.9 2.39193307095444E-005
159162524985044 0.000071125 144766334489052 6.60933248035587E-005 152238996045120 6.63494030119862E-005 142320114520044 6.24364560696771E-005 115241688335734 5.21313701384971E-005 116794179980902 5.0878261746907E-005 107874336079899 4.84866844563005E-005 99187703556521 4.32378194076427E-005 100074532247902 4.5952832660178E-005 94060155728197.3 4.2069147249162E-005 79776781494782 3.49882748110065E-005 73482066326493.2 3.38953644205735E-005 66490195195647.9 3.05508658460091E-005 60514799283316.6 2.77058836529568E-005 45501501107646.4 2.11894180790183E-005
157427636193525 0.000075192 138962361587060 6.77859043013887E-005 148704693806555 6.88195100775055E-005 133429223175518 6.26851366456519E-005 111950008564060 5.41815488317912E-005 112686187577343 0.000051797 105631764715178 5.05851152785657E-005 96226784814166.9 4.44375133042732E-005 87751749826056.9 0.000042698 85884425992388.3 4.06165734316612E-005 73831887527411.4 3.43426385489227E-005 67408064957185.2 0.000033262 64797229486570.6 3.16575445463851E-005 57586146124002.1 2.80580662758995E-005 43939725689345.2 2.17271949453695E-005
142212854516688 7.20777659871292E-005 130418001989170 6.79924040938657E-005 128790693540738 6.32288732930145E-005 124542532588011 6.20181776048308E-005 108605878297461 5.56590733557029E-005 108784315575378 5.38197306333785E-005 93547238034028.6 4.71543583909592E-005 92480271240437.1 4.52921895425213E-005 81485959269837 4.22030506537717E-005 83271391106090.4 4.18344445236705E-005 70518222040753.4 3.48636560198057E-005 65396306560187.4 0.00003454 60972587866905.5 3.13662975852271E-005 56345063881124.4 2.93943531356185E-005 41800301029689.8 2.22743555405468E-005
129141976898901 6.8346808357091E-005 117161748201265 6.48391793278501E-005 124773142860494 6.55545996894595E-005 120188190674729 6.33618490157297E-005 97175722062536.4 5.21289124477147E-005 99393056332573 5.12987653449069E-005 85464637341940.4 4.57542304783747E-005 79169262090557.5 4.1108261437985E-005 79033181738688 4.35811850313738E-005 78461474803072.7 4.13131140375852E-005 68119559962794.3 3.57635865889144E-005 61266742615300.9 3.43655994104159E-005 58672065446955.9 3.18321932206094E-005 51383248226792.4 2.87576888856779E-005 41019918286339.9 0.000023034
127275303594925 7.32566881423973E-005 111619811475769 0.00006527 115828872205033 6.53007330515335E-005 113861664775144 6.41848689066957E-005 87962472076874 5.06608663722897E-005 96469287016450.9 5.34647726407753E-005 81522610972817.6 4.67733811523033E-005 77229342799735.7 4.20654768882394E-005 74742286051217.9 4.36557537535826E-005 72659405848736.2 4.10666030945455E-005 60927516702317.2 0.000033745 59543800234447.3 3.49353870320002E-005 50221086299523.3 2.91668965799462E-005 49475951375918.5 2.87975865834016E-005 38073114983681.9 2.25298823826038E-005
120543278651441 7.25101925604179E-005 104869923895943 6.49496112236142E-005 111875236364281 6.6210209308925E-005 105101153838796 6.28126949592633E-005 85969676335426.7 5.31043480599703E-005 86574130118601.7 5.04184237645627E-005 74615051784090.2 4.53493653235209E-005 74366246911340.8 4.35414540527301E-005 65072443623522.7 4.06093360094877E-005 64170078742218.2 3.82258711171438E-005 56554653964575 3.35295320862779E-005 50827537263551.7 3.20082852317364E-005 48532231175033.3 3.00224177497642E-005 45504477284762.4 2.8435808176372E-005 33310224587328.3 2.10123058321933E-005
114546376767432 7.19746152386324E-005 102577912352699 6.72771287614386E-005 101296154351765 6.48085139314092E-005 105623235802506 6.61459145527129E-005 79724130665080.1 5.1909433973857E-005 85446558939331.3 0.000052655 65476217566408.8 4.23873165612146E-005 63198506452229.9 3.92575549892417E-005 63192101263440.3 4.23983976627008E-005 63880334380334 4.05389129721507E-005 54692165285733.8 0.000034562 49035452155007.7 3.24786088246694E-005 44919651505753.6 3.00316870031253E-005 41567572218516 2.74703172070129E-005 32646757858004.8 0.000022065
98962631903625.1 6.67207247533696E-005 87878629172882.9 6.15249249877724E-005 98075172930776.6 6.62431249522948E-005 95533648112965.5 0.00006342 72459197517987.2 5.0856140170939E-005 77505753966433 5.05380621785515E-005 63192721604603.1 4.38802604956901E-005 58356864236587.1 3.86938177779876E-005 60131843365371.3 4.3096544088478E-005 59163033319593.2 4.05388599816887E-005 54008113275386.6 3.67577690423432E-005 46957261799316.3 3.35994069443488E-005 45695972399757.4 3.21343082640078E-005 40710702920633.8 2.86324080577442E-005 29186774225621.7 2.08608674088052E-005
92972278825323 0.000065652 86860881217006.6 6.44976753227093E-005 93153519650614.6 6.71401598831394E-005 84060146769427.2 5.9039735898068E-005 72028728321269.1 5.40789027862132E-005 72436455787291.8 0.000050229 60084043526867.4 0.000044588 56144279922700 0.000039869 58602095699748.7 0.000044139 56557187185201.8 4.10654161000132E-005 51120603694055.1 0.000036649 43268301288016.5 3.274746676241E-005 43738430271932.9 3.23034708143513E-005 38331333548012.5 2.85317004143236E-005 27342694042775.6 2.1032342951573E-005
90443537885120.9 6.98247949027983E-005 80883298644847.4 6.66660613217606E-005 83193263785928.8 6.24819275353223E-005 80932545240135.7 0.000061183 69984667516115.8 5.51398442651798E-005 66243572272423 4.88708213488061E-005 58044462043402 0.000046034 53655816618654.3 4.14484774942252E-005 53883454206008.6 4.38445732779611E-005 54737760859577.3 4.20228635528496E-005 49981059057026.7 3.7760532040985E-005 40511946602714.3 3.26500714454111E-005 39555520283487.2 3.0999127517164E-005 36016519135700.2 2.84495152637244E-005 26449772194609.8 2.12151712985441E-005
81595946117416 6.58394857838824E-005 80056729414222.8 6.90321858412453E-005 82828942301138 6.66792137423472E-005 76416039551673.5 6.26416136062158E-005 65897330770320.1 5.6156414838701E-005 60463114710464.8 0.000048773 51443042772893.7 4.34937685303974E-005 50016502184697.5 4.07272481387011E-005 52442080172573.9 4.47889350649699E-005 51637268947523.4 4.2316712025712E-005 47436901931521.5 3.80032342889421E-005 33180064603657.3 2.81522751070025E-005 36285640089836 3.02149298342152E-005 30725094151871.3 2.55542962443509E-005 26881842656070.6 2.34295668613918E-005
82660021862882.4 7.06434134778307E-005 76179007666695.5 6.94701839888683E-005 71904443143391.7 6.17437134757694E-005 74042498559501.8 6.32571490790456E-005 61542654338053.1 5.56371702577433E-005 59644940984546.2 5.10945062801329E-005 48629127542143.4 4.33326826545336E-005 49279555081474 4.16968439896625E-005 48774454159830.2 4.42098400113599E-005 42054499322299.7 3.58056495029752E-005 39354895727999 3.35531816585335E-005 32286520753808.3 2.98418200092327E-005 33859826518472.7 3.0719214612638E-005 31548491451777.1 2.88918072658318E-005 26132991744538 2.4237320617022E-005
71024607898140 6.46509367816915E-005 71412607368000.1 6.93606365856629E-005 67294365955901.8 6.17534330366871E-005 68833864096753.3 6.4144123248674E-005 59446539573983 5.66196297834417E-005 59082455957753.8 0.000053333 42131232669611.4 4.0395135250502E-005 43248639523627 3.88104388193849E-005 51001038984731.3 0.000049705 40857538692614.1 3.76049164171003E-005 37155872060269.1 3.44496936967252E-005 30857298112464 3.00778087362621E-005 32411624770957.9 3.16575508818565E-005 27970890474342.3 2.71838583941719E-005 25960251382945.2 2.57102897505214E-005
61655933622390.8 5.91874291930705E-005 67918107988153.4 7.0265646081274E-005 64080289143476.1 6.42962525098508E-005 61660765187091.7 6.03092640021359E-005 57834453625204.2 5.88092242968196E-005 56577130538420 5.41419377868782E-005 40047132917576.4 4.15605327697615E-005 35198889371544.2 0.000033637 41705712198602.8 4.27514293897122E-005 37762877910808.8 3.82581378642504E-005 38520648261681.2 3.83113197094577E-005 31428983989500.7 3.25476400873179E-005 31064783404136.9 3.18888045688814E-005 25756225181762.1 2.66841769238247E-005 24952516219816.5 2.61220900825086E-005
63515826406555.1 6.59774977774202E-005 64233998733355.9 7.08825916718536E-005 63473922201534 6.84610689383649E-005 62643964443850.3 6.66022643514484E-005 46287789932291.4 0.000050096 45642752117570.3 4.82464793675496E-005 37721351233360.4 4.22701329220845E-005 33590061060974 3.51146136062958E-005 42752546273283.5 4.74553850114128E-005 38092888129970.8 4.11107940789779E-005 35980941112614.9 3.79145536717165E-005 29749961425173.8 3.29447472200074E-005 30694488180460.2 3.37426834813243E-005 24396360068788.1 2.75336761403459E-005 20061967632947.2 2.21921112413827E-005
