Temperature, Et, tn0, k, chi2
463, 0.0461313, 1.29877e-08, 10930.6, 0.000311311
463, 0.0569086, 1.70148e-08, 8343.28, 0.000311311
463, 0.067686, 2.22902e-08, 6368.45, 0.000311311
463, 0.0784634, 2.92006e-08, 4861.09, 0.000311311
463, 0.0892408, 3.82526e-08, 3710.54, 0.000311311
463, 0.100018, 5.01091e-08, 2832.34, 0.000311311
463, 0.110796, 6.56378e-08, 2162.02, 0.000311311
463, 0.121573, 8.59742e-08, 1650.38, 0.000311311
463, 0.13235, 1.12603e-07, 1259.85, 0.000311311
463, 0.143128, 1.47467e-07, 961.763, 0.000311311
463, 0.153905, 1.93102e-07, 734.238, 0.000311311
463, 0.164682, 2.52819e-07, 560.571, 0.000311311
463, 0.17546, 3.30936e-07, 428.014, 0.000311311
463, 0.186237, 4.33072e-07, 326.835, 0.000311311
463, 0.197015, 5.6653e-07, 249.606, 0.000311311
463, 0.207792, 7.40775e-07, 190.659, 0.000311311
463, 0.218569, 9.68029e-07, 145.665, 0.000311311
463, 0.229347, 1.26401e-06, 111.322, 0.000311311
463, 0.240124, 1.64881e-06, 85.1083, 0.000311311
463, 0.250901, 2.1479e-06, 65.0998, 0.000311311
463, 0.261679, 2.79329e-06, 49.8276, 0.000311311
463, 0.272456, 3.62456e-06, 38.1705, 0.000311311
463, 0.283234, 4.68988e-06, 29.2728, 0.000311311
463, 0.294011, 6.04633e-06, 22.4814, 0.000311311
463, 0.304788, 7.7593e-06, 17.2975, 0.000311311
463, 0.315566, 9.90016e-06, 13.3408, 0.000311311
463, 0.326343, 1.25413e-05, 10.3206, 0.000311311
463, 0.33712, 1.57481e-05, 8.01543, 0.000311311
463, 0.347898, 1.9567e-05, 6.25588, 0.000311311
463, 0.358675, 2.40114e-05, 4.91285, 0.000311311
463, 0.369453, 2.90474e-05, 3.88773, 0.000311311
463, 0.38023, 3.45839e-05, 3.10527, 0.000311311
463, 0.391007, 4.04717e-05, 2.50803, 0.000311311
463, 0.401785, 4.65165e-05, 2.05216, 0.000311311
463, 0.412562, 5.25019e-05, 1.70421, 0.000311311
463, 0.423339, 5.82199e-05, 1.43862, 0.000311311
463, 0.434117, 6.34985e-05, 1.2359, 0.000311311
463, 0.444894, 6.82196e-05, 1.08116, 0.000311311
463, 0.455672, 7.2324e-05, 0.963056, 0.000311311
463, 0.466449, 7.58051e-05, 0.872907, 0.000311311
463, 0.477226, 7.86964e-05, 0.804098, 0.000311311
463, 0.488004, 8.10561e-05, 0.751577, 0.000311311
463, 0.498781, 8.29547e-05, 0.711488, 0.000311311
463, 0.509558, 8.44648e-05, 0.68089, 0.000311311
463, 0.520336, 8.56549e-05, 0.657534, 0.000311311
463, 0.531113, 8.65862e-05, 0.639708, 0.000311311
463, 0.541891, 8.73107e-05, 0.626101, 0.000311311
463, 0.552668, 8.78719e-05, 0.615716, 0.000311311
463, 0.563445, 8.83051e-05, 0.60779, 0.000311311
463, 0.574223, 8.86386e-05, 0.60174, 0.000311311
463, 0.585, 8.88948e-05, 0.597124, 0.000311311
463, 0.595777, 8.90912e-05, 0.593602, 0.000311311
463, 0.606555, 8.92417e-05, 0.590915, 0.000311311
463, 0.617332, 8.93568e-05, 0.588867, 0.000311311
463, 0.628109, 8.94446e-05, 0.587306, 0.000311311
463, 0.638887, 8.95116e-05, 0.586119, 0.000311311
463, 0.649664, 8.95625e-05, 0.585217, 0.000311311
463, 0.660442, 8.9601e-05, 0.584536, 0.000311311
463, 0.671219, 8.96299e-05, 0.584025, 0.000311311
463, 0.681996, 8.96513e-05, 0.583646, 0.000311311
463, 0.692774, 8.96668e-05, 0.583372, 0.000311311
463, 0.703551, 8.96776e-05, 0.583182, 0.000311311
463, 0.714328, 8.96843e-05, 0.583063, 0.000311311
463, 0.725106, 8.96876e-05, 0.583006, 0.000311311
463, 0.735883, 8.96875e-05, 0.583007, 0.000311311
463, 0.746661, 8.96842e-05, 0.583065, 0.000311311
463, 0.757438, 8.96774e-05, 0.583185, 0.000311311
463, 0.768215, 8.96666e-05, 0.583376, 0.000311311
463, 0.778993, 8.96509e-05, 0.583653, 0.000311311
463, 0.78977, 8.96293e-05, 0.584035, 0.000311311
463, 0.800547, 8.96001e-05, 0.584552, 0.000311311
463, 0.811325, 8.95611e-05, 0.585242, 0.000311311
463, 0.822102, 8.95094e-05, 0.586157, 0.000311311
463, 0.83288, 8.94412e-05, 0.587367, 0.000311311
463, 0.843657, 8.93512e-05, 0.588965, 0.000311311
463, 0.854434, 8.92327e-05, 0.591075, 0.000311311
463, 0.865212, 8.90765e-05, 0.593866, 0.000311311
463, 0.875989, 8.88702e-05, 0.597566, 0.000311311
463, 0.886766, 8.85974e-05, 0.602484, 0.000311311
463, 0.897544, 8.82357e-05, 0.609054, 0.000311311
463, 0.908321, 8.77542e-05, 0.617882, 0.000311311
463, 0.919099, 8.71102e-05, 0.629843, 0.000311311
463, 0.929876, 8.62429e-05, 0.646234, 0.000311311
463, 0.940653, 8.50642e-05, 0.669044, 0.000311311
463, 0.951431, 8.34424e-05, 0.701485, 0.000311311
463, 0.962208, 8.11723e-05, 0.74907, 0.000311311
463, 0.972985, 7.79174e-05, 0.822135, 0.000311311
463, 0.983763, 7.30859e-05, 0.94259, 0.000311311
463, 0.99454, 6.55323e-05, 1.1665, 0.000311311
463, 1.00532, 5.27089e-05, 1.69359, 0.000311311
463, 1.01609, 2.75643e-05, 4.15072, 0.000311311
463, 1.02687, -3.93519e-05, -4.60786, 0.000311311
463, 1.03765, -0.000633775, -1.22402, 0.000311311
463, 1.04843, 0.000377422, -0.623827, 0.000311311
463, 1.0592, 0.000228928, -0.379824, 0.000311311
463, 1.06998, 0.000189588, -0.251133, 0.000311311
463, 1.08076, 0.000171869, -0.173928, 0.000311311
463, 1.09154, 0.000162071, -0.123989, 0.000311311
463, 1.10231, 0.000156034, -0.0900971, 0.000311311
463, 1.11309, 0.000152064, -0.0663398, 0.000311311
463, 1.12387, 0.000149339, -0.0493063, 0.000311311
453, 0.0445656, 1.28853e-08, 11029.1, 0.000306456
453, 0.0553743, 1.69952e-08, 8361.76, 0.000306456
453, 0.066183, 2.24155e-08, 6339.54, 0.000306456
453, 0.0769917, 2.9564e-08, 4806.42, 0.000306456
453, 0.0878003, 3.89912e-08, 3644.09, 0.000306456
453, 0.098609, 5.14226e-08, 2762.89, 0.000306456
453, 0.109418, 6.78144e-08, 2094.82, 0.000306456
453, 0.120226, 8.94258e-08, 1588.32, 0.000306456
453, 0.131035, 1.17915e-07, 1204.33, 0.000306456
453, 0.141844, 1.55464e-07, 913.21, 0.000306456
453, 0.152652, 2.04941e-07, 692.5, 0.000306456
453, 0.163461, 2.70115e-07, 525.171, 0.000306456
453, 0.17427, 3.55928e-07, 398.313, 0.000306456
453, 0.185079, 4.68854e-07, 302.136, 0.000306456
453, 0.195887, 6.17349e-07, 229.221, 0.000306456
453, 0.206696, 8.12426e-07, 173.941, 0.000306456
453, 0.217505, 1.06837e-06, 132.031, 0.000306456
453, 0.228313, 1.40362e-06, 100.257, 0.000306456
453, 0.239122, 1.84177e-06, 76.1685, 0.000306456
453, 0.249931, 2.41278e-06, 57.9058, 0.000306456
453, 0.260739, 3.15416e-06, 44.0601, 0.000306456
453, 0.271548, 4.11208e-06, 33.5631, 0.000306456
453, 0.282357, 5.3421e-06, 25.605, 0.000306456
453, 0.293165, 6.90888e-06, 19.5716, 0.000306456
453, 0.303974, 8.88433e-06, 14.9974, 0.000306456
453, 0.314783, 1.13433e-05, 11.5296, 0.000306456
453, 0.325591, 1.43555e-05, 8.90047, 0.000306456
453, 0.3364, 1.79742e-05, 6.90724, 0.000306456
453, 0.347209, 2.22209e-05, 5.39609, 0.000306456
453, 0.358018, 2.70696e-05, 4.25042, 0.000306456
453, 0.368826, 3.24353e-05, 3.38185, 0.000306456
453, 0.379635, 3.81717e-05, 2.72335, 0.000306456
453, 0.390444, 4.40824e-05, 2.22411, 0.000306456
453, 0.401252, 4.99456e-05, 1.84562, 0.000306456
453, 0.412061, 5.55469e-05, 1.55868, 0.000306456
453, 0.42287, 6.07085e-05, 1.34113, 0.000306456
453, 0.433678, 6.53095e-05, 1.1762, 0.000306456
453, 0.444487, 6.92909e-05, 1.05116, 0.000306456
453, 0.455296, 7.26484e-05, 0.956361, 0.000306456
453, 0.466104, 7.54191e-05, 0.88449, 0.000306456
453, 0.476913, 7.76647e-05, 0.830003, 0.000306456
453, 0.487722, 7.94583e-05, 0.788694, 0.000306456
453, 0.49853, 8.08743e-05, 0.757376, 0.000306456
453, 0.509339, 8.19819e-05, 0.733632, 0.000306456
453, 0.520148, 8.28421e-05, 0.715632, 0.000306456
453, 0.530957, 8.35064e-05, 0.701985, 0.000306456
453, 0.541765, 8.40171e-05, 0.691639, 0.000306456
453, 0.552574, 8.44084e-05, 0.683796, 0.000306456
453, 0.563383, 8.47075e-05, 0.67785, 0.000306456
453, 0.574191, 8.49357e-05, 0.673343, 0.000306456
453, 0.585, 8.51094e-05, 0.669927, 0.000306456
453, 0.595809, 8.52416e-05, 0.667338, 0.000306456
453, 0.606617, 8.5342e-05, 0.665377, 0.000306456
453, 0.617426, 8.54181e-05, 0.663892, 0.000306456
453, 0.628235, 8.54758e-05, 0.662769, 0.000306456
453, 0.639043, 8.55195e-05, 0.661921, 0.000306456
453, 0.649852, 8.55523e-05, 0.661282, 0.000306456
453, 0.660661, 8.55769e-05, 0.660804, 0.000306456
453, 0.67147, 8.55952e-05, 0.66045, 0.000306456
453, 0.682278, 8.56086e-05, 0.660191, 0.000306456
453, 0.693087, 8.5618e-05, 0.660009, 0.000306456
453, 0.703896, 8.56242e-05, 0.659888, 0.000306456
453, 0.714704, 8.56277e-05, 0.659821, 0.000306456
453, 0.725513, 8.56287e-05, 0.659801, 0.000306456
453, 0.736322, 8.56273e-05, 0.659827, 0.000306456
453, 0.74713, 8.56235e-05, 0.659901, 0.000306456
453, 0.757939, 8.56169e-05, 0.660029, 0.000306456
453, 0.768748, 8.5607e-05, 0.660221, 0.000306456
453, 0.779556, 8.5593e-05, 0.660492, 0.000306456
453, 0.790365, 8.55739e-05, 0.660863, 0.000306456
453, 0.801174, 8.55482e-05, 0.661362, 0.000306456
453, 0.811982, 8.55138e-05, 0.66203, 0.000306456
453, 0.822791, 8.54681e-05, 0.662919, 0.000306456
453, 0.8336, 8.54075e-05, 0.664099, 0.000306456
453, 0.844409, 8.53272e-05, 0.665665, 0.000306456
453, 0.855217, 8.52208e-05, 0.667745, 0.000306456
453, 0.866026, 8.50797e-05, 0.670511, 0.000306456
453, 0.876835, 8.48925e-05, 0.674195, 0.000306456
453, 0.887643, 8.46436e-05, 0.679118, 0.000306456
453, 0.898452, 8.43119e-05, 0.685724, 0.000306456
453, 0.909261, 8.38684e-05, 0.694637, 0.000306456
453, 0.920069, 8.3273e-05, 0.706755, 0.000306456
453, 0.930878, 8.24687e-05, 0.723401, 0.000306456
453, 0.941687, 8.13735e-05, 0.746595, 0.000306456
453, 0.952495, 7.9866e-05, 0.779563, 0.000306456
453, 0.963304, 7.77592e-05, 0.827779, 0.000306456
453, 0.974113, 7.4752e-05, 0.901307, 0.000306456
453, 0.984921, 7.03276e-05, 1.02092, 0.000306456
453, 0.99573, 6.35186e-05, 1.23756, 0.000306456
453, 1.00654, 5.22798e-05, 1.71857, 0.000306456
453, 1.01735, 3.13984e-05, 3.52655, 0.000306456
453, 1.02816, 1.05275e-07, 1299.26, 0.000318954
453, 1.03896, -0.000240892, -1.59, 0.000306456
453, 1.04977, 0.000595459, -0.761316, 0.000306456
453, 1.06058, 0.000258959, -0.451163, 0.000306456
453, 1.07139, 0.00020116, -0.293467, 0.000306456
453, 1.0822, 0.00017785, -0.200862, 0.000306456
453, 1.09301, 0.000165616, -0.141829, 0.000306456
453, 1.10382, 0.000158307, -0.102208, 0.000306456
453, 1.11463, 0.000153598, -0.0746869, 0.000306456
453, 1.12543, 0.000150416, -0.0551129, 0.000306456
443, 0.0430147, 1.30301e-08, 10904.5, 0.000291873
443, 0.0538544, 1.73078e-08, 8209.13, 0.000291873
443, 0.0646941, 2.29896e-08, 6180.04, 0.000291873
443, 0.0755338, 3.05358e-08, 4652.53, 0.000291873
443, 0.0863735, 4.05579e-08, 3502.62, 0.000291873
443, 0.0972133, 5.38672e-08, 2636.96, 0.000291873
443, 0.108053, 7.15402e-08, 1985.29, 0.000291873
443, 0.118893, 9.50048e-08, 1494.71, 0.000291873
443, 0.129732, 1.26154e-07, 1125.4, 0.000291873
443, 0.140572, 1.67496e-07, 847.378, 0.000291873
443, 0.151412, 2.22349e-07, 638.084, 0.000291873
443, 0.162251, 2.95102e-07, 480.527, 0.000291873
443, 0.173091, 3.91548e-07, 361.917, 0.000291873
443, 0.183931, 5.19318e-07, 272.627, 0.000291873
443, 0.194771, 6.88435e-07, 205.41, 0.000291873
443, 0.20561, 9.12018e-07, 154.808, 0.000291873
443, 0.21645, 1.20715e-06, 116.715, 0.000291873
443, 0.22729, 1.59594e-06, 88.0379, 0.000291873
443, 0.238129, 2.10674e-06, 66.4499, 0.000291873
443, 0.248969, 2.77547e-06, 50.1984, 0.000291873
443, 0.259809, 3.64692e-06, 37.9642, 0.000291873
443, 0.270649, 4.77576e-06, 28.7543, 0.000291873
443, 0.281488, 6.2267e-06, 21.821, 0.000291873
443, 0.292328, 8.0731e-06, 16.6016, 0.000291873
443, 0.303168, 1.03932e-05, 12.6724, 0.000291873
443, 0.314007, 1.32623e-05, 9.71451, 0.000291873
443, 0.324847, 1.67416e-05, 7.48778, 0.000291873
443, 0.335687, 2.08617e-05, 5.8115, 0.000291873
443, 0.346526, 2.56054e-05, 4.54958, 0.000291873
443, 0.357366, 3.08938e-05, 3.59961, 0.000291873
443, 0.368206, 3.65815e-05, 2.88446, 0.000291873
443, 0.379046, 4.24672e-05, 2.3461, 0.000291873
443, 0.389885, 4.83198e-05, 1.94081, 0.000291873
443, 0.400725, 5.39131e-05, 1.63572, 0.000291873
443, 0.411565, 5.90596e-05, 1.40604, 0.000291873
443, 0.422404, 6.36323e-05, 1.23313, 0.000291873
443, 0.433244, 6.75708e-05, 1.10297, 0.000291873
443, 0.444084, 7.08731e-05, 1.00498, 0.000291873
443, 0.454924, 7.35802e-05, 0.931219, 0.000291873
443, 0.465763, 7.57586e-05, 0.875689, 0.000291873
443, 0.476603, 7.74855e-05, 0.833885, 0.000291873
443, 0.487443, 7.88384e-05, 0.802416, 0.000291873
443, 0.498282, 7.98884e-05, 0.778725, 0.000291873
443, 0.509122, 8.06975e-05, 0.760891, 0.000291873
443, 0.519962, 8.13175e-05, 0.747465, 0.000291873
443, 0.530801, 8.17905e-05, 0.737359, 0.000291873
443, 0.541641, 8.21503e-05, 0.729751, 0.000291873
443, 0.552481, 8.24232e-05, 0.724024, 0.000291873
443, 0.563321, 8.26298e-05, 0.719713, 0.000291873
443, 0.57416, 8.2786e-05, 0.716468, 0.000291873
443, 0.585, 8.29039e-05, 0.714026, 0.000291873
443, 0.59584, 8.29929e-05, 0.712188, 0.000291873
443, 0.606679, 8.306e-05, 0.710806, 0.000291873
443, 0.617519, 8.31104e-05, 0.709767, 0.000291873
443, 0.628359, 8.31484e-05, 0.708987, 0.000291873
443, 0.639199, 8.31768e-05, 0.708403, 0.000291873
443, 0.650038, 8.31981e-05, 0.707966, 0.000291873
443, 0.660878, 8.32138e-05, 0.707643, 0.000291873
443, 0.671718, 8.32254e-05, 0.707405, 0.000291873
443, 0.682557, 8.32337e-05, 0.707235, 0.000291873
443, 0.693397, 8.32394e-05, 0.707119, 0.000291873
443, 0.704237, 8.32429e-05, 0.707046, 0.000291873
443, 0.715076, 8.32446e-05, 0.707011, 0.000291873
443, 0.725916, 8.32446e-05, 0.707012, 0.000291873
443, 0.736756, 8.32428e-05, 0.707048, 0.000291873
443, 0.747596, 8.32392e-05, 0.707122, 0.000291873
443, 0.758435, 8.32335e-05, 0.70724, 0.000291873
443, 0.769275, 8.32251e-05, 0.707412, 0.000291873
443, 0.780115, 8.32134e-05, 0.707652, 0.000291873
443, 0.790954, 8.31974e-05, 0.70798, 0.000291873
443, 0.801794, 8.31759e-05, 0.708422, 0.000291873
443, 0.812634, 8.3147e-05, 0.709015, 0.000291873
443, 0.823474, 8.31084e-05, 0.709808, 0.000291873
443, 0.834313, 8.3057e-05, 0.710867, 0.000291873
443, 0.845153, 8.29884e-05, 0.71228, 0.000291873
443, 0.855993, 8.2897e-05, 0.714168, 0.000291873
443, 0.866832, 8.27751e-05, 0.716693, 0.000291873
443, 0.877672, 8.26124e-05, 0.720075, 0.000291873
443, 0.888512, 8.23947e-05, 0.724618, 0.000291873
443, 0.899351, 8.21032e-05, 0.730743, 0.000291873
443, 0.910191, 8.17114e-05, 0.739042, 0.000291873
443, 0.921031, 8.11829e-05, 0.750362, 0.000291873
443, 0.931871, 8.04665e-05, 0.765946, 0.000291873
443, 0.94271, 7.94883e-05, 0.787678, 0.000291873
443, 0.95355, 7.81399e-05, 0.818527, 0.000291873
443, 0.96439, 7.62562e-05, 0.863449, 0.000291873
443, 0.975229, 7.35753e-05, 0.931346, 0.000291873
443, 0.986069, 6.96573e-05, 1.03998, 0.000291873
443, 0.996909, 6.37029e-05, 1.23066, 0.000291873
443, 1.00775, 5.4094e-05, 1.6269, 0.000291873
443, 1.01859, 3.69787e-05, 2.84273, 0.000291873
443, 1.02943, 4.93056e-07, 287.1, 0.000291946
443, 1.04027, -0.000121699, -2.16763, 0.000291873
443, 1.05111, 0.00197448, -0.928032, 0.000291873
443, 1.06195, 0.000300673, -0.527396, 0.000291873
443, 1.07279, 0.000213742, -0.335181, 0.000291873
443, 1.08363, 0.000183554, -0.225843, 0.000291873
443, 1.09447, 0.000168677, -0.157566, 0.000291873
443, 1.10531, 0.000160098, -0.112419, 0.000291873
443, 1.11615, 0.000154696, -0.0814271, 0.000291873
443, 1.12699, 0.000151105, -0.0596008, 0.000291873
433, 0.0414791, 1.28547e-08, 10756.7, 0.000261297
433, 0.0523495, 1.72013e-08, 8038.34, 0.000261297
433, 0.0632199, 2.30173e-08, 6006.98, 0.000261297
433, 0.0740903, 3.07989e-08, 4489.02, 0.000261297
433, 0.0849608, 4.12098e-08, 3354.69, 0.000261297
433, 0.0958312, 5.51376e-08, 2507.04, 0.000261297
433, 0.106702, 7.37681e-08, 1873.62, 0.000261297
433, 0.117572, 9.86858e-08, 1400.29, 0.000261297
433, 0.128442, 1.32006e-07, 1046.58, 0.000261297
433, 0.139313, 1.76552e-07, 782.267, 0.000261297
433, 0.150183, 2.36084e-07, 584.754, 0.000261297
433, 0.161054, 3.15611e-07, 437.158, 0.000261297
433, 0.171924, 4.21782e-07, 326.865, 0.000261297
433, 0.182795, 5.63413e-07, 244.446, 0.000261297
433, 0.193665, 7.52147e-07, 182.857, 0.000261297
433, 0.204535, 1.00329e-06, 136.833, 0.000261297
433, 0.215406, 1.33686e-06, 102.442, 0.000261297
433, 0.226276, 1.77881e-06, 76.7417, 0.000261297
433, 0.237147, 2.3624e-06, 57.5369, 0.000261297
433, 0.248017, 3.12968e-06, 43.1858, 0.000261297
433, 0.258887, 4.1327e-06, 32.4617, 0.000261297
433, 0.269758, 5.43413e-06, 24.4479, 0.000261297
433, 0.280628, 7.10642e-06, 18.4595, 0.000261297
433, 0.291499, 9.22868e-06, 13.9845, 0.000261297
433, 0.302369, 1.18798e-05, 10.6405, 0.000261297
433, 0.31324, 1.51272e-05, 8.14165, 0.000261297
433, 0.32411, 1.90103e-05, 6.27433, 0.000261297
433, 0.33498, 2.35225e-05, 4.87894, 0.000261297
433, 0.345851, 2.85942e-05, 3.8362, 0.000261297
433, 0.356721, 3.40861e-05, 3.057, 0.000261297
433, 0.367592, 3.9798e-05, 2.47473, 0.000261297
433, 0.378462, 4.54949e-05, 2.03962, 0.000261297
433, 0.389332, 5.09444e-05, 1.71447, 0.000261297
433, 0.400203, 5.59527e-05, 1.4715, 0.000261297
433, 0.411073, 6.03891e-05, 1.28994, 0.000261297
433, 0.421944, 6.41925e-05, 1.15426, 0.000261297
433, 0.432814, 6.73628e-05, 1.05287, 0.000261297
433, 0.443685, 6.99442e-05, 0.97711, 0.000261297
433, 0.454555, 7.20061e-05, 0.920495, 0.000261297
433, 0.465425, 7.36281e-05, 0.878188, 0.000261297
433, 0.476296, 7.48886e-05, 0.846573, 0.000261297
433, 0.487166, 7.58592e-05, 0.822948, 0.000261297
433, 0.498037, 7.6601e-05, 0.805294, 0.000261297
433, 0.508907, 7.71649e-05, 0.792102, 0.000261297
433, 0.519777, 7.75917e-05, 0.782244, 0.000261297
433, 0.530648, 7.79137e-05, 0.774878, 0.000261297
433, 0.541518, 7.81561e-05, 0.769373, 0.000261297
433, 0.552389, 7.83382e-05, 0.76526, 0.000261297
433, 0.563259, 7.84748e-05, 0.762187, 0.000261297
433, 0.57413, 7.85772e-05, 0.759891, 0.000261297
433, 0.585, 7.86539e-05, 0.758175, 0.000261297
433, 0.59587, 7.87113e-05, 0.756894, 0.000261297
433, 0.606741, 7.87541e-05, 0.755938, 0.000261297
433, 0.617611, 7.87861e-05, 0.755224, 0.000261297
433, 0.628482, 7.881e-05, 0.754693, 0.000261297
433, 0.639352, 7.88278e-05, 0.754297, 0.000261297
433, 0.650223, 7.88409e-05, 0.754005, 0.000261297
433, 0.661093, 7.88505e-05, 0.753791, 0.000261297
433, 0.671963, 7.88575e-05, 0.753635, 0.000261297
433, 0.682834, 7.88624e-05, 0.753526, 0.000261297
433, 0.693704, 7.88657e-05, 0.753454, 0.000261297
433, 0.704575, 7.88675e-05, 0.753413, 0.000261297
433, 0.715445, 7.88682e-05, 0.753398, 0.000261297
433, 0.726315, 7.88677e-05, 0.75341, 0.000261297
433, 0.737186, 7.88659e-05, 0.753449, 0.000261297
433, 0.748056, 7.88628e-05, 0.753517, 0.000261297
433, 0.758927, 7.88581e-05, 0.753622, 0.000261297
433, 0.769797, 7.88514e-05, 0.753772, 0.000261297
433, 0.780668, 7.8842e-05, 0.75398, 0.000261297
433, 0.791538, 7.88293e-05, 0.754263, 0.000261297
433, 0.802408, 7.8812e-05, 0.754647, 0.000261297
433, 0.813279, 7.87888e-05, 0.755165, 0.000261297
433, 0.824149, 7.87576e-05, 0.755861, 0.000261297
433, 0.83502, 7.87157e-05, 0.756796, 0.000261297
433, 0.84589, 7.86594e-05, 0.758052, 0.000261297
433, 0.85676, 7.8584e-05, 0.75974, 0.000261297
433, 0.867631, 7.84827e-05, 0.762012, 0.000261297
433, 0.878501, 7.83465e-05, 0.765073, 0.000261297
433, 0.889372, 7.81633e-05, 0.76921, 0.000261297
433, 0.900242, 7.79164e-05, 0.774816, 0.000261297
433, 0.911113, 7.75828e-05, 0.782448, 0.000261297
433, 0.921983, 7.71305e-05, 0.7929, 0.000261297
433, 0.932853, 7.65147e-05, 0.807331, 0.000261297
433, 0.943724, 7.56708e-05, 0.827486, 0.000261297
433, 0.954594, 7.45048e-05, 0.856086, 0.000261297
433, 0.965465, 7.28748e-05, 0.897601, 0.000261297
433, 0.976335, 7.05586e-05, 0.959894, 0.000261297
433, 0.987205, 6.71895e-05, 1.05817, 0.000261297
433, 0.998076, 6.21193e-05, 1.22616, 0.000261297
433, 1.00895, 5.40835e-05, 1.55692, 0.000261297
433, 1.01982, 4.02412e-05, 2.43646, 0.000261297
433, 1.03069, 1.25889e-05, 9.98485, 0.000261297
433, 1.04156, -6.36116e-05, -3.17393, 0.000261297
433, 1.05243, -0.000931342, -1.14848, 0.000261297
433, 1.0633, 0.000363406, -0.619468, 0.000261297
433, 1.07417, 0.000224215, -0.383238, 0.000261297
433, 1.08504, 0.000185309, -0.253747, 0.000261297
433, 1.09591, 0.000167568, -0.174737, 0.000261297
433, 1.10678, 0.000157744, -0.123343, 0.000261297
433, 1.11765, 0.000151715, -0.0885066, 0.000261297
433, 1.12852, 0.000147779, -0.0642304, 0.000261297
418, 0.0392051, 1.20682e-08, 11132.6, 0.000268205
418, 0.050121, 1.63391e-08, 8222.39, 0.000268205
418, 0.0610369, 2.2121e-08, 6073, 0.000268205
418, 0.0719528, 2.9948e-08, 4485.54, 0.000268205
418, 0.0828687, 4.05428e-08, 3313.1, 0.000268205
418, 0.0937846, 5.48829e-08, 2447.18, 0.000268205
418, 0.104701, 7.42896e-08, 1807.64, 0.000268205
418, 0.115616, 1.00549e-07, 1335.3, 0.000268205
418, 0.126532, 1.36071e-07, 986.448, 0.000268205
418, 0.137448, 1.8411e-07, 728.798, 0.000268205
418, 0.148364, 2.49048e-07, 538.507, 0.000268205
418, 0.15928, 3.36779e-07, 397.965, 0.000268205
418, 0.170196, 4.55212e-07, 294.166, 0.000268205
418, 0.181112, 6.14923e-07, 217.504, 0.000268205
418, 0.192028, 8.29995e-07, 160.884, 0.000268205
418, 0.202944, 1.11907e-06, 119.067, 0.000268205
418, 0.21386, 1.50662e-06, 88.1821, 0.000268205
418, 0.224775, 2.0244e-06, 65.3717, 0.000268205
418, 0.235691, 2.71304e-06, 48.5248, 0.000268205
418, 0.246607, 3.62337e-06, 36.0823, 0.000268205
418, 0.257523, 4.81713e-06, 26.8928, 0.000268205
418, 0.268439, 6.36621e-06, 20.1057, 0.000268205
418, 0.279355, 8.34917e-06, 15.093, 0.000268205
418, 0.290271, 1.08438e-05, 11.3908, 0.000268205
418, 0.301187, 1.39143e-05, 8.65649, 0.000268205
418, 0.312103, 1.75936e-05, 6.63703, 0.000268205
418, 0.323018, 2.18635e-05, 5.14554, 0.000268205
418, 0.333934, 2.66383e-05, 4.04397, 0.000268205
418, 0.34485, 3.17613e-05, 3.2304, 0.000268205
418, 0.355766, 3.70195e-05, 2.62952, 0.000268205
418, 0.366682, 4.21765e-05, 2.18574, 0.000268205
418, 0.377598, 4.70134e-05, 1.85797, 0.000268205
418, 0.388514, 5.1364e-05, 1.6159, 0.000268205
418, 0.39943, 5.51321e-05, 1.43711, 0.000268205
418, 0.410346, 5.82904e-05, 1.30506, 0.000268205
418, 0.421262, 6.08655e-05, 1.20754, 0.000268205
418, 0.432177, 6.29184e-05, 1.13551, 0.000268205
418, 0.443093, 6.45258e-05, 1.08232, 0.000268205
418, 0.454009, 6.57667e-05, 1.04303, 0.000268205
418, 0.464925, 6.67142e-05, 1.01401, 0.000268205
418, 0.475841, 6.74318e-05, 0.992577, 0.000268205
418, 0.486757, 6.79717e-05, 0.976749, 0.000268205
418, 0.497673, 6.83761e-05, 0.965059, 0.000268205
418, 0.508589, 6.86779e-05, 0.956425, 0.000268205
418, 0.519505, 6.89024e-05, 0.950048, 0.000268205
418, 0.530421, 6.90692e-05, 0.945339, 0.000268205
418, 0.541336, 6.9193e-05, 0.94186, 0.000268205
418, 0.552252, 6.92846e-05, 0.939292, 0.000268205
418, 0.563168, 6.93524e-05, 0.937395, 0.000268205
418, 0.574084, 6.94026e-05, 0.935994, 0.000268205
418, 0.585, 6.94397e-05, 0.93496, 0.000268205
418, 0.595916, 6.94671e-05, 0.934197, 0.000268205
418, 0.606832, 6.94873e-05, 0.933634, 0.000268205
418, 0.617748, 6.95023e-05, 0.933219, 0.000268205
418, 0.628664, 6.95132e-05, 0.932914, 0.000268205
418, 0.639579, 6.95213e-05, 0.93269, 0.000268205
418, 0.650495, 6.95271e-05, 0.932528, 0.000268205
418, 0.661411, 6.95313e-05, 0.932411, 0.000268205
418, 0.672327, 6.95343e-05, 0.932328, 0.000268205
418, 0.683243, 6.95362e-05, 0.932274, 0.000268205
418, 0.694159, 6.95374e-05, 0.932241, 0.000268205
418, 0.705075, 6.95379e-05, 0.932228, 0.000268205
418, 0.715991, 6.95377e-05, 0.932233, 0.000268205
418, 0.726907, 6.95369e-05, 0.932257, 0.000268205
418, 0.737823, 6.95353e-05, 0.932301, 0.000268205
418, 0.748738, 6.95328e-05, 0.93237, 0.000268205
418, 0.759654, 6.95292e-05, 0.93247, 0.000268205
418, 0.77057, 6.95241e-05, 0.93261, 0.000268205
418, 0.781486, 6.95172e-05, 0.932805, 0.000268205
418, 0.792402, 6.95076e-05, 0.93307, 0.000268205
418, 0.803318, 6.94946e-05, 0.933432, 0.000268205
418, 0.814234, 6.94769e-05, 0.933924, 0.000268205
418, 0.82515, 6.94529e-05, 0.934593, 0.000268205
418, 0.836066, 6.94203e-05, 0.9355, 0.000268205
418, 0.846982, 6.93762e-05, 0.936732, 0.000268205
418, 0.857897, 6.93163e-05, 0.938405, 0.000268205
418, 0.868813, 6.9235e-05, 0.94068, 0.000268205
418, 0.879729, 6.91247e-05, 0.943779, 0.000268205
418, 0.890645, 6.89746e-05, 0.948008, 0.000268205
418, 0.901561, 6.87703e-05, 0.953795, 0.000268205
418, 0.912477, 6.84917e-05, 0.961743, 0.000268205
418, 0.923393, 6.81106e-05, 0.972719, 0.000268205
418, 0.934309, 6.75876e-05, 0.987985, 0.000268205
418, 0.945225, 6.68661e-05, 1.00944, 0.000268205
418, 0.95614, 6.5864e-05, 1.04001, 0.000268205
418, 0.967056, 6.44588e-05, 1.08448, 0.000268205
418, 0.977972, 6.24616e-05, 1.15113, 0.000268205
418, 0.988888, 5.95684e-05, 1.25561, 0.000268205
418, 0.999804, 5.52585e-05, 1.43154, 0.000268205
418, 1.01072, 4.85645e-05, 1.76669, 0.000268205
418, 1.02164, 3.74619e-05, 2.58666, 0.000268205
418, 1.03255, 1.68772e-05, 6.9612, 0.000268205
418, 1.04347, -3.05582e-05, -5.39696, 0.000268205
418, 1.05438, -0.000229441, -1.58561, 0.000268205
418, 1.0653, 0.000709276, -0.810563, 0.000268205
418, 1.07622, 0.000262302, -0.487754, 0.000268205
418, 1.08713, 0.000196691, -0.316883, 0.000268205
418, 1.09805, 0.000171149, -0.214934, 0.000268205
418, 1.10896, 0.000158021, -0.149716, 0.000268205
418, 1.11988, 0.000150314, -0.106118, 0.000268205
418, 1.13079, 0.000145432, -0.0761095, 0.000268205
408, 0.0377095, 1.19516e-08, 10856.7, 0.000233695
408, 0.0486553, 1.63157e-08, 7952.53, 0.000233695
408, 0.0596011, 2.22728e-08, 5825.29, 0.000233695
408, 0.0705469, 3.04038e-08, 4267.13, 0.000233695
408, 0.0814928, 4.15014e-08, 3125.82, 0.000233695
408, 0.0924386, 5.66461e-08, 2289.85, 0.000233695
408, 0.103384, 7.7311e-08, 1677.51, 0.000233695
408, 0.11433, 1.05503e-07, 1228.99, 0.000233695
408, 0.125276, 1.43952e-07, 900.465, 0.000233695
408, 0.136222, 1.96371e-07, 659.827, 0.000233695
408, 0.147168, 2.67802e-07, 483.565, 0.000233695
408, 0.158113, 3.65071e-07, 354.458, 0.000233695
408, 0.169059, 4.97403e-07, 259.89, 0.000233695
408, 0.180005, 6.77206e-07, 190.622, 0.000233695
408, 0.190951, 9.21092e-07, 139.884, 0.000233695
408, 0.201897, 1.25113e-06, 102.721, 0.000233695
408, 0.212842, 1.69633e-06, 75.4991, 0.000233695
408, 0.223788, 2.29433e-06, 55.56, 0.000233695
408, 0.234734, 3.09301e-06, 40.9552, 0.000233695
408, 0.24568, 4.15157e-06, 30.2575, 0.000233695
408, 0.256626, 5.54049e-06, 22.4217, 0.000233695
408, 0.267572, 7.33889e-06, 16.6822, 0.000233695
408, 0.278517, 9.62802e-06, 12.4781, 0.000233695
408, 0.289463, 1.24791e-05, 9.39876, 0.000233695
408, 0.300409, 1.59357e-05, 7.14321, 0.000233695
408, 0.311355, 1.99917e-05, 5.49107, 0.000233695
408, 0.322301, 2.45729e-05, 4.28093, 0.000233695
408, 0.333246, 2.95293e-05, 3.39453, 0.000233695
408, 0.344192, 3.46485e-05, 2.74526, 0.000233695
408, 0.355138, 3.9688e-05, 2.26969, 0.000233695
408, 0.366084, 4.44204e-05, 1.92135, 0.000233695
408, 0.37703, 4.86714e-05, 1.66619, 0.000233695
408, 0.387975, 5.23403e-05, 1.4793, 0.000233695
408, 0.398921, 5.53992e-05, 1.34241, 0.000233695
408, 0.409867, 5.78767e-05, 1.24214, 0.000233695
408, 0.420813, 5.98368e-05, 1.16869, 0.000233695
408, 0.431759, 6.13589e-05, 1.11489, 0.000233695
408, 0.442704, 6.25239e-05, 1.07549, 0.000233695
408, 0.45365, 6.34057e-05, 1.04662, 0.000233695
408, 0.464596, 6.40675e-05, 1.02548, 0.000233695
408, 0.475542, 6.45611e-05, 1.01, 0.000233695
408, 0.486488, 6.49275e-05, 0.998653, 0.000233695
408, 0.497434, 6.51985e-05, 0.990345, 0.000233695
408, 0.508379, 6.53985e-05, 0.984259, 0.000233695
408, 0.519325, 6.55457e-05, 0.979802, 0.000233695
408, 0.530271, 6.5654e-05, 0.976537, 0.000233695
408, 0.541217, 6.57335e-05, 0.974146, 0.000233695
408, 0.552163, 6.57919e-05, 0.972394, 0.000233695
408, 0.563108, 6.58347e-05, 0.971111, 0.000233695
408, 0.574054, 6.58661e-05, 0.970172, 0.000233695
408, 0.585, 6.58891e-05, 0.969484, 0.000233695
408, 0.595946, 6.59059e-05, 0.96898, 0.000233695
408, 0.606892, 6.59183e-05, 0.968612, 0.000233695
408, 0.617837, 6.59273e-05, 0.968343, 0.000233695
408, 0.628783, 6.59339e-05, 0.968147, 0.000233695
408, 0.639729, 6.59386e-05, 0.968005, 0.000233695
408, 0.650675, 6.59421e-05, 0.967902, 0.000233695
408, 0.661621, 6.59445e-05, 0.967829, 0.000233695
408, 0.672566, 6.59462e-05, 0.967779, 0.000233695
408, 0.683512, 6.59473e-05, 0.967747, 0.000233695
408, 0.694458, 6.59478e-05, 0.96773, 0.000233695
408, 0.705404, 6.5948e-05, 0.967725, 0.000233695
408, 0.71635, 6.59477e-05, 0.967733, 0.000233695
408, 0.727296, 6.5947e-05, 0.967754, 0.000233695
408, 0.738241, 6.59458e-05, 0.967791, 0.000233695
408, 0.749187, 6.59439e-05, 0.967847, 0.000233695
408, 0.760133, 6.59412e-05, 0.967927, 0.000233695
408, 0.771079, 6.59374e-05, 0.96804, 0.000233695
408, 0.782025, 6.59322e-05, 0.968196, 0.000233695
408, 0.79297, 6.5925e-05, 0.96841, 0.000233695
408, 0.803916, 6.59152e-05, 0.968705, 0.000233695
408, 0.814862, 6.59017e-05, 0.969107, 0.000233695
408, 0.825808, 6.58832e-05, 0.969659, 0.000233695
408, 0.836754, 6.5858e-05, 0.970413, 0.000233695
408, 0.847699, 6.58236e-05, 0.971444, 0.000233695
408, 0.858645, 6.57765e-05, 0.972857, 0.000233695
408, 0.869591, 6.5712e-05, 0.974791, 0.000233695
408, 0.880537, 6.56238e-05, 0.977446, 0.000233695
408, 0.891483, 6.5503e-05, 0.981093, 0.000233695
408, 0.902428, 6.53373e-05, 0.986116, 0.000233695
408, 0.913374, 6.51098e-05, 0.993057, 0.000233695
408, 0.92432, 6.47965e-05, 1.00269, 0.000233695
408, 0.935266, 6.43638e-05, 1.01616, 0.000233695
408, 0.946212, 6.37638e-05, 1.03513, 0.000233695
408, 0.957158, 6.29266e-05, 1.06221, 0.000233695
408, 0.968103, 6.17487e-05, 1.10154, 0.000233695
408, 0.979049, 6.00719e-05, 1.1602, 0.000233695
408, 0.989995, 5.76446e-05, 1.25117, 0.000233695
408, 1.00094, 5.40441e-05, 1.40114, 0.000233695
408, 1.01189, 4.85057e-05, 1.6753, 0.000233695
408, 1.02283, 3.94915e-05, 2.28596, 0.000233695
408, 1.03378, 2.33797e-05, 4.55045, 0.000233695
408, 1.04472, 5.59964e-08, 2234.3, 0.000246272
408, 1.05567, -0.000121329, -2.06955, 0.000233695
408, 1.06662, 0.00362354, -0.964188, 0.000233695
408, 1.07756, 0.000293324, -0.557597, 0.000233695
408, 1.08851, 0.000200838, -0.35387, 0.000233695
408, 1.09945, 0.000169875, -0.236101, 0.000233695
408, 1.1104, 0.000154917, -0.162341, 0.000233695
408, 1.12134, 0.000146432, -0.113802, 0.000233695
408, 1.13229, 0.000141177, -0.0808145, 0.000233695
398, 0.0362307, 1.1527e-08, 11042.2, 0.000234079
398, 0.0472061, 1.58732e-08, 8018.49, 0.000234079
398, 0.0581815, 2.18575e-08, 5822.85, 0.000234079
398, 0.0691569, 3.00968e-08, 4228.51, 0.000234079
398, 0.0801322, 4.14399e-08, 3070.79, 0.000234079
398, 0.0911076, 5.7054e-08, 2230.13, 0.000234079
398, 0.102083, 7.85438e-08, 1619.69, 0.000234079
398, 0.113058, 1.08113e-07, 1176.42, 0.000234079
398, 0.124034, 1.48788e-07, 854.544, 0.000234079
398, 0.135009, 2.04714e-07, 620.819, 0.000234079
398, 0.145985, 2.81563e-07, 451.101, 0.000234079
398, 0.15696, 3.87077e-07, 327.862, 0.000234079
398, 0.167935, 5.31784e-07, 238.373, 0.000234079
398, 0.178911, 7.29936e-07, 173.392, 0.000234079
398, 0.189886, 1.0007e-06, 126.206, 0.000234079
398, 0.200861, 1.36961e-06, 91.9423, 0.000234079
398, 0.211837, 1.87027e-06, 67.0622, 0.000234079
398, 0.222812, 2.54611e-06, 48.9958, 0.000234079
398, 0.233788, 3.45187e-06, 35.877, 0.000234079
398, 0.244763, 4.65413e-06, 26.3509, 0.000234079
398, 0.255738, 6.22967e-06, 19.4336, 0.000234079
398, 0.266714, 8.26015e-06, 14.4107, 0.000234079
398, 0.277689, 1.08213e-05, 10.7634, 0.000234079
398, 0.288665, 1.39656e-05, 8.11488, 0.000234079
398, 0.29964, 1.77002e-05, 6.1917, 0.000234079
398, 0.310615, 2.19655e-05, 4.79521, 0.000234079
398, 0.321591, 2.66243e-05, 3.78116, 0.000234079
398, 0.332566, 3.14711e-05, 3.04481, 0.000234079
398, 0.343542, 3.6265e-05, 2.51012, 0.000234079
398, 0.354517, 4.07753e-05, 2.12186, 0.000234079
398, 0.365492, 4.48232e-05, 1.83993, 0.000234079
398, 0.376468, 4.83054e-05, 1.63521, 0.000234079
398, 0.387443, 5.11933e-05, 1.48655, 0.000234079
398, 0.398418, 5.35165e-05, 1.37861, 0.000234079
398, 0.409394, 5.53402e-05, 1.30022, 0.000234079
398, 0.420369, 5.67443e-05, 1.24331, 0.000234079
398, 0.431345, 5.78093e-05, 1.20198, 0.000234079
398, 0.44232, 5.86081e-05, 1.17196, 0.000234079
398, 0.453295, 5.92021e-05, 1.15017, 0.000234079
398, 0.464271, 5.96411e-05, 1.13435, 0.000234079
398, 0.475246, 5.99639e-05, 1.12286, 0.000234079
398, 0.486222, 6.02005e-05, 1.11451, 0.000234079
398, 0.497197, 6.03735e-05, 1.10845, 0.000234079
398, 0.508172, 6.04998e-05, 1.10405, 0.000234079
398, 0.519148, 6.05918e-05, 1.10086, 0.000234079
398, 0.530123, 6.06587e-05, 1.09854, 0.000234079
398, 0.541098, 6.07075e-05, 1.09685, 0.000234079
398, 0.552074, 6.07429e-05, 1.09563, 0.000234079
398, 0.563049, 6.07687e-05, 1.09474, 0.000234079
398, 0.574025, 6.07874e-05, 1.0941, 0.000234079
398, 0.585, 6.08009e-05, 1.09363, 0.000234079
398, 0.595975, 6.08108e-05, 1.09329, 0.000234079
398, 0.606951, 6.0818e-05, 1.09305, 0.000234079
398, 0.617926, 6.08231e-05, 1.09287, 0.000234079
398, 0.628902, 6.08269e-05, 1.09274, 0.000234079
398, 0.639877, 6.08296e-05, 1.09265, 0.000234079
398, 0.650852, 6.08315e-05, 1.09258, 0.000234079
398, 0.661828, 6.08328e-05, 1.09254, 0.000234079
398, 0.672803, 6.08337e-05, 1.0925, 0.000234079
398, 0.683778, 6.08342e-05, 1.09249, 0.000234079
398, 0.694754, 6.08344e-05, 1.09248, 0.000234079
398, 0.705729, 6.08344e-05, 1.09248, 0.000234079
398, 0.716705, 6.08341e-05, 1.09249, 0.000234079
398, 0.72768, 6.08335e-05, 1.09251, 0.000234079
398, 0.738655, 6.08325e-05, 1.09255, 0.000234079
398, 0.749631, 6.0831e-05, 1.0926, 0.000234079
398, 0.760606, 6.08289e-05, 1.09267, 0.000234079
398, 0.771582, 6.0826e-05, 1.09277, 0.000234079
398, 0.782557, 6.08219e-05, 1.09291, 0.000234079
398, 0.793532, 6.08163e-05, 1.0931, 0.000234079
398, 0.804508, 6.08085e-05, 1.09337, 0.000234079
398, 0.815483, 6.07978e-05, 1.09374, 0.000234079
398, 0.826458, 6.07829e-05, 1.09425, 0.000234079
398, 0.837434, 6.07625e-05, 1.09496, 0.000234079
398, 0.848409, 6.07344e-05, 1.09593, 0.000234079
398, 0.859385, 6.06956e-05, 1.09727, 0.000234079
398, 0.87036, 6.0642e-05, 1.09912, 0.000234079
398, 0.881335, 6.05682e-05, 1.10168, 0.000234079
398, 0.892311, 6.04662e-05, 1.10522, 0.000234079
398, 0.903286, 6.03253e-05, 1.11014, 0.000234079
398, 0.914262, 6.01302e-05, 1.11698, 0.000234079
398, 0.925237, 5.98597e-05, 1.12655, 0.000234079
398, 0.936212, 5.94836e-05, 1.14, 0.000234079
398, 0.947188, 5.89587e-05, 1.15905, 0.000234079
398, 0.958163, 5.82225e-05, 1.18635, 0.000234079
398, 0.969139, 5.71822e-05, 1.22613, 0.000234079
398, 0.980114, 5.56971e-05, 1.28548, 0.000234079
398, 0.991089, 5.3546e-05, 1.3773, 0.000234079
398, 1.00206, 5.03628e-05, 1.52756, 0.000234079
398, 1.01304, 4.55009e-05, 1.79763, 0.000234079
398, 1.02402, 3.77036e-05, 2.3762, 0.000234079
398, 1.03499, 2.41645e-05, 4.26785, 0.000234079
398, 1.04597, 9.9676e-08, 1260.78, 0.00023712
398, 1.05694, -7.68102e-05, -2.65726, 0.000234079
398, 1.06792, -0.00080529, -1.15807, 0.000234079
398, 1.07889, 0.000365489, -0.651714, 0.000234079
398, 1.08987, 0.000214581, -0.406776, 0.000234079
398, 1.10084, 0.00017391, -0.268042, 0.000234079
398, 1.11182, 0.00015569, -0.182381, 0.000234079
398, 1.12279, 0.000145753, -0.126644, 0.000234079
398, 1.13377, 0.000139751, -0.0891312, 0.000234079
388, 0.0347692, 1.12373e-08, 11005.7, 0.000233779
388, 0.0457738, 1.56159e-08, 7919.44, 0.000233779
388, 0.0567784, 2.17001e-08, 5698.74, 0.000233779
388, 0.067783, 3.01535e-08, 4100.84, 0.000233779
388, 0.0787877, 4.18975e-08, 2951.08, 0.000233779
388, 0.0897923, 5.82109e-08, 2123.77, 0.000233779
388, 0.100797, 8.08669e-08, 1528.49, 0.000233779
388, 0.111802, 1.12323e-07, 1100.15, 0.000233779
388, 0.122806, 1.55982e-07, 791.941, 0.000233779
388, 0.133811, 2.16546e-07, 570.171, 0.000233779
388, 0.144815, 3.005e-07, 410.597, 0.000233779
388, 0.15582, 4.16763e-07, 295.775, 0.000233779
388, 0.166825, 5.77545e-07, 213.156, 0.000233779
388, 0.177829, 7.99474e-07, 153.708, 0.000233779
388, 0.188834, 1.105e-06, 110.932, 0.000233779
388, 0.199838, 1.5241e-06, 80.1525, 0.000233779
388, 0.210843, 2.09616e-06, 58.0054, 0.000233779
388, 0.221848, 2.87176e-06, 42.0694, 0.000233779
388, 0.232852, 3.91373e-06, 30.6028, 0.000233779
388, 0.243857, 5.29654e-06, 22.352, 0.000233779
388, 0.254862, 7.10213e-06, 16.4152, 0.000233779
388, 0.265866, 9.41045e-06, 12.1434, 0.000233779
388, 0.276871, 1.2283e-05, 9.06957, 0.000233779
388, 0.287875, 1.57403e-05, 6.85784, 0.000233779
388, 0.29888, 1.97378e-05, 5.2664, 0.000233779
388, 0.309885, 2.41512e-05, 4.12128, 0.000233779
388, 0.320889, 2.87819e-05, 3.29731, 0.000233779
388, 0.331894, 3.33884e-05, 2.70443, 0.000233779
388, 0.342898, 3.77339e-05, 2.27782, 0.000233779
388, 0.353903, 4.16327e-05, 1.97086, 0.000233779
388, 0.364908, 4.49766e-05, 1.74998, 0.000233779
388, 0.375912, 4.77354e-05, 1.59105, 0.000233779
388, 0.386917, 4.99395e-05, 1.4767, 0.000233779
388, 0.397922, 5.16557e-05, 1.39441, 0.000233779
388, 0.408926, 5.29654e-05, 1.3352, 0.000233779
388, 0.419931, 5.39496e-05, 1.2926, 0.000233779
388, 0.430935, 5.46808e-05, 1.26194, 0.000233779
388, 0.44194, 5.52193e-05, 1.23989, 0.000233779
388, 0.452945, 5.56134e-05, 1.22401, 0.000233779
388, 0.463949, 5.59004e-05, 1.21259, 0.000233779
388, 0.474954, 5.61088e-05, 1.20438, 0.000233779
388, 0.485958, 5.62597e-05, 1.19846, 0.000233779
388, 0.496963, 5.63688e-05, 1.19421, 0.000233779
388, 0.507968, 5.64475e-05, 1.19115, 0.000233779
388, 0.518972, 5.65043e-05, 1.18895, 0.000233779
388, 0.529977, 5.65453e-05, 1.18736, 0.000233779
388, 0.540982, 5.65748e-05, 1.18622, 0.000233779
388, 0.551986, 5.6596e-05, 1.1854, 0.000233779
388, 0.562991, 5.66113e-05, 1.18481, 0.000233779
388, 0.573995, 5.66223e-05, 1.18438, 0.000233779
388, 0.585, 5.66302e-05, 1.18408, 0.000233779
388, 0.596005, 5.66359e-05, 1.18386, 0.000233779
388, 0.607009, 5.664e-05, 1.1837, 0.000233779
388, 0.618014, 5.66429e-05, 1.18359, 0.000233779
388, 0.629018, 5.6645e-05, 1.18351, 0.000233779
388, 0.640023, 5.66465e-05, 1.18345, 0.000233779
388, 0.651028, 5.66476e-05, 1.18341, 0.000233779
388, 0.662032, 5.66483e-05, 1.18338, 0.000233779
388, 0.673037, 5.66487e-05, 1.18337, 0.000233779
388, 0.684042, 5.6649e-05, 1.18336, 0.000233779
388, 0.695046, 5.66491e-05, 1.18335, 0.000233779
388, 0.706051, 5.6649e-05, 1.18336, 0.000233779
388, 0.717055, 5.66487e-05, 1.18337, 0.000233779
388, 0.72806, 5.66482e-05, 1.18339, 0.000233779
388, 0.739065, 5.66475e-05, 1.18341, 0.000233779
388, 0.750069, 5.66464e-05, 1.18346, 0.000233779
388, 0.761074, 5.66449e-05, 1.18351, 0.000233779
388, 0.772078, 5.66427e-05, 1.1836, 0.000233779
388, 0.783083, 5.66397e-05, 1.18371, 0.000233779
388, 0.794088, 5.66355e-05, 1.18388, 0.000233779
388, 0.805092, 5.66296e-05, 1.1841, 0.000233779
388, 0.816097, 5.66214e-05, 1.18442, 0.000233779
388, 0.827102, 5.661e-05, 1.18486, 0.000233779
388, 0.838106, 5.65942e-05, 1.18547, 0.000233779
388, 0.849111, 5.65722e-05, 1.18632, 0.000233779
388, 0.860115, 5.65416e-05, 1.1875, 0.000233779
388, 0.87112, 5.6499e-05, 1.18915, 0.000233779
388, 0.882125, 5.64397e-05, 1.19145, 0.000233779
388, 0.893129, 5.63572e-05, 1.19466, 0.000233779
388, 0.904134, 5.62421e-05, 1.19915, 0.000233779
388, 0.915138, 5.60815e-05, 1.20545, 0.000233779
388, 0.926143, 5.58571e-05, 1.21431, 0.000233779
388, 0.937148, 5.55427e-05, 1.22685, 0.000233779
388, 0.948152, 5.51008e-05, 1.2447, 0.000233779
388, 0.959157, 5.44772e-05, 1.2704, 0.000233779
388, 0.970162, 5.35915e-05, 1.30792, 0.000233779
388, 0.981166, 5.23221e-05, 1.36391, 0.000233779
388, 0.992171, 5.04797e-05, 1.45019, 0.000233779
388, 1.00318, 4.77554e-05, 1.58997, 0.000233779
388, 1.01418, 4.36141e-05, 1.83589, 0.000233779
388, 1.02518, 3.7047e-05, 2.3386, 0.000233779
388, 1.03619, 2.59013e-05, 3.77524, 0.000233779
388, 1.04719, 4.6126e-06, 25.8146, 0.000233779
388, 1.0582, -4.7045e-05, -3.62908, 0.000233779
388, 1.0692, -0.000306285, -1.40382, 0.000233779
388, 1.08021, 0.000510959, -0.757936, 0.000233779
388, 1.09121, 0.000230034, -0.46232, 0.000233779
388, 1.10222, 0.000176645, -0.299809, 0.000233779
388, 1.11322, 0.00015488, -0.201415, 0.000233779
388, 1.12423, 0.00014354, -0.138324, 0.000233779
388, 1.13523, 0.000136876, -0.0963713, 0.000233779
378, 0.0333255, 1.12251e-08, 10653.1, 0.000173545
378, 0.044359, 1.57493e-08, 7592.55, 0.000173545
378, 0.0553925, 2.20962e-08, 5411.38, 0.000173545
378, 0.066426, 3.09994e-08, 3856.92, 0.000173545
378, 0.0774595, 4.3487e-08, 2749.08, 0.000173545
378, 0.088493, 6.09995e-08, 1959.56, 0.000173545
378, 0.0995264, 8.55531e-08, 1396.88, 0.000173545
378, 0.11056, 1.19968e-07, 995.874, 0.000173545
378, 0.121593, 1.68184e-07, 710.086, 0.000173545
378, 0.132627, 2.35693e-07, 506.411, 0.000173545
378, 0.14366, 3.30133e-07, 361.257, 0.000173545
378, 0.154694, 4.62091e-07, 257.809, 0.000173545
378, 0.165727, 6.46157e-07, 184.083, 0.000173545
378, 0.176761, 9.02308e-07, 131.541, 0.000173545
378, 0.187794, 1.25761e-06, 94.0957, 0.000173545
378, 0.198828, 1.7482e-06, 67.4091, 0.000173545
378, 0.209861, 2.4214e-06, 48.3901, 0.000173545
378, 0.220895, 3.33725e-06, 34.8358, 0.000173545
378, 0.231928, 4.56883e-06, 25.1759, 0.000173545
378, 0.242962, 6.19926e-06, 18.2915, 0.000173545
378, 0.253995, 8.31363e-06, 13.3852, 0.000173545
378, 0.265029, 1.09834e-05, 9.88854, 0.000173545
378, 0.276062, 1.42431e-05, 7.39658, 0.000173545
378, 0.287096, 1.80638e-05, 5.62061, 0.000173545
378, 0.298129, 2.23333e-05, 4.35492, 0.000173545
378, 0.309163, 2.68574e-05, 3.45289, 0.000173545
378, 0.320196, 3.1389e-05, 2.81003, 0.000173545
378, 0.33123, 3.56794e-05, 2.35188, 0.000173545
378, 0.342263, 3.95301e-05, 2.02537, 0.000173545
378, 0.353297, 4.28239e-05, 1.79267, 0.000173545
378, 0.36433, 4.55274e-05, 1.62683, 0.000173545
378, 0.375364, 4.76724e-05, 1.50865, 0.000173545
378, 0.386397, 4.93286e-05, 1.42442, 0.000173545
378, 0.397431, 5.0581e-05, 1.36439, 0.000173545
378, 0.408464, 5.15131e-05, 1.3216, 0.000173545
378, 0.419498, 5.21986e-05, 1.29112, 0.000173545
378, 0.430531, 5.26984e-05, 1.26939, 0.000173545
378, 0.441565, 5.30605e-05, 1.2539, 0.000173545
378, 0.452598, 5.33216e-05, 1.24286, 0.000173545
378, 0.463632, 5.35092e-05, 1.235, 0.000173545
378, 0.474665, 5.36438e-05, 1.22939, 0.000173545
378, 0.485699, 5.37401e-05, 1.2254, 0.000173545
378, 0.496732, 5.38089e-05, 1.22255, 0.000173545
378, 0.507766, 5.38581e-05, 1.22052, 0.000173545
378, 0.518799, 5.38932e-05, 1.21908, 0.000173545
378, 0.529833, 5.39182e-05, 1.21805, 0.000173545
378, 0.540866, 5.39361e-05, 1.21731, 0.000173545
378, 0.5519, 5.39488e-05, 1.21679, 0.000173545
378, 0.562933, 5.39579e-05, 1.21642, 0.000173545
378, 0.573967, 5.39643e-05, 1.21615, 0.000173545
378, 0.585, 5.39689e-05, 1.21596, 0.000173545
378, 0.596033, 5.39722e-05, 1.21583, 0.000173545
378, 0.607067, 5.39746e-05, 1.21573, 0.000173545
378, 0.6181, 5.39762e-05, 1.21566, 0.000173545
378, 0.629134, 5.39774e-05, 1.21561, 0.000173545
378, 0.640167, 5.39782e-05, 1.21558, 0.000173545
378, 0.651201, 5.39788e-05, 1.21556, 0.000173545
378, 0.662234, 5.39792e-05, 1.21554, 0.000173545
378, 0.673268, 5.39794e-05, 1.21553, 0.000173545
378, 0.684301, 5.39795e-05, 1.21553, 0.000173545
378, 0.695335, 5.39795e-05, 1.21553, 0.000173545
378, 0.706368, 5.39794e-05, 1.21553, 0.000173545
378, 0.717402, 5.39792e-05, 1.21554, 0.000173545
378, 0.728435, 5.39789e-05, 1.21555, 0.000173545
378, 0.739469, 5.39784e-05, 1.21557, 0.000173545
378, 0.750502, 5.39776e-05, 1.2156, 0.000173545
378, 0.761536, 5.39765e-05, 1.21565, 0.000173545
378, 0.772569, 5.3975e-05, 1.21571, 0.000173545
378, 0.783603, 5.39729e-05, 1.2158, 0.000173545
378, 0.794636, 5.39699e-05, 1.21592, 0.000173545
378, 0.80567, 5.39656e-05, 1.2161, 0.000173545
378, 0.816703, 5.39597e-05, 1.21634, 0.000173545
378, 0.827737, 5.39513e-05, 1.21669, 0.000173545
378, 0.83877, 5.39396e-05, 1.21717, 0.000173545
378, 0.849804, 5.39231e-05, 1.21785, 0.000173545
378, 0.860837, 5.38999e-05, 1.2188, 0.000173545
378, 0.871871, 5.38674e-05, 1.22014, 0.000173545
378, 0.882904, 5.38218e-05, 1.22202, 0.000173545
378, 0.893938, 5.37576e-05, 1.22467, 0.000173545
378, 0.904971, 5.36673e-05, 1.22842, 0.000173545
378, 0.916005, 5.35402e-05, 1.2337, 0.000173545
378, 0.927038, 5.33611e-05, 1.2412, 0.000173545
378, 0.938072, 5.31081e-05, 1.25188, 0.000173545
378, 0.949105, 5.27498e-05, 1.26718, 0.000173545
378, 0.960139, 5.22405e-05, 1.28928, 0.000173545
378, 0.971172, 5.15127e-05, 1.32162, 0.000173545
378, 0.982206, 5.04645e-05, 1.36985, 0.000173545
378, 0.993239, 4.8938e-05, 1.44377, 0.000173545
378, 1.00427, 4.66789e-05, 1.56204, 0.000173545
378, 1.01531, 4.3254e-05, 1.7649, 0.000173545
378, 1.02634, 3.78675e-05, 2.1582, 0.000173545
378, 1.03737, 2.8887e-05, 3.14002, 0.000173545
378, 1.04841, 1.23518e-05, 8.68225, 0.000173545
378, 1.05944, -2.45076e-05, -5.87983, 0.000173545
378, 1.07047, -0.000158741, -1.75339, 0.000173545
378, 1.08151, 0.00102599, -0.883437, 0.000173545
378, 1.09254, 0.000249588, -0.520838, 0.000173545
378, 1.10357, 0.00017863, -0.330499, 0.000173545
378, 1.11461, 0.000153024, -0.218471, 0.000173545
378, 1.12564, 0.000140376, -0.148053, 0.000173545
378, 1.13667, 0.000133169, -0.101946, 0.000173545
368, 0.0319002, 1.10542e-08, 10489.6, 0.000159405
368, 0.0429622, 1.5667e-08, 7400.93, 0.000159405
368, 0.0540242, 2.22036e-08, 5221.83, 0.000159405
368, 0.0650862, 3.14658e-08, 3684.45, 0.000159405
368, 0.0761482, 4.45884e-08, 2599.81, 0.000159405
368, 0.0872102, 6.31768e-08, 1834.58, 0.000159405
368, 0.0982722, 8.95007e-08, 1294.7, 0.000159405
368, 0.109334, 1.26766e-07, 913.805, 0.000159405
368, 0.120396, 1.79491e-07, 645.081, 0.000159405
368, 0.131458, 2.54036e-07, 455.493, 0.000159405
368, 0.14252, 3.59321e-07, 321.736, 0.000159405
368, 0.153582, 5.07801e-07, 227.369, 0.000159405
368, 0.164644, 7.16761e-07, 160.791, 0.000159405
368, 0.175706, 1.00998e-06, 113.82, 0.000159405
368, 0.186768, 1.41973e-06, 80.6816, 0.000159405
368, 0.19783, 1.98906e-06, 57.3019, 0.000159405
368, 0.208892, 2.77383e-06, 40.8071, 0.000159405
368, 0.219954, 3.84375e-06, 29.1699, 0.000159405
368, 0.231016, 5.28085e-06, 20.9597, 0.000159405
368, 0.242078, 7.17287e-06, 15.1673, 0.000159405
368, 0.25314, 9.59929e-06, 11.0807, 0.000159405
368, 0.264202, 1.26084e-05, 8.1975, 0.000159405
368, 0.275264, 1.61887e-05, 6.16339, 0.000159405
368, 0.286326, 2.02443e-05, 4.7283, 0.000159405
368, 0.297388, 2.45907e-05, 3.71583, 0.000159405
368, 0.30845, 2.89804e-05, 3.00152, 0.000159405
368, 0.319512, 3.31562e-05, 2.49756, 0.000159405
368, 0.330574, 3.69081e-05, 2.14201, 0.000159405
368, 0.341636, 4.01103e-05, 1.89117, 0.000159405
368, 0.352698, 4.27256e-05, 1.7142, 0.000159405
368, 0.36376, 4.47858e-05, 1.58934, 0.000159405
368, 0.374822, 4.63631e-05, 1.50125, 0.000159405
368, 0.385884, 4.75444e-05, 1.4391, 0.000159405
368, 0.396946, 4.84147e-05, 1.39526, 0.000159405
368, 0.408008, 4.90481e-05, 1.36433, 0.000159405
368, 0.41907, 4.95051e-05, 1.3425, 0.000159405
368, 0.430132, 4.98326e-05, 1.3271, 0.000159405
368, 0.441194, 5.00663e-05, 1.31624, 0.000159405
368, 0.452256, 5.02326e-05, 1.30858, 0.000159405
368, 0.463318, 5.03505e-05, 1.30317, 0.000159405
368, 0.47438, 5.0434e-05, 1.29936, 0.000159405
368, 0.485442, 5.04931e-05, 1.29666, 0.000159405
368, 0.496504, 5.05349e-05, 1.29477, 0.000159405
368, 0.507566, 5.05644e-05, 1.29343, 0.000159405
368, 0.518628, 5.05853e-05, 1.29248, 0.000159405
368, 0.52969, 5.06e-05, 1.29181, 0.000159405
368, 0.540752, 5.06104e-05, 1.29134, 0.000159405
368, 0.551814, 5.06177e-05, 1.29101, 0.000159405
368, 0.562876, 5.06229e-05, 1.29078, 0.000159405
368, 0.573938, 5.06265e-05, 1.29061, 0.000159405
368, 0.585, 5.06291e-05, 1.2905, 0.000159405
368, 0.596062, 5.06309e-05, 1.29041, 0.000159405
368, 0.607124, 5.06322e-05, 1.29036, 0.000159405
368, 0.618186, 5.06331e-05, 1.29032, 0.000159405
368, 0.629248, 5.06337e-05, 1.29029, 0.000159405
368, 0.64031, 5.06341e-05, 1.29027, 0.000159405
368, 0.651372, 5.06344e-05, 1.29025, 0.000159405
368, 0.662434, 5.06346e-05, 1.29025, 0.000159405
368, 0.673496, 5.06347e-05, 1.29024, 0.000159405
368, 0.684558, 5.06348e-05, 1.29024, 0.000159405
368, 0.69562, 5.06348e-05, 1.29024, 0.000159405
368, 0.706682, 5.06347e-05, 1.29024, 0.000159405
368, 0.717744, 5.06345e-05, 1.29025, 0.000159405
368, 0.728806, 5.06343e-05, 1.29026, 0.000159405
368, 0.739868, 5.06339e-05, 1.29028, 0.000159405
368, 0.75093, 5.06334e-05, 1.2903, 0.000159405
368, 0.761992, 5.06327e-05, 1.29033, 0.000159405
368, 0.773054, 5.06316e-05, 1.29038, 0.000159405
368, 0.784116, 5.06301e-05, 1.29045, 0.000159405
368, 0.795178, 5.06279e-05, 1.29055, 0.000159405
368, 0.80624, 5.06249e-05, 1.29069, 0.000159405
368, 0.817302, 5.06205e-05, 1.29088, 0.000159405
368, 0.828364, 5.06143e-05, 1.29116, 0.000159405
368, 0.839426, 5.06056e-05, 1.29156, 0.000159405
368, 0.850488, 5.05932e-05, 1.29212, 0.000159405
368, 0.86155, 5.05756e-05, 1.29292, 0.000159405
368, 0.872612, 5.05507e-05, 1.29405, 0.000159405
368, 0.883674, 5.05154e-05, 1.29565, 0.000159405
368, 0.894736, 5.04652e-05, 1.29794, 0.000159405
368, 0.905798, 5.03939e-05, 1.30118, 0.000159405
368, 0.91686, 5.02927e-05, 1.30582, 0.000159405
368, 0.927922, 5.01486e-05, 1.31244, 0.000159405
368, 0.938984, 4.99433e-05, 1.32195, 0.000159405
368, 0.950046, 4.96501e-05, 1.33566, 0.000159405
368, 0.961108, 4.92301e-05, 1.35559, 0.000159405
368, 0.97217, 4.86255e-05, 1.38488, 0.000159405
368, 0.983232, 4.77495e-05, 1.42863, 0.000159405
368, 0.994294, 4.64682e-05, 1.4956, 0.000159405
368, 1.00536, 4.45672e-05, 1.60204, 0.000159405
368, 1.01642, 4.16875e-05, 1.78179, 0.000159405
368, 1.02748, 3.71835e-05, 2.11874, 0.000159405
368, 1.03854, 2.97759e-05, 2.89462, 0.000159405
368, 1.0496, 1.65226e-05, 6.0186, 0.000159405
368, 1.06067, 2.81442e-08, 3909.91, 0.000178922
368, 1.07173, -9.42198e-05, -2.2308, 0.000159405
368, 1.08279, -0.00270559, -1.04286, 0.000159405
368, 1.09385, 0.000285836, -0.594293, 0.000159405
368, 1.10491, 0.000183839, -0.369201, 0.000159405
368, 1.11598, 0.000152633, -0.240232, 0.000159405
368, 1.12704, 0.000138166, -0.160676, 0.000159405
368, 1.1381, 0.000130203, -0.109349, 0.000159405
353, 0.0297978, 1.06456e-08, 10506.3, 0.000152042
353, 0.0409018, 1.53341e-08, 7293.62, 0.000152042
353, 0.0520059, 2.20865e-08, 5063.48, 0.000152042
353, 0.0631099, 3.18101e-08, 3515.38, 0.000152042
353, 0.074214, 4.58104e-08, 2440.73, 0.000152042
353, 0.085318, 6.59634e-08, 1694.73, 0.000152042
353, 0.0964221, 9.49636e-08, 1176.89, 0.000152042
353, 0.107526, 1.36675e-07, 817.413, 0.000152042
353, 0.11863, 1.96627e-07, 567.876, 0.000152042
353, 0.129734, 2.82712e-07, 394.655, 0.000152042
353, 0.140838, 4.06146e-07, 274.409, 0.000152042
353, 0.151942, 5.82773e-07, 190.938, 0.000152042
353, 0.163046, 8.34781e-07, 132.995, 0.000152042
353, 0.17415, 1.19285e-06, 92.7723, 0.000152042
353, 0.185254, 1.69863e-06, 64.8509, 0.000152042
353, 0.196358, 2.40714e-06, 45.4686, 0.000152042
353, 0.207463, 3.38815e-06, 32.014, 0.000152042
353, 0.218567, 4.72483e-06, 22.6742, 0.000152042
353, 0.229671, 6.50679e-06, 16.1907, 0.000152042
353, 0.240775, 8.81446e-06, 11.6901, 0.000152042
353, 0.251879, 1.16932e-05, 8.56591, 0.000152042
353, 0.262983, 1.51215e-05, 6.39717, 0.000152042
353, 0.274087, 1.89854e-05, 4.8917, 0.000152042
353, 0.285191, 2.30792e-05, 3.84664, 0.000152042
353, 0.296295, 2.71418e-05, 3.12119, 0.000152042
353, 0.307399, 3.09201e-05, 2.6176, 0.000152042
353, 0.318503, 3.42275e-05, 2.26802, 0.000152042
353, 0.329607, 3.6973e-05, 2.02536, 0.000152042
353, 0.340711, 3.9153e-05, 1.85691, 0.000152042
353, 0.351815, 4.08239e-05, 1.73997, 0.000152042
353, 0.362919, 4.20703e-05, 1.6588, 0.000152042
353, 0.374023, 4.29812e-05, 1.60245, 0.000152042
353, 0.385127, 4.3637e-05, 1.56334, 0.000152042
353, 0.396231, 4.41042e-05, 1.53618, 0.000152042
353, 0.407335, 4.44345e-05, 1.51733, 0.000152042
353, 0.418439, 4.46666e-05, 1.50425, 0.000152042
353, 0.429543, 4.48292e-05, 1.49517, 0.000152042
353, 0.440647, 4.49428e-05, 1.48886, 0.000152042
353, 0.451751, 4.50219e-05, 1.48449, 0.000152042
353, 0.462856, 4.50771e-05, 1.48145, 0.000152042
353, 0.47396, 4.51154e-05, 1.47934, 0.000152042
353, 0.485064, 4.51421e-05, 1.47788, 0.000152042
353, 0.496168, 4.51606e-05, 1.47686, 0.000152042
353, 0.507272, 4.51735e-05, 1.47615, 0.000152042
353, 0.518376, 4.51824e-05, 1.47566, 0.000152042
353, 0.52948, 4.51886e-05, 1.47532, 0.000152042
353, 0.540584, 4.51929e-05, 1.47509, 0.000152042
353, 0.551688, 4.51959e-05, 1.47492, 0.000152042
353, 0.562792, 4.5198e-05, 1.47481, 0.000152042
353, 0.573896, 4.51994e-05, 1.47473, 0.000152042
353, 0.585, 4.52004e-05, 1.47468, 0.000152042
353, 0.596104, 4.52011e-05, 1.47464, 0.000152042
353, 0.607208, 4.52016e-05, 1.47461, 0.000152042
353, 0.618312, 4.52019e-05, 1.47459, 0.000152042
353, 0.629416, 4.52021e-05, 1.47458, 0.000152042
353, 0.64052, 4.52023e-05, 1.47457, 0.000152042
353, 0.651624, 4.52024e-05, 1.47457, 0.000152042
353, 0.662728, 4.52025e-05, 1.47456, 0.000152042
353, 0.673832, 4.52025e-05, 1.47456, 0.000152042
353, 0.684936, 4.52025e-05, 1.47456, 0.000152042
353, 0.69604, 4.52025e-05, 1.47456, 0.000152042
353, 0.707144, 4.52024e-05, 1.47457, 0.000152042
353, 0.718249, 4.52023e-05, 1.47457, 0.000152042
353, 0.729353, 4.52022e-05, 1.47458, 0.000152042
353, 0.740457, 4.5202e-05, 1.47459, 0.000152042
353, 0.751561, 4.52017e-05, 1.47461, 0.000152042
353, 0.762665, 4.52013e-05, 1.47463, 0.000152042
353, 0.773769, 4.52006e-05, 1.47466, 0.000152042
353, 0.784873, 4.51997e-05, 1.47471, 0.000152042
353, 0.795977, 4.51984e-05, 1.47478, 0.000152042
353, 0.807081, 4.51966e-05, 1.47489, 0.000152042
353, 0.818185, 4.51939e-05, 1.47503, 0.000152042
353, 0.829289, 4.519e-05, 1.47525, 0.000152042
353, 0.840393, 4.51844e-05, 1.47555, 0.000152042
353, 0.851497, 4.51763e-05, 1.476, 0.000152042
353, 0.862601, 4.51647e-05, 1.47663, 0.000152042
353, 0.873705, 4.5148e-05, 1.47755, 0.000152042
353, 0.884809, 4.51239e-05, 1.47887, 0.000152042
353, 0.895913, 4.50891e-05, 1.48079, 0.000152042
353, 0.907017, 4.50389e-05, 1.48355, 0.000152042
353, 0.918121, 4.49665e-05, 1.48755, 0.000152042
353, 0.929225, 4.48619e-05, 1.49335, 0.000152042
353, 0.940329, 4.47107e-05, 1.50178, 0.000152042
353, 0.951433, 4.44916e-05, 1.5141, 0.000152042
353, 0.962537, 4.41735e-05, 1.53221, 0.000152042
353, 0.973642, 4.37099e-05, 1.55906, 0.000152042
353, 0.984746, 4.30308e-05, 1.59945, 0.000152042
353, 0.99585, 4.20284e-05, 1.66145, 0.000152042
353, 1.00695, 4.05319e-05, 1.75971, 0.000152042
353, 1.01806, 3.82598e-05, 1.9236, 0.000152042
353, 1.02916, 3.472e-05, 2.22168, 0.000152042
353, 1.04027, 2.89774e-05, 2.86013, 0.000152042
353, 1.05137, 1.90213e-05, 4.8806, 0.000152042
353, 1.06247, 1.20527e-07, 924.166, 0.000152712
353, 1.07358, -4.88546e-05, -3.28958, 0.000152042
353, 1.08468, -0.000312964, -1.35741, 0.000152042
353, 1.09579, 0.000422535, -0.735273, 0.000152042
353, 1.10689, 0.000200772, -0.442869, 0.000152042
353, 1.11799, 0.000155694, -0.281565, 0.000152042
353, 1.1291, 0.000137192, -0.18467, 0.000152042
353, 1.1402, 0.000127612, -0.123464, 0.000152042
343, 0.0284208, 1.0453e-08, 10446.2, 0.000138205
343, 0.0395524, 1.52318e-08, 7168.51, 0.000138205
343, 0.050684, 2.21942e-08, 4919.42, 0.000138205
343, 0.0618156, 3.23367e-08, 3376.12, 0.000138205
343, 0.0729472, 4.71088e-08, 2317.14, 0.000138205
343, 0.0840787, 6.86183e-08, 1590.48, 0.000138205
343, 0.0952103, 9.99255e-08, 1091.86, 0.000138205
343, 0.106342, 1.45467e-07, 749.718, 0.000138205
343, 0.117473, 2.1166e-07, 514.944, 0.000138205
343, 0.128605, 3.07754e-07, 353.845, 0.000138205
343, 0.139737, 4.47007e-07, 243.302, 0.000138205
343, 0.150868, 6.48295e-07, 167.449, 0.000138205
343, 0.162, 9.38184e-07, 115.4, 0.000138205
343, 0.173131, 1.35347e-06, 79.6851, 0.000138205
343, 0.184263, 1.94391e-06, 55.1779, 0.000138205
343, 0.195395, 2.77441e-06, 38.3615, 0.000138205
343, 0.206526, 3.92508e-06, 26.8223, 0.000138205
343, 0.217658, 5.48649e-06, 18.9043, 0.000138205
343, 0.228789, 7.54639e-06, 13.4711, 0.000138205
343, 0.239921, 1.01652e-05, 9.74297, 0.000138205
343, 0.251052, 1.33425e-05, 7.18476, 0.000138205
343, 0.262184, 1.69854e-05, 5.42935, 0.000138205
343, 0.273316, 2.09012e-05, 4.22483, 0.000138205
343, 0.284447, 2.48289e-05, 3.3983, 0.000138205
343, 0.295579, 2.85045e-05, 2.83115, 0.000138205
343, 0.30671, 3.17274e-05, 2.44198, 0.000138205
343, 0.317842, 3.43959e-05, 2.17494, 0.000138205
343, 0.328974, 3.65027e-05, 1.9917, 0.000138205
343, 0.340105, 3.81041e-05, 1.86596, 0.000138205
343, 0.351237, 3.92868e-05, 1.77968, 0.000138205
343, 0.362368, 4.01418e-05, 1.72048, 0.000138205
343, 0.3735, 4.07503e-05, 1.67986, 0.000138205
343, 0.384631, 4.11786e-05, 1.65198, 0.000138205
343, 0.395763, 4.14778e-05, 1.63285, 0.000138205
343, 0.406895, 4.16856e-05, 1.61973, 0.000138205
343, 0.418026, 4.18294e-05, 1.61072, 0.000138205
343, 0.429158, 4.19286e-05, 1.60454, 0.000138205
343, 0.440289, 4.1997e-05, 1.6003, 0.000138205
343, 0.451421, 4.20441e-05, 1.59739, 0.000138205
343, 0.462553, 4.20764e-05, 1.5954, 0.000138205
343, 0.473684, 4.20986e-05, 1.59403, 0.000138205
343, 0.484816, 4.21139e-05, 1.59309, 0.000138205
343, 0.495947, 4.21244e-05, 1.59244, 0.000138205
343, 0.507079, 4.21316e-05, 1.592, 0.000138205
343, 0.51821, 4.21365e-05, 1.59169, 0.000138205
343, 0.529342, 4.21399e-05, 1.59149, 0.000138205
343, 0.540474, 4.21422e-05, 1.59134, 0.000138205
343, 0.551605, 4.21438e-05, 1.59124, 0.000138205
343, 0.562737, 4.21449e-05, 1.59118, 0.000138205
343, 0.573868, 4.21457e-05, 1.59113, 0.000138205
343, 0.585, 4.21462e-05, 1.5911, 0.000138205
343, 0.596132, 4.21465e-05, 1.59108, 0.000138205
343, 0.607263, 4.21468e-05, 1.59106, 0.000138205
343, 0.618395, 4.21469e-05, 1.59105, 0.000138205
343, 0.629526, 4.2147e-05, 1.59105, 0.000138205
343, 0.640658, 4.21471e-05, 1.59104, 0.000138205
343, 0.65179, 4.21472e-05, 1.59104, 0.000138205
343, 0.662921, 4.21472e-05, 1.59104, 0.000138205
343, 0.674053, 4.21472e-05, 1.59104, 0.000138205
343, 0.685184, 4.21472e-05, 1.59104, 0.000138205
343, 0.696316, 4.21472e-05, 1.59104, 0.000138205
343, 0.707447, 4.21471e-05, 1.59104, 0.000138205
343, 0.718579, 4.21471e-05, 1.59104, 0.000138205
343, 0.729711, 4.2147e-05, 1.59105, 0.000138205
343, 0.740842, 4.21469e-05, 1.59106, 0.000138205
343, 0.751974, 4.21467e-05, 1.59107, 0.000138205
343, 0.763105, 4.21464e-05, 1.59109, 0.000138205
343, 0.774237, 4.2146e-05, 1.59111, 0.000138205
343, 0.785369, 4.21453e-05, 1.59115, 0.000138205
343, 0.7965, 4.21444e-05, 1.59121, 0.000138205
343, 0.807632, 4.21431e-05, 1.59129, 0.000138205
343, 0.818763, 4.21412e-05, 1.5914, 0.000138205
343, 0.829895, 4.21385e-05, 1.59157, 0.000138205
343, 0.841026, 4.21344e-05, 1.59182, 0.000138205
343, 0.852158, 4.21285e-05, 1.59218, 0.000138205
343, 0.86329, 4.212e-05, 1.59271, 0.000138205
343, 0.874421, 4.21075e-05, 1.59348, 0.000138205
343, 0.885553, 4.20892e-05, 1.59461, 0.000138205
343, 0.896684, 4.20626e-05, 1.59625, 0.000138205
343, 0.907816, 4.20238e-05, 1.59864, 0.000138205
343, 0.918948, 4.19672e-05, 1.60215, 0.000138205
343, 0.930079, 4.18845e-05, 1.60729, 0.000138205
343, 0.941211, 4.17636e-05, 1.61483, 0.000138205
343, 0.952342, 4.15867e-05, 1.62596, 0.000138205
343, 0.963474, 4.13271e-05, 1.64245, 0.000138205
343, 0.974605, 4.09453e-05, 1.66709, 0.000138205
343, 0.985737, 4.03811e-05, 1.70435, 0.000138205
343, 0.996869, 3.9542e-05, 1.76174, 0.000138205
343, 1.008, 3.82819e-05, 1.85265, 0.000138205
343, 1.01913, 3.63615e-05, 2.00331, 0.000138205
343, 1.03026, 3.33691e-05, 2.27263, 0.000138205
343, 1.04139, 2.85399e-05, 2.82639, 0.000138205
343, 1.05253, 2.02882e-05, 4.38268, 0.000138205
343, 1.06366, 4.71013e-06, 22.1851, 0.000138205
343, 1.07479, -3.11174e-05, -4.50945, 0.000138205
343, 1.08592, -0.000171253, -1.63768, 0.000138205
343, 1.09705, 0.000725053, -0.849384, 0.000138205
343, 1.10818, 0.000218061, -0.499201, 0.000138205
343, 1.11932, 0.000158691, -0.311839, 0.000138205
343, 1.13045, 0.000136776, -0.20158, 0.000138205
343, 1.14158, 0.000125962, -0.133032, 0.000138205
333, 0.0270642, 1.02146e-08, 10426.7, 0.000131263
333, 0.038223, 1.50678e-08, 7068.05, 0.000131263
333, 0.0493817, 2.22255e-08, 4791.46, 0.000131263
333, 0.0605404, 3.27805e-08, 3248.34, 0.000131263
333, 0.0716991, 4.83419e-08, 2202.36, 0.000131263
333, 0.0828578, 7.1277e-08, 1493.38, 0.000131263
333, 0.0940165, 1.05064e-07, 1012.81, 0.000131263
333, 0.105175, 1.54804e-07, 687.064, 0.000131263
333, 0.116334, 2.27953e-07, 466.267, 0.000131263
333, 0.127493, 3.35368e-07, 316.605, 0.000131263
333, 0.138651, 4.92757e-07, 215.161, 0.000131263
333, 0.14981, 7.22628e-07, 146.399, 0.000131263
333, 0.160969, 1.05679e-06, 99.7905, 0.000131263
333, 0.172128, 1.53927e-06, 68.1981, 0.000131263
333, 0.183286, 2.22909e-06, 46.7839, 0.000131263
333, 0.194445, 3.20164e-06, 32.2688, 0.000131263
333, 0.205604, 4.54606e-06, 22.4301, 0.000131263
333, 0.216762, 6.35484e-06, 15.7612, 0.000131263
333, 0.227921, 8.7016e-06, 11.2408, 0.000131263
333, 0.23908, 1.1607e-05, 8.1768, 0.000131263
333, 0.250239, 1.50022e-05, 6.09992, 0.000131263
333, 0.261397, 1.87125e-05, 4.69216, 0.000131263
333, 0.272556, 2.24812e-05, 3.73795, 0.000131263
333, 0.283715, 2.60354e-05, 3.09116, 0.000131263
333, 0.294873, 2.91602e-05, 2.65275, 0.000131263
333, 0.306032, 3.17426e-05, 2.35558, 0.000131263
333, 0.317191, 3.37697e-05, 2.15415, 0.000131263
333, 0.32835, 3.52976e-05, 2.01762, 0.000131263
333, 0.339508, 3.64144e-05, 1.92507, 0.000131263
333, 0.350667, 3.72124e-05, 1.86234, 0.000131263
333, 0.361826, 3.77735e-05, 1.81982, 0.000131263
333, 0.372984, 3.81636e-05, 1.791, 0.000131263
333, 0.384143, 3.84326e-05, 1.77147, 0.000131263
333, 0.395302, 3.86171e-05, 1.75822, 0.000131263
333, 0.406461, 3.87432e-05, 1.74925, 0.000131263
333, 0.417619, 3.88291e-05, 1.74317, 0.000131263
333, 0.428778, 3.88876e-05, 1.73904, 0.000131263
333, 0.439937, 3.89273e-05, 1.73625, 0.000131263
333, 0.451095, 3.89543e-05, 1.73435, 0.000131263
333, 0.462254, 3.89726e-05, 1.73307, 0.000131263
333, 0.473413, 3.8985e-05, 1.7322, 0.000131263
333, 0.484572, 3.89934e-05, 1.73161, 0.000131263
333, 0.49573, 3.89991e-05, 1.73121, 0.000131263
333, 0.506889, 3.9003e-05, 1.73094, 0.000131263
333, 0.518048, 3.90056e-05, 1.73075, 0.000131263
333, 0.529206, 3.90074e-05, 1.73063, 0.000131263
333, 0.540365, 3.90086e-05, 1.73054, 0.000131263
333, 0.551524, 3.90094e-05, 1.73049, 0.000131263
333, 0.562683, 3.901e-05, 1.73045, 0.000131263
333, 0.573841, 3.90104e-05, 1.73042, 0.000131263
333, 0.585, 3.90106e-05, 1.7304, 0.000131263
333, 0.596159, 3.90108e-05, 1.73039, 0.000131263
333, 0.607317, 3.90109e-05, 1.73038, 0.000131263
333, 0.618476, 3.9011e-05, 1.73038, 0.000131263
333, 0.629635, 3.9011e-05, 1.73037, 0.000131263
333, 0.640794, 3.90111e-05, 1.73037, 0.000131263
333, 0.651952, 3.90111e-05, 1.73037, 0.000131263
333, 0.663111, 3.90111e-05, 1.73037, 0.000131263
333, 0.67427, 3.90111e-05, 1.73037, 0.000131263
333, 0.685428, 3.90111e-05, 1.73037, 0.000131263
333, 0.696587, 3.90111e-05, 1.73037, 0.000131263
333, 0.707746, 3.90111e-05, 1.73037, 0.000131263
333, 0.718905, 3.9011e-05, 1.73037, 0.000131263
333, 0.730063, 3.9011e-05, 1.73038, 0.000131263
333, 0.741222, 3.90109e-05, 1.73038, 0.000131263
333, 0.752381, 3.90108e-05, 1.73039, 0.000131263
333, 0.763539, 3.90106e-05, 1.73041, 0.000131263
333, 0.774698, 3.90103e-05, 1.73043, 0.000131263
333, 0.785857, 3.90099e-05, 1.73045, 0.000131263
333, 0.797016, 3.90093e-05, 1.7305, 0.000131263
333, 0.808174, 3.90084e-05, 1.73056, 0.000131263
333, 0.819333, 3.90071e-05, 1.73065, 0.000131263
333, 0.830492, 3.90051e-05, 1.73079, 0.000131263
333, 0.84165, 3.90023e-05, 1.73099, 0.000131263
333, 0.852809, 3.89981e-05, 1.73128, 0.000131263
333, 0.863968, 3.89918e-05, 1.73172, 0.000131263
333, 0.875127, 3.89826e-05, 1.73236, 0.000131263
333, 0.886285, 3.89691e-05, 1.73331, 0.000131263
333, 0.897444, 3.89491e-05, 1.73472, 0.000131263
333, 0.908603, 3.89195e-05, 1.7368, 0.000131263
333, 0.919761, 3.88758e-05, 1.73987, 0.000131263
333, 0.93092, 3.88113e-05, 1.74442, 0.000131263
333, 0.942079, 3.87159e-05, 1.75119, 0.000131263
333, 0.953238, 3.85747e-05, 1.76126, 0.000131263
333, 0.964396, 3.83652e-05, 1.77634, 0.000131263
333, 0.975555, 3.80538e-05, 1.79905, 0.000131263
333, 0.986714, 3.75892e-05, 1.83365, 0.000131263
333, 0.997872, 3.68922e-05, 1.88719, 0.000131263
333, 1.00903, 3.58377e-05, 1.97214, 0.000131263
333, 1.02019, 3.42223e-05, 2.11244, 0.000131263
333, 1.03135, 3.16996e-05, 2.36013, 0.000131263
333, 1.04251, 2.76389e-05, 2.8538, 0.000131263
333, 1.05367, 2.07732e-05, 4.12751, 0.000131263
333, 1.06482, 8.1402e-06, 12.085, 0.000131263
333, 1.07598, -1.91824e-05, -6.55275, 0.000131263
333, 1.08714, -0.000106441, -2.00069, 0.000131263
333, 1.0983, 0.00892125, -0.988061, 0.000131263
333, 1.10946, 0.000245239, -0.565669, 0.000131263
333, 1.12062, 0.000163089, -0.34689, 0.000131263
333, 1.13178, 0.000136709, -0.220866, 0.000131263
333, 1.14294, 0.000124403, -0.143796, 0.000131263
323, 0.0257287, 9.97345e-09, 10386.7, 0.000117446
323, 0.0369141, 1.49044e-08, 6950.08, 0.000117446
323, 0.0480995, 2.22716e-08, 4650.72, 0.000117446
323, 0.059285, 3.32771e-08, 3112.29, 0.000117446
323, 0.0704704, 4.97135e-08, 2082.97, 0.000117446
323, 0.0816558, 7.42515e-08, 1394.28, 0.000117446
323, 0.0928412, 1.10864e-07, 933.492, 0.000117446
323, 0.104027, 1.65446e-07, 625.194, 0.000117446
323, 0.115212, 2.46716e-07, 418.921, 0.000117446
323, 0.126398, 3.67499e-07, 280.909, 0.000117446
323, 0.137583, 5.46508e-07, 188.57, 0.000117446
323, 0.148768, 8.1073e-07, 126.788, 0.000117446
323, 0.159954, 1.19838e-06, 85.4512, 0.000117446
323, 0.171139, 1.7621e-06, 57.7941, 0.000117446
323, 0.182325, 2.57142e-06, 39.2895, 0.000117446
323, 0.19351, 3.71216e-06, 26.9086, 0.000117446
323, 0.204696, 5.27908e-06, 18.6249, 0.000117446
323, 0.215881, 7.35675e-06, 13.0825, 0.000117446
323, 0.227066, 9.98642e-06, 9.37422, 0.000117446
323, 0.238252, 1.31255e-05, 6.89312, 0.000117446
323, 0.249437, 1.66212e-05, 5.23309, 0.000117446
323, 0.260623, 2.02251e-05, 4.12241, 0.000117446
323, 0.271808, 2.36571e-05, 3.37929, 0.000117446
323, 0.282993, 2.6687e-05, 2.88208, 0.000117446
323, 0.294179, 2.91883e-05, 2.54942, 0.000117446
323, 0.305364, 3.11411e-05, 2.32684, 0.000117446
323, 0.31655, 3.26003e-05, 2.17792, 0.000117446
323, 0.327735, 3.36556e-05, 2.07828, 0.000117446
323, 0.338921, 3.44006e-05, 2.01162, 0.000117446
323, 0.350106, 3.49177e-05, 1.96701, 0.000117446
323, 0.361291, 3.52725e-05, 1.93717, 0.000117446
323, 0.372477, 3.55139e-05, 1.9172, 0.000117446
323, 0.383662, 3.56773e-05, 1.90384, 0.000117446
323, 0.394848, 3.57875e-05, 1.8949, 0.000117446
323, 0.406033, 3.58616e-05, 1.88892, 0.000117446
323, 0.417219, 3.59113e-05, 1.88492, 0.000117446
323, 0.428404, 3.59446e-05, 1.88225, 0.000117446
323, 0.439589, 3.5967e-05, 1.88045, 0.000117446
323, 0.450775, 3.5982e-05, 1.87926, 0.000117446
323, 0.46196, 3.5992e-05, 1.87845, 0.000117446
323, 0.473146, 3.59987e-05, 1.87792, 0.000117446
323, 0.484331, 3.60032e-05, 1.87756, 0.000117446
323, 0.495517, 3.60062e-05, 1.87732, 0.000117446
323, 0.506702, 3.60082e-05, 1.87716, 0.000117446
323, 0.517887, 3.60096e-05, 1.87705, 0.000117446
323, 0.529073, 3.60105e-05, 1.87698, 0.000117446
323, 0.540258, 3.60111e-05, 1.87693, 0.000117446
323, 0.551444, 3.60115e-05, 1.8769, 0.000117446
323, 0.562629, 3.60117e-05, 1.87688, 0.000117446
323, 0.573815, 3.60119e-05, 1.87686, 0.000117446
323, 0.585, 3.6012e-05, 1.87685, 0.000117446
323, 0.596185, 3.60121e-05, 1.87685, 0.000117446
323, 0.607371, 3.60122e-05, 1.87684, 0.000117446
323, 0.618556, 3.60122e-05, 1.87684, 0.000117446
323, 0.629742, 3.60122e-05, 1.87684, 0.000117446
323, 0.640927, 3.60122e-05, 1.87684, 0.000117446
323, 0.652113, 3.60123e-05, 1.87684, 0.000117446
323, 0.663298, 3.60123e-05, 1.87684, 0.000117446
323, 0.674483, 3.60123e-05, 1.87684, 0.000117446
323, 0.685669, 3.60123e-05, 1.87684, 0.000117446
323, 0.696854, 3.60122e-05, 1.87684, 0.000117446
323, 0.70804, 3.60122e-05, 1.87684, 0.000117446
323, 0.719225, 3.60122e-05, 1.87684, 0.000117446
323, 0.730411, 3.60122e-05, 1.87684, 0.000117446
323, 0.741596, 3.60121e-05, 1.87685, 0.000117446
323, 0.752781, 3.6012e-05, 1.87685, 0.000117446
323, 0.763967, 3.60119e-05, 1.87686, 0.000117446
323, 0.775152, 3.60117e-05, 1.87688, 0.000117446
323, 0.786338, 3.60115e-05, 1.8769, 0.000117446
323, 0.797523, 3.60111e-05, 1.87693, 0.000117446
323, 0.808709, 3.60105e-05, 1.87698, 0.000117446
323, 0.819894, 3.60096e-05, 1.87705, 0.000117446
323, 0.831079, 3.60083e-05, 1.87715, 0.000117446
323, 0.842265, 3.60063e-05, 1.87731, 0.000117446
323, 0.85345, 3.60034e-05, 1.87755, 0.000117446
323, 0.864636, 3.5999e-05, 1.8779, 0.000117446
323, 0.875821, 3.59924e-05, 1.87843, 0.000117446
323, 0.887007, 3.59825e-05, 1.87921, 0.000117446
323, 0.898192, 3.59678e-05, 1.88039, 0.000117446
323, 0.909377, 3.59457e-05, 1.88216, 0.000117446
323, 0.920563, 3.59127e-05, 1.88481, 0.000117446
323, 0.931748, 3.58634e-05, 1.88877, 0.000117446
323, 0.942934, 3.57895e-05, 1.89474, 0.000117446
323, 0.954119, 3.56788e-05, 1.90372, 0.000117446
323, 0.965304, 3.55127e-05, 1.91731, 0.000117446
323, 0.97649, 3.52628e-05, 1.93798, 0.000117446
323, 0.987675, 3.48859e-05, 1.96972, 0.000117446
323, 0.998861, 3.43149e-05, 2.01914, 0.000117446
323, 1.01005, 3.34434e-05, 2.09781, 0.000117446
323, 1.02123, 3.20992e-05, 2.22753, 0.000117446
323, 1.03242, 2.99914e-05, 2.45437, 0.000117446
323, 1.0436, 2.65987e-05, 2.89498, 0.000117446
323, 1.05479, 2.09017e-05, 3.9566, 0.000117446
323, 1.06597, 1.06201e-05, 8.75524, 0.000117446
323, 1.07716, 1.27408e-08, 7558.99, 0.000148178
323, 1.08834, -6.97225e-05, -2.48591, 0.000117446
323, 1.09953, -0.000662481, -1.15638, 0.000117446
323, 1.11072, 0.000289929, -0.642666, 0.000117446
323, 1.1219, 0.000168793, -0.386224, 0.000117446
323, 1.13309, 0.000136666, -0.241936, 0.000117446
323, 1.14427, 0.000122641, -0.15525, 0.000117446
309, 0.0238955, 9.17058e-09, 10867.9, 0.000127708
309, 0.0351176, 1.39753e-08, 7131.2, 0.000127708
309, 0.0463397, 2.12956e-08, 4679.53, 0.000127708
309, 0.0575618, 3.24461e-08, 3071, 0.000127708
309, 0.0687839, 4.94258e-08, 2015.65, 0.000127708
309, 0.080006, 7.52692e-08, 1323.24, 0.000127708
309, 0.091228, 1.14575e-07, 868.952, 0.000127708
309, 0.10245, 1.74288e-07, 570.896, 0.000127708
309, 0.113672, 2.64851e-07, 375.342, 0.000127708
309, 0.124894, 4.01849e-07, 247.04, 0.000127708
309, 0.136116, 6.08285e-07, 162.862, 0.000127708
309, 0.147338, 9.17539e-07, 107.632, 0.000127708
309, 0.158561, 1.37678e-06, 71.3968, 0.000127708
309, 0.169783, 2.04996e-06, 47.6228, 0.000127708
309, 0.181005, 3.01818e-06, 32.0247, 0.000127708
309, 0.192227, 4.37344e-06, 21.7909, 0.000127708
309, 0.203449, 6.20001e-06, 15.0765, 0.000127708
309, 0.214671, 8.54018e-06, 10.6712, 0.000127708
309, 0.225893, 1.13512e-05, 7.78097, 0.000127708
309, 0.237115, 1.44778e-05, 5.88466, 0.000127708
309, 0.248337, 1.76712e-05, 4.6405, 0.000127708
309, 0.259559, 2.06613e-05, 3.82422, 0.000127708
309, 0.270781, 2.32414e-05, 3.28866, 0.000127708
309, 0.282004, 2.53156e-05, 2.93728, 0.000127708
309, 0.293226, 2.68901e-05, 2.70674, 0.000127708
309, 0.304448, 2.80341e-05, 2.55548, 0.000127708
309, 0.31567, 2.8839e-05, 2.45624, 0.000127708
309, 0.326892, 2.93927e-05, 2.39113, 0.000127708
309, 0.338114, 2.97677e-05, 2.34841, 0.000127708
309, 0.349336, 3.0019e-05, 2.32039, 0.000127708
309, 0.360558, 3.01861e-05, 2.302, 0.000127708
309, 0.37178, 3.02968e-05, 2.28993, 0.000127708
309, 0.383002, 3.03699e-05, 2.28202, 0.000127708
309, 0.394224, 3.0418e-05, 2.27682, 0.000127708
309, 0.405447, 3.04497e-05, 2.27342, 0.000127708
309, 0.416669, 3.04705e-05, 2.27118, 0.000127708
309, 0.427891, 3.04842e-05, 2.26971, 0.000127708
309, 0.439113, 3.04932e-05, 2.26875, 0.000127708
309, 0.450335, 3.0499e-05, 2.26812, 0.000127708
309, 0.461557, 3.05029e-05, 2.26771, 0.000127708
309, 0.472779, 3.05054e-05, 2.26743, 0.000127708
309, 0.484001, 3.05071e-05, 2.26726, 0.000127708
309, 0.495223, 3.05082e-05, 2.26714, 0.000127708
309, 0.506445, 3.05089e-05, 2.26706, 0.000127708
309, 0.517667, 3.05094e-05, 2.26701, 0.000127708
309, 0.52889, 3.05097e-05, 2.26698, 0.000127708
309, 0.540112, 3.05099e-05, 2.26696, 0.000127708
309, 0.551334, 3.051e-05, 2.26694, 0.000127708
309, 0.562556, 3.05101e-05, 2.26693, 0.000127708
309, 0.573778, 3.05102e-05, 2.26693, 0.000127708
309, 0.585, 3.05102e-05, 2.26692, 0.000127708
309, 0.596222, 3.05102e-05, 2.26692, 0.000127708
309, 0.607444, 3.05103e-05, 2.26692, 0.000127708
309, 0.618666, 3.05103e-05, 2.26692, 0.000127708
309, 0.629888, 3.05103e-05, 2.26692, 0.000127708
309, 0.64111, 3.05103e-05, 2.26692, 0.000127708
309, 0.652333, 3.05103e-05, 2.26692, 0.000127708
309, 0.663555, 3.05103e-05, 2.26692, 0.000127708
309, 0.674777, 3.05103e-05, 2.26692, 0.000127708
309, 0.685999, 3.05103e-05, 2.26692, 0.000127708
309, 0.697221, 3.05103e-05, 2.26692, 0.000127708
309, 0.708443, 3.05103e-05, 2.26692, 0.000127708
309, 0.719665, 3.05103e-05, 2.26692, 0.000127708
309, 0.730887, 3.05102e-05, 2.26692, 0.000127708
309, 0.742109, 3.05102e-05, 2.26692, 0.000127708
309, 0.753331, 3.05102e-05, 2.26693, 0.000127708
309, 0.764553, 3.05101e-05, 2.26693, 0.000127708
309, 0.775776, 3.051e-05, 2.26694, 0.000127708
309, 0.786998, 3.05099e-05, 2.26696, 0.000127708
309, 0.79822, 3.05097e-05, 2.26698, 0.000127708
309, 0.809442, 3.05093e-05, 2.26702, 0.000127708
309, 0.820664, 3.05088e-05, 2.26707, 0.000127708
309, 0.831886, 3.05081e-05, 2.26715, 0.000127708
309, 0.843108, 3.05069e-05, 2.26727, 0.000127708
309, 0.85433, 3.05052e-05, 2.26746, 0.000127708
309, 0.865552, 3.05025e-05, 2.26775, 0.000127708
309, 0.876774, 3.04984e-05, 2.26819, 0.000127708
309, 0.887996, 3.04922e-05, 2.26886, 0.000127708
309, 0.899219, 3.04827e-05, 2.26987, 0.000127708
309, 0.910441, 3.04682e-05, 2.27143, 0.000127708
309, 0.921663, 3.04461e-05, 2.2738, 0.000127708
309, 0.932885, 3.04124e-05, 2.27743, 0.000127708
309, 0.944107, 3.0361e-05, 2.28298, 0.000127708
309, 0.955329, 3.02825e-05, 2.29149, 0.000127708
309, 0.966551, 3.01625e-05, 2.30459, 0.000127708
309, 0.977773, 2.99788e-05, 2.32484, 0.000127708
309, 0.988995, 2.96969e-05, 2.3564, 0.000127708
309, 1.00022, 2.92628e-05, 2.40618, 0.000127708
309, 1.01144, 2.85908e-05, 2.48624, 0.000127708
309, 1.02266, 2.75415e-05, 2.61907, 0.000127708
309, 1.03388, 2.58812e-05, 2.85123, 0.000127708
309, 1.04511, 2.31983e-05, 3.29664, 0.000127708
309, 1.05633, 1.87117e-05, 4.32685, 0.000127708
309, 1.06755, 1.07614e-05, 8.26221, 0.000127708
309, 1.07877, 1.44622e-08, 6609.13, 0.000142274
309, 1.08999, -4.32239e-05, -3.30601, 0.000127708
309, 1.10122, -0.000224212, -1.44456, 0.000127708
309, 1.11244, 0.000447777, -0.777402, 0.000127708
309, 1.12366, 0.000183307, -0.456243, 0.000127708
309, 1.13488, 0.000138429, -0.279962, 0.000127708
309, 1.1461, 0.000120993, -0.176198, 0.000127708
