deltaN, tau	deltaN, tau	deltaN, tau
 48046880889529600 0.0001268304 44345532077643200 0.000129719 47201404729821800 0.0001256076 45309012439026500 0.0001198189 39518259161658500 0.0001169928 42680004517504300 0.0001126386 42892543549150500 0.0001095741 37718023803835300 0.0001060632 34180622617626300 0.0001018427 34741954943832100 9.94928270149885E-005 34279471875256600 9.63839303376739E-005 38078414765823200 9.37326402685402E-005 33659842266941800 9.04098359168606E-005 36473735296994700 0.00008823 31057351531436400 8.31313480369275E-005
 53157278057657000 0.00011496 52980705958190500 0.0001207373 52681470969418900 0.0001145242 50982250863211500 0.0001112188 48214015609869800 0.0001117719 47972804695857800 0.0001049016 48371576580763000 0.0001033631 45456446983940400 0.0001018131 42379713751541700 9.87582811144636E-005 41667115218088500 9.57272271216471E-005 41520898300502000 9.40928981937427E-005 42415709355329100 0.000089203 40666876125602300 8.91561609961903E-005 40337574030895700 8.43038066437967E-005 37491309959812300 8.27577679494086E-005
 53339163348305900 0.0001089899 54413692389629100 0.0001116179 52976329294790300 0.0001085942 51178369582090900 0.0001052232 50005911504466700 0.0001047633 48253949875685400 0.000100172 48478869087270000 9.77776510304965E-005 46804308424828200 9.59492788018111E-005 44477072986582200 9.41182471305501E-005 43455284123251000 9.14226679066289E-005 43012476743308000 8.9494563565813E-005 42252887478711100 8.51285139383188E-005 41609755541308300 8.46078292762732E-005 40062456648473300 0.000080719 38521615199147400 7.92359174003366E-005
 52123938656316600 0.0001076785 53481785119491600 0.0001079068 51766959670577600 0.0001070417 49912721462713100 0.0001036586 49176541165334000 0.0001015358 47114585222710000 9.88490965485718E-005 47197436444080600 0.00009583 45874030796404500 9.29156343088044E-005 43851871028326300 9.13807295579355E-005 42652093312723000 8.92325796320559E-005 42170225432810400 8.70366990042009E-005 40949945154203000 8.36681640808068E-005 40566165756272900 8.19579041628743E-005 38704657110360900 7.94793836034594E-005 37621037662980600 7.7144894482027E-005
 50529050461542800 0.0001094977 51949551811203700 0.0001085593 50166303636921600 0.0001087549 48313923840799700 0.0001053747 47707700300768500 0.0001021936 45570475040154700 0.0001003205 45546383639361400 0.000096997 44361166301304500 9.32344961481765E-005 42470786003877400 0.000091565 41250825171609000 8.95463873743837E-005 40688941887245500 8.72668617550583E-005 39332214405695500 8.43924316279191E-005 39010803016052300 8.20060954006081E-005 37097722630401700 8.00762926401711E-005 36093258284816300 7.7187165229541E-005
 48883046810207100 0.0001120883 50305419291348000 0.0001110178 48485228932500800 0.0001112509 46665519007106800 0.0001077101 46078922459232200 0.0001042541 43951234237936000 0.0001023218 43867374262810100 9.90393411615966E-005 42735093902275100 9.48764092484535E-005 40914323414433500 9.29504310555854E-005 39672399012795600 9.08383654836284E-005 39086517525800900 0.000088539 37662349265099900 8.56047405805806E-005 37349913671264100 8.30308184000384E-005 35435347340950300 8.09869200420561E-005 34442783617619200 0.000077894
 47196081410223600 0.0001147394 48563612560328200 0.0001136934 46775440534374600 0.000113771 44976544710123000 0.0001100342 44395581490989200 0.0001064947 42302925139162700 0.000104322 42181901304985100 0.0001010255 41076223716693300 9.66883129657623E-005 39311666106833000 9.45394953237982E-005 38059817017095000 9.22245337223003E-005 37447698952808600 0.000089806 35970938589574200 8.66980738453415E-005 35638656479652800 8.40247652475865E-005 33732706561691800 8.17610639088093E-005 32766308581968000 7.8509721765908E-005
 45513227515127200 0.0001172834 46845176635096700 0.0001162088 45073381149958700 0.0001161722 43297295625445600 0.0001122674 42712413611339600 0.0001086085 40665103412649300 0.0001062667 40481161891090900 0.0001028952 39429742810927300 9.82974482596925E-005 37684831096580800 9.59755191617871E-005 36433462154102600 9.34876965009202E-005 35819511087265100 0.000090987 34294680523644100 8.76434855475031E-005 33961748340187100 8.48873515804901E-005 32048324510666300 8.24125885586753E-005 31139395240224000 7.90168543829412E-005
 43849092638193200 0.0001197578 45135906310120700 0.0001186801 43382042800012700 0.0001184998 41622390643104200 0.0001144212 41038722472230000 0.0001106473 39034177105755100 0.0001080866 38808569697165200 0.0001046764 37799256189671300 9.98636237619816E-005 36089978416218200 9.73210691114844E-005 34835710591197000 9.47121885798633E-005 34208096368563500 0.000092058 32648410842608900 8.84843097738413E-005 32286643410512800 8.56191308479716E-005 30397797648958500 8.29284159160078E-005 29539814524044000 7.94551740789028E-005
 42204194011119900 0.0001220824 43463527517242000 0.0001210473 41724267292174000 0.0001207561 39968522866421600 0.0001164656 39390362333018000 0.0001125829 37427112119133900 0.0001098423 37166239552846700 0.0001063317 36178498148564000 0.0001012959 34514411967952000 9.85735890897368E-005 33253131160169100 9.57859493710874E-005 32636525415002000 9.29974373589919E-005 31046283769154800 8.92143434442324E-005 30661872741253800 8.62233466155695E-005 28806761960045900 8.33448035708503E-005 27972546126245000 7.97381228941055E-005
 40597994023291100 0.0001244348 41808614369310600 0.0001233881 40090485535321400 0.0001229591 38365322940663900 0.0001184865 37781383271855300 0.0001144846 35863315475624400 0.0001115772 35560788298195500 0.0001078996 34588394948670800 0.0001026579 32970954702930700 9.97871083893885E-005 31712723163297300 9.68143424593147E-005 31101423018673900 9.38944612828021E-005 29488430485060000 8.98574442306914E-005 29083320443874500 8.67547475121312E-005 27271128494787700 8.36824322118624E-005 26444137059913000 7.99293958872115E-005
 39024658520608700 0.0001266363 40163780352809600 0.0001256114 38488835106597300 0.0001250355 36784006069278800 0.0001203368 36209993070680100 0.0001162618 34335664676069000 0.0001131671 34018293184427000 0.0001093742 33040463646075500 0.0001039409 31453109963503500 0.0001008661 30215033732219300 9.77246715322799E-005 29601053670575000 0.000094679 27986409302385100 0.000090387 27554878127987200 8.71655756533898E-005 25792813827336800 8.39172655164331E-005 24978853216424500 8.00446741559534E-005
 37504598562147400 0.0001287913 38559493750938800 0.0001277262 36925063626327800 0.0001270006 35253631882131100 0.0001221087 34671273708373300 0.0001179212 32854071253276200 0.0001146531 32530635748817300 0.0001107841 31548480590417100 0.0001051182 29991011084043900 0.0001018465 28775604790480700 9.85728214975065E-005 28137654285546300 9.53303673768717E-005 26544939124415500 9.08645149587165E-005 26095971564037900 8.75260988268413E-005 24371279817459900 0.000084067 23572833120625100 8.00623220636751E-005
 36005868365620600 0.0001308575 37018862856367700 0.0001298341 35421207652889100 0.000128983 33767002880971700 0.0001238694 33184431453255500 0.0001195212 31410804974049900 0.0001160609 31071082297965000 0.0001120736 30104517522309400 0.000106219 28585976804415900 0.0001027858 27382482338106100 9.93357036789496E-005 26747156415262400 9.59689438094068E-005 25163686972006500 9.12777905092747E-005 24686278835579200 8.77743816265197E-005 23015483586981700 8.41599363285535E-005 22234058352127700 8.00254680368975E-005
 34543230613797800 0.0001328216 35508321523472300 0.0001318313 33945066378472800 0.000130812 32315192013027600 0.0001254873 31745094498427100 0.0001210712 30021041223568400 0.0001174116 29662075809839100 0.0001132903 28697765805840700 0.0001072383 27218743453358000 0.0001036273 26036267875457500 0.0001000154 25402087174087200 9.65386580409467E-005 23833853873395000 9.15866033776305E-005 23357098364881400 8.80176348251224E-005 21728268334857400 8.42093270467441E-005 20955416964534300 7.99113197727953E-005
 33119083207107200 0.0001347227 34031493498071000 0.0001337189 32506214171712300 0.0001325081 30911161021205600 0.0001270285 30335950556288400 0.0001224634 28665319586850000 0.0001186561 28302920290143400 0.0001144448 27340831804265600 0.0001081711 25898688053513600 0.0001043544 24732736285717900 0.0001005882 24098999497327300 9.69825769956317E-005 22559257822349900 9.18172261553949E-005 22069323747111100 8.81267532980464E-005 20491643266920100 8.41526776879092E-005 19744806746422800 7.97789164751733E-005
 31733837797220000 0.0001365744 32602675596619000 0.0001355503 31118205926816300 0.0001342101 29534055023421500 0.0001284502 28978594702342100 0.0001238179 27353363988891000 0.0001198227 26983643470543000 0.0001154824 26029881326188600 0.0001090217 24633024239700200 0.0001050522 23486463224145800 0.0001011348 22854632304039400 9.73932232648842E-005 21333120458650800 9.19636371229357E-005 20833022002392800 8.81384762209019E-005 19310988715938400 8.40312483623965E-005 18584733535255700 7.95644755334314E-005
 30388437132131300 0.0001383353 31210118467550500 0.0001373232 29759680473692300 0.0001357535 28210566703065800 0.000129818 27663049546534400 0.0001250626 26082939568827800 0.0001208822 25706831855917000 0.0001164312 24764687146654000 0.0001098018 23403054605234600 0.0001056262 22286207896176300 0.000101566 21654785842687500 9.76907435352876E-005 20164492522350900 9.20431349553313E-005 19669585829918500 8.81723912237962E-005 18196712771042800 8.3872722165135E-005 17487857326777700 7.93034544016316E-005
 29083038622039400 0.0001399676 29860347322021800 0.0001389685 28449986468173000 0.0001372186 26929816226991900 0.0001310786 26391354239460500 0.0001261956 24859350964339700 0.0001218387 24477359364755000 0.000117281 23540947279761000 0.0001104323 22226122171074400 0.0001061121 21135955445844500 0.0001019127 20509950169302900 9.79127895657611E-005 19050526154334500 9.20489189402431E-005 18557767150407000 8.80859383749833E-005 17137727177373000 8.36293945862522E-005 16444979737233100 7.89619025811186E-005
 27824361715809600 0.00014156 28553734466551400 0.0001405187 27191104766695900 0.0001386433 25703222901033100 0.0001322734 25166827105093400 0.0001272577 23682181592526700 0.0001227221 23296003486552200 0.0001180404 22374844699720800 0.0001110324 21092930140213400 0.0001065022 20030961774527900 0.0001021675 19416512707562500 9.8067751337432E-005 17991301704611800 9.20000668962817E-005 17497042502111600 8.79219097141849E-005 16131028534692900 8.33242814228076E-005 15453599279889800 7.85473630886889E-005
 26600761345111200 0.0001430086 27293094039642600 0.0001419679 25972086958036200 0.0001399105 24514377809718900 0.000133343 23990020700647300 0.0001282114 22545775311778400 0.0001234802 22162221369277900 0.0001187059 21256925776845700 0.0001115374 20010689912370500 0.0001068113 18984359938017200 0.0001023674 18365118693698800 9.80852575606857E-005 16986955627279400 9.18829088098495E-005 16491509988497400 8.76961443995272E-005 15176521357107900 8.29272200959732E-005 14515752211187000 7.80839003571853E-005
 25427919859988400 0.000144468 26075356406607500 0.0001433605 24792279458919800 0.0001411383 23370816620893900 0.0001343651 22860087737416900 0.0001291321 21455800964547700 0.0001242038 21073678018135600 0.0001193363 20177555080969400 0.0001119377 18978539507392700 0.0001071121 17972678542788200 0.0001024742 17374656739480400 9.81563706908803E-005 16030826996530200 9.17378081683904E-005 15540977146762600 8.74444296288181E-005 14281518114031300 8.25882780413219E-005 13635563491500800 7.76304795289182E-005
 24289478991641300 0.0001457652 24897214674807300 0.0001446493 23664950899840300 0.0001422827 22267149601990800 0.0001352204 21760356185646900 0.0001298772 20414667771855900 0.0001248432 20030731418638300 0.0001198647 19145660952242800 0.0001122716 17991374433311500 0.0001073232 17012654632280300 0.0001025176 16423067576083100 9.80803454430251E-005 15122974653555900 9.15044049753039E-005 14634302562794700 8.71036894394964E-005 13427607805776700 8.21208539024382E-005 12807954745654100 7.71515765963697E-005
 23194853353246500 0.0001469737 23767127863821100 0.0001458357 22570543527748300 0.0001432521 21208510301154300 0.0001360201 20715238025688300 0.0001305635 19411297415474900 0.0001253668 19029651747452400 0.0001202961 18162099612896400 0.0001125594 17046982699224000 0.0001074027 16105690102628000 0.0001025513 15523982592965900 9.79814030242532E-005 14260301653207000 9.12072450688566E-005 13778201957879900 8.67298216471887E-005 12626748650107000 0.000081646 12021168446407400 7.65661446880741E-005
 22136703191170000 0.0001480472 22681350894283300 0.0001469859 21525320804722300 0.0001441902 20187778411763400 0.0001367152 19707999325628300 0.0001311764 18451788273437300 0.0001258159 18076356863858200 0.0001206708 17220410050585500 0.000112734 16152514561818000 0.0001074878 15230644888486000 0.0001024426 14666484655425100 9.77943801346424E-005 13444432298532700 9.08694973397516E-005 12969490369933000 8.62983876420662E-005 11869355850059900 8.11263982860827E-005 11286356639853200 7.59883217881009E-005
 21132699342244500 0.0001491423 21630720917211800 0.0001479234 20510496897709800 0.0001450134 19214550694927100 0.0001373799 18739106350054100 0.0001316712 17534668183531000 0.0001262367 17157719437027300 0.0001209146 16324075274842800 0.0001128717 15293979750639300 0.0001074506 14409335250455200 0.0001023295 13854024990093800 9.75661178833718E-005 12667293081587400 9.04702829156392E-005 12209711122239900 8.58587971319547E-005 11155933289180900 8.05809077438859E-005 10591048500868700 7.53556301284745E-005
 20158875062572000 0.000150372 20642571986069800 0.0001490606 19548464944657000 0.0001460875 18288632554884600 0.0001382508 17824910200269200 0.0001323968 16661519010370100 0.0001267976 16284058185927300 0.0001212921 15468457658614800 0.0001129795 14476258733317600 0.0001074739 13624295478097500 0.0001022994 13077396950770800 0.000097352 11937153926372100 9.01794189676769E-005 11488660888425400 8.54146795630498E-005 10487017800959000 8.01474838137369E-005 9937355682244650 7.48003116344707E-005
 19219986891494700 0.0001512644 19671062623875200 0.0001500886 18617042171187600 0.0001468359 17391931495669000 0.0001386882 16942779794221000 0.0001328783 15818471320917100 0.000127036 15451399629667500 0.0001215642 14657099302296700 0.0001131668 13704102287958000 0.0001074982 12882272832890500 0.0001021674 12352350549570900 9.7207147952078E-005 11252211390342000 8.98205431005053E-005 10811793941357100 8.50192662898457E-005 9856077054510280 7.96024299813701E-005 9327074789338490 7.42347885182271E-005
 18320294238189600 0.0001520765 18744182839601200 0.0001508281 17722391846440900 0.0001474133 16538399856130600 0.0001390981 16096972714585300 0.0001331456 15014648672223100 0.0001271921 14655421648866300 0.0001216424 13881547252125800 0.0001131052 12961307831731600 0.0001072861 12170678060889700 0.0001018732 11661787105570800 9.68735383254077E-005 10597149003055400 8.93396657053308E-005 10175516675306000 8.44973167580114E-005 9256278935361150 7.89415444430518E-005 8751885941751210 7.35652746902591E-005
 17455203967248900 0.000152799 17846240370675900 0.0001514663 16871233618149200 0.0001479735 15715471010505900 0.0001393597 15290324068245800 0.0001333493 14242538714414300 0.0001272501 13892862123134900 0.0001216558 13141633189033300 0.0001129688 12260958257149900 0.0001070595 11498834171178500 0.0001015335 11003962332519200 9.64471680855305E-005 9982167377333730 8.88023662547263E-005 9568168771644480 8.38774165052595E-005 8695635500180220 7.82848946598969E-005 8211085607899710 7.28841108228974E-005
 16626087035436700 0.0001533997 16990902515869800 0.0001520491 16053895548665400 0.0001484384 14929312300831400 0.0001395565 14513281518272000 0.0001334536 13512079113531700 0.0001272748 13166229454493000 0.0001215687 12432044695992500 0.00011273 11590407020085300 0.0001067379 10858634125697200 0.0001011393 10375213799067500 9.59621757111311E-005 9399381448272490 8.82188797105491E-005 8996557515700740 0.00008323 8165081027887550 7.75869450359164E-005 7702776773158390 7.21634060979259E-005
 15832622049943200 0.0001539838 16173650095626600 0.0001526021 15271410031733000 0.0001488032 14180019672744000 0.0001397236 13775915851414000 0.0001335641 12815698359002400 0.000127268 12475321458720000 0.0001214734 11760530364213000 0.0001124663 10950700892372200 0.0001063467 10249385028643000 0.0001006814 9789472491120520 9.54974290455821E-005 8846350649734430 8.75943243912875E-005 8461051318686810 0.000082594 7672518409964880 7.69233707280084E-005 7225462401322460 7.14131431286431E-005
 15074662787649800 0.0001544637 15398515029993200 0.0001531121 14525532639288500 0.0001490731 13473065048123000 0.0001399031 13086040942466200 0.000133709 12151378446779700 0.0001271367 11818836011625600 0.0001212848 11126042042778200 0.0001122015 10356935805190000 0.0001060112 9682019232608480 0.000100284 9239198259825830 9.50255211232863E-005 8326548138688340 0.000086943 7960056144995170 8.19736910565208E-005 7203943540658040 7.61800548969731E-005 6778986480180130 7.06836789384788E-005
 14344652550669600 0.00015483 14647221408083300 0.0001533973 13799182584959800 0.0001491515 12789179837918100 0.0001398799 12415333638188100 0.0001336262 11517810987541400 0.0001269807 11195520785871900 0.0001210438 10528938028652200 0.000111894 9788595532061090 0.0001055868 9136230091850240 9.97271485528231E-005 8707938754529220 9.4395737785285E-005 7839224183907840 0.000086328 7481787413153380 8.12007260197663E-005 6764396528904350 7.54113523949943E-005 6356214088716200 6.98762467064741E-005
 13645087674848200 0.0001550581 13928598113494700 0.0001536168 13108506105211300 0.0001491971 12137821155093100 0.0001397588 11766916058823300 0.0001333456 10911318485450300 0.0001266625 10594794978361400 0.0001206858 9950950771791380 0.000111437 9238579554310980 0.000105005 8620541369611960 9.91407183564685E-005 8206241675078330 9.37426032087496E-005 7375043364422780 8.56037733230042E-005 7033451166503160 8.04904465289992E-005 6352259615018610 7.46646268868498E-005 5958572383561570 6.90681387546726E-005
 12977817982974700 0.000155195 13236668829843300 0.0001537177 12453529380578100 0.0001492529 11512769033845700 0.0001395374 11155706219170200 0.0001330709 10338315748193500 0.0001263369 10027349982562000 0.0001202953 9401168234116860 0.0001108751 8729900250923220 0.0001044937 8127948231750460 9.84620676235043E-005 7734134293975190 9.30836597686373E-005 6941119278516140 8.48672851031475E-005 6611933110770730 7.97273694900816E-005 5959190330754880 7.38088855904207E-005 5588626583383480 6.82713334238261E-005
 12333365516574000 0.0001552856 12577913793897100 0.0001537328 11828525877757800 0.0001492694 10916318712888400 0.0001393434 10574497892836900 0.0001328142 9786863942225170 0.0001259968 9488095064300490 0.0001198386 8883861637191630 0.0001103275 8241116102567820 0.0001038599 7669864918576120 9.78874508108948E-005 7287919095582870 9.23935902348177E-005 6527356937468610 8.4120195180373E-005 6214365038920640 7.89334212802238E-005 5592032664632900 7.30180885849255E-005 5237659456288120 6.74243272149845E-005
 11723034725539000 0.000155383 11955024482365900 0.0001538954 11226889066499700 0.0001491199 10350832640919500 0.0001390778 10015082327231700 0.0001324851 9267704131262420 0.000125587 8978391598027390 0.0001194685 8394801580829790 0.0001098496 7782180311802800 0.0001032772 7228541880781900 9.7181151602689E-005 6865804373737040 9.17066653060118E-005 6138759875348870 8.33411557544877E-005 5835975060342850 7.81257826337297E-005 5248997573277010 7.22161840080079E-005 4911915810360350 6.66430898505175E-005
 11131151153929100 0.0001553435 11350312867283900 0.0001537766 10652642113957900 0.0001489383 9810368509480240 0.0001387982 9493926098382630 0.0001322053 8772512119209660 0.0001251386 8489560772717870 0.0001189453 7925661852252960 0.0001092262 7342931586620670 0.0001025941 6816368549960180 9.64908860001625E-005 6466517698254880 9.09742900887489E-005 5772185234914030 8.25756687475704E-005 5486764860184470 7.73800874093772E-005 4924332695780240 0.000071375 4605588315992750 6.58325265093079E-005
 10575556068436200 0.0001552689 10779457951932600 0.000153729 10108000987996900 0.0001487145 9302341910144850 0.0001384519 8992925351759580 0.0001317269 8300366587388200 0.0001245925 8025916311183800 0.0001182842 7484177974849980 0.000108596 6927495784510610 0.0001018834 6423591328431590 9.57381816772157E-005 6092677857138470 9.02540729207315E-005 5428539027921160 8.17735478368168E-005 5155011401512880 0.000076553 4623880633562390 7.05457556993069E-005 4316447224246120 6.49678695960713E-005
 10049733439354200 0.0001552978 10233817338118000 0.0001535514 9590854331546540 0.0001484365 8813427789886990 0.0001379765 8519303824831510 0.0001313304 7851750645284050 0.0001239882 7587211476781040 0.0001177164 7073559503373540 0.00010802 6543209885185840 0.0001012589 6057597983215110 9.49962150697829E-005 5739657809199400 8.94995874319348E-005 5107259784469210 8.10043943746028E-005 4845779576191350 7.5737749926741E-005 4338298480493000 6.97144886781877E-005 4046517035875380 6.41442930569811E-005
 9534528851535620 0.0001548864 9717660223473000 0.0001533386 9095828744361270 0.0001480566 8347456774051620 0.0001374435 8067170770714500 0.0001307464 7425938440686770 0.0001233594 7169911535388400 0.0001170705 6677401278753240 0.0001072679 6172327841030490 0.0001005261 5710475466733110 9.42478339180213E-005 5405842930582010 8.86730679499192E-005 4806721344770860 8.01857311284445E-005 4552040699326870 7.48986981251518E-005 4072865501814050 6.88773874701883E-005 3794182493212060 6.32914899757433E-005
 9055410572435200 0.0001546683 9218905506852770 0.0001529688 8624110551372060 0.0001475661 7904715387749980 0.0001368806 7634917074911940 0.000130073 7022596949788620 0.000122659 6779556045981760 0.000116419 6298487412512980 0.0001064253 5822873544517570 9.97213413868101E-005 5381737203959600 0.000093422 5092536193917240 8.78917829441055E-005 4518628706582150 7.93036798770043E-005 4277303399171190 7.40575703693898E-005 3821421204560370 6.79772284567102E-005 3558674855277600 0.00006247
 8591540887358670 0.000154269 8741889760511570 0.0001525 8175190562754050 0.0001470868 7489405732161670 0.0001363344 7216788729368710 0.0001292765 6640390117767710 0.0001219751 6403745181349800 0.0001156087 5946095837566330 0.0001057214 5491446136093350 0.000098882 5067845791882760 9.24982347401889E-005 4791785614850060 8.69550868767574E-005 4247989788699060 7.83946461910684E-005 4016395475427880 7.3123851826261E-005 3586495720332610 6.71345607499639E-005 3336572164242190 6.16049392926611E-005
 8156444303372840 0.0001539058 8295294489694510 0.0001520841 7748826514745780 0.0001466369 7083987168673020 0.000135523 6829530999793350 0.0001286223 6272878005256860 0.0001211844 6047420582491480 0.0001147568 5605226423662820 0.0001047497 5177252674185190 9.80111266521004E-005 4771694184608400 9.15812955011436E-005 4511950485994080 8.60985327123662E-005 3993561139025420 7.7525284665047E-005 3772109317679070 0.000072216 3364010498688500 6.6197089404019E-005 3126180275167650 6.06944299513102E-005
 7733295029306670 0.0001534676 7863640249741330 0.0001516297 7343649189481560 0.0001459937 6708129772649260 0.0001349246 6461978150416200 0.000128037 5933962851448640 0.0001204465 5713738583837370 0.0001140303 5288236880628630 0.0001039476 4881983405174050 9.71791769728862E-005 4495515895753990 9.07675565619324E-005 4245024794717630 8.525968898356E-005 3751286276858220 0.000076622 3537322522562460 7.1284678206852E-005 3158695095399250 6.53917622979834E-005 2930718886345700 5.98539092545013E-005
 7333307000040700 0.0001528671 7449529544362230 0.00015095 6960461694185860 0.0001454158 6349463907024470 0.0001343008 6106548662782290 0.0001271809 5606832205525800 0.0001196592 5388687910096990 0.0001130248 4986698034047950 0.0001030778 4598621481702550 9.62175997250545E-005 4234716789328530 0.000089932 3997377313281280 8.43871675610631E-005 3525614094036760 7.57108863273949E-005 3323342538535310 7.04326246043161E-005 2958882829586820 0.000064397 2748296996122510 5.90154970139151E-005
 6959183523751830 0.0001524504 7062933101919520 0.0001504532 6586340201531080 0.0001446603 6005810502863360 0.0001334005 5778221048406990 0.0001264085 5288560386361960 0.0001185576 5089740823631830 0.0001122514 4701874365598590 0.0001022007 4339377830968780 9.54567400729564E-005 3987020595188120 8.89693718853974E-005 3762570057441900 8.3514832433944E-005 3314786409855580 7.48493184157128E-005 3121430949376780 6.95682304218687E-005 2775483689437960 6.34977418213776E-005 2571607112532070 5.80751237981694E-005
 6593784713574100 0.0001516878 6690815202831420 0.0001497987 6239113141743910 0.0001438648 5683925979188410 0.0001326139 5457811778378730 0.0001254612 4995377768320970 0.0001176826 4800700849844390 0.0001112664 4433468666488170 0.0001012581 4087233206439770 9.44770858414475E-005 3754660263738730 8.80367262213683E-005 3535955174263480 8.24727348943138E-005 3116243217833100 7.39732350300355E-005 2927956365438690 6.85698197868442E-005 2604117998975280 6.2648204716119E-005 2412049278914670 0.000057238
 6248419488192490 0.0001509369 6338570021386660 0.0001490647 5911392002154570 0.0001432046 5372646766801340 0.0001316413 5162674612948240 0.000124658 4715776055001310 0.0001167662 4534314608575350 0.0001103928 4179701768516900 0.0001002764 3848339065369350 9.34220645772025E-005 3535208866762060 0.000087086 3330505742146020 8.16166030647251E-005 2924973126422080 7.29302687637006E-005 2750615597745350 6.77112823027279E-005 2443276335424530 6.17471969741304E-005 2260974837077970 5.64051116805505E-005
 5921077053906980 0.0001502577 6002416043653110 0.000148214 5596591260928140 0.000142327 5077187641707180 0.0001306956 4875431066658810 0.0001235972 4455108456032480 0.000115931 4275116541689160 0.0001093407 3938162769024210 9.92542668626533E-005 3630412170466760 9.25320591057329E-005 3328122087820040 8.6181249371371E-005 3130352644178400 8.06027398903058E-005 2748882233442930 7.20196324996291E-005 2582216852541170 6.67682837751786E-005 2289033624296640 6.07767333113806E-005 2116174838283310 5.54453617527473E-005
 5605616925904680 0.0001493599 5684770716177140 0.0001475565 5292651490189100 0.0001413099 4798996508263970 0.0001297899 4606061488628950 0.0001227185 4204018339909770 0.0001147977 4036813872985870 0.0001084735 3713416130200150 9.83558008798958E-005 3418681912092660 9.15956399108986E-005 3130806555371710 8.51080544308275E-005 2945230015881290 7.96971412492992E-005 2581419898885030 7.11095112231568E-005 2417683467931820 0.000065723 2145826176576410 5.98889056769883E-005 1985371311989260 5.46705536867691E-005
 5308289410019470 0.0001486266 5388783261552410 0.0001467918 5010117956565920 0.0001404899 4534507848661560 0.0001287992 4351449642749820 0.0001217297 3966569092129620 0.0001138395 3806374854712500 0.0001074174 3491664331167150 0.000097172 3216604765329950 9.05086957649653E-005 2949338984214570 8.42303901165666E-005 2772114979167380 0.00007881 2425320728851410 7.01586538966745E-005 2272241642057480 6.48941452188741E-005 2012659011954270 5.89624598097412E-005 1859120715806840 5.37947502703905E-005
 5025937457191050 0.0001477313 5100519386023770 0.0001458845 4733102414087830 0.0001393112 4280722342103610 0.0001277393 4107588821157930 0.0001206439 3738174881519350 0.000112672 3587310393102770 0.0001063413 3289576471769730 9.61268612803763E-005 3031617996684390 8.95726905548963E-005 2773169485963380 8.31512115085005E-005 2603605012738420 7.77494569029593E-005 2277213682858390 6.92187823181526E-005 2131824785717580 6.39204739254345E-005 1886695523499810 5.81214600026666E-005 1742189326075920 5.29135855605647E-005
 4754821415555650 0.0001467372 4816398988861570 0.0001445793 4476454714230610 0.000138321 4041244010725740 0.0001266265 3877513985534260 0.0001195941 3530332599667560 0.0001117456 3382354311200430 0.000105317 3099548584848030 9.51961237778498E-005 2853760498465580 8.8581308194572E-005 2608560322076550 8.21142803002271E-005 2449440594402290 7.67757270597126E-005 2140384226951080 6.82968443800615E-005 1999831371497320 6.30569297936048E-005 1767021374273300 5.71405085031671E-005 1630708920677370 5.2057191147203E-005
 4506027030652510 0.0001460863 4562033044614520 0.0001437801 4231366404448360 0.0001373539 3820413343280810 0.000125625 3659179694098020 0.0001185001 3329021018932950 0.0001106493 3190414439783190 0.0001042534 2919202658064040 9.41255405796634E-005 2688367030231420 8.76193709662771E-005 2450033742175160 8.09593528721751E-005 2305035747723250 7.58201797757496E-005 2007993830778580 6.73008263412332E-005 1874567920004990 6.20448211507788E-005 1656242090401520 5.62864922332831E-005 1525925163875380 5.11151071788601E-005
 4257631083077650 0.0001448761 4315646953156480 0.0001428523 4002032203403670 0.0001364349 3609054707254970 0.0001247476 3453140531127700 0.0001174558 3134693394355960 0.0001094244 3007437480547940 0.0001031524 2748180125021420 9.30635597536197E-005 2528104768869150 8.64947774956202E-005 2303864684167860 8.00647201251974E-005 2165091188004780 7.4877635456127E-005 1886354329432710 6.64204441845294E-005 1758815752349400 6.11705268931023E-005 1551751046613910 5.54381359941471E-005 1430607535603630 0.000050411
 4029853486466950 0.0001439515 4076109143452680 0.0001417435 3784039115549130 0.000135583 3400764725663630 0.0001234083 3257046182783080 0.0001163285 2953075179596130 0.000108341 2833689582196860 0.0001021536 2584630227360890 9.20160613820964E-005 2381604847959820 8.56118474009612E-005 2167387019571310 7.91605062336204E-005 2030487012491430 7.37244453112336E-005 1772452256493960 6.5614700818158E-005 1648821259235030 6.02874828255233E-005 1451917046588090 5.44394842035752E-005 1339518389352480 4.95854952909026E-005
 3802213320159600 0.0001425967 3851350883955720 0.0001406451 3571752990998040 0.0001341737 3211716625499610 0.00012239 3067409875111490 0.0001151084 2782428947917110 0.0001071706 2664043203963070 0.0001009001 2433201433190150 9.0954190742435E-005 2237356560412170 8.44223023073092E-005 2039393851914280 7.82146648849982E-005 1909408699471950 7.28392469291613E-005 1665526771123520 0.000064733 1542957316366790 5.92712616346894E-005 1360895188656770 5.36345124684791E-005 1253746281264720 4.87136644736697E-005
 3594802821779260 0.0001418358 3641266040507500 0.000139625 3373112947602560 0.0001331974 3033416194029790 0.000121602 2889966827832720 0.000114123 2622736976710280 0.0001062412 2513368788542960 9.99855765951111E-005 2288383708486260 8.98276852777279E-005 2104576469592910 8.34605890354283E-005 1914620708427940 7.71680577790055E-005 1794188143797180 7.19911339695894E-005 1558237977087880 6.36658805418232E-005 1448590383347330 5.84957321057308E-005 1273518930374260 0.000052795 1172439449169530 4.78878577368703E-005
 3394956226405940 0.0001408747 3439970959945890 0.0001387871 3180767142097240 0.0001320581 2858668000604360 0.0001203406 2728543378086520 0.0001132397 2468494893343480 0.0001050492 2362278402035000 9.88283432583088E-005 2150726447761740 8.88087784192152E-005 1983044255041530 8.28020907898116E-005 1803686529400790 7.63943885356429E-005 1687293412566950 7.12055730847366E-005 1461677569198680 6.27648422185273E-005 1357866952157550 5.76511690955827E-005 1194504952114150 5.20321464970636E-005 1100449194920980 4.7274091431943E-005
 3215472878859610 0.0001399589 3247077432250460 0.0001374983 3003445400550840 0.0001308356 2695054071051820 0.0001190934 2571069942236090 0.0001120086 2324335506464940 0.0001038261 2222779684250750 9.76387168005235E-005 2027498363887770 8.78882014405083E-005 1864229568571420 8.16417094383029E-005 1692857873969270 7.52815583383482E-005 1584556376340870 7.01633366991746E-005 1371694597089720 6.18699031172306E-005 1273757981264240 5.679079173958E-005 1118145346238720 0.000051118 1028893505660450 4.64114978151514E-005
 3038191426350670 0.0001388526 3067447944429860 0.0001363868 2836283702270440 0.0001296087 2544503452018020 0.0001179663 2424160488374460 0.0001107884 2190118707955990 0.0001026921 2090550963651570 9.64601827855128E-005 1904189054780160 8.65996926210279E-005 1755829380950310 8.07501742984717E-005 1589564493707350 7.416893946395E-005 1486679362694140 6.91001203073076E-005 1288389771688760 6.10494880122057E-005 1192767935153910 5.58076092148355E-005 1047913413691850 5.02738163127265E-005 962954435686354 0.000045614
 2866548725254630 0.0001372157 2894929450373570 0.0001350794 2672932805158380 0.0001282058 2394644915202000 0.000116513 2279758202834590 0.000109319 2060942416206880 0.0001014604 1968551566948140 9.53391965478322E-005 1791066292777580 8.55035757283367E-005 1649222749758620 7.94846753714013E-005 1493529241240430 0.000073125 1398760551816850 6.81914663782983E-005 1206542530502750 6.00302486071711E-005 1117549533028410 5.49387469343721E-005 981295598415776 4.94466768586314E-005 905684070501619 4.50048779858567E-005
 2705763178161280 0.0001359724 2732018609735920 0.0001337942 2516936076391850 0.0001268301 2258384016490810 0.0001153672 2146515255447910 0.000108018 1938574310366440 0.0001001236 1852338147457440 9.40961435267382E-005 1683200522379320 8.43668999953549E-005 1549101101560240 7.8354566539598E-005 1404872998324500 7.22746087521703E-005 1309509526261930 6.71292357700087E-005 1136106917881790 5.93363512331407E-005 1049291905960540 5.41535417179744E-005 920538043304723 4.87038552010875E-005 847317248761957 4.42113190444888E-005
 2545236411429360 0.0001343791 2574700757762330 0.0001323581 2376549238101750 0.0001257825 2125333701036260 0.0001141041 2020795570604400 0.0001068232 1827491072192060 9.91703966953957E-005 1739685067779720 9.28408994621293E-005 1584641275814880 8.34554194606968E-005 1454321048311810 7.7247503747011E-005 1318714147179720 7.12308954875578E-005 1231322650383030 6.62447199660064E-005 1067833298679280 5.8575118895087E-005 984628372566214 5.33593141829241E-005 861947608932653 4.78946413378838E-005 792547042991894 4.33945924611609E-005
 2401385481106120 0.0001333603 2431896344349000 0.000131239 2240745847433160 0.0001247247 2006373471782040 0.0001131447 1904087372435480 0.0001058064 1715928492803720 9.79260540843606E-005 1635834276920310 9.16848812824373E-005 1489222877909890 8.24533000156626E-005 1369032620666060 7.63936167720685E-005 1241443909524620 7.04476815966311E-005 1159787126339580 6.55177140847279E-005 1002519333819480 5.7705069228548E-005 927103927134133 5.27037040530464E-005 807710225718680 4.7180096559339E-005 741818546500819 4.26593683305248E-005
 2267839648494990 0.000132445 2292597347826270 0.0001302771 2113451492214900 0.0001233561 1892922145711900 0.0001121116 1793249665715170 0.0001046326 1619148034783640 9.69688068800317E-005 1541436011181280 9.06942970137501E-005 1406064011830190 8.17524879888554E-005 1291331837852250 7.57497688674775E-005 1164226736902760 6.93950697285523E-005 1089394337794850 6.4569055388306E-005 938214047112472 0.00005673 866470613909136 5.17801628230191E-005 755496593393900 0.00004626 694788462454826 0.000041985
 2141960877428650 0.0001313897 2160833937870120 0.0001288487 1993478120297300 0.0001221835 1784424318592290 0.0001109476 1691410712306850 0.0001035685 1523989562506760 9.58438574707184E-005 1451195648875190 8.96037975809935E-005 1320574067383190 8.04364106838896E-005 1213902580131890 7.4642788372413E-005 1092106445950160 6.83326749768098E-005 1021222161005050 6.35435132251274E-005 878077825127042 5.57138981614622E-005 810906986938018 5.08593151203592E-005 709098609817523 4.56403049881152E-005 650349846863214 4.12637330849697E-005
 2024087052776150 0.0001301406 2049935642487040 0.0001282722 1876296224055340 0.0001206537 1680120202206140 0.0001094729 1589191441355560 0.0001020563 1431257683621870 9.43256737944542E-005 1361691103032710 8.82295284350051E-005 1236733826010780 0.000079136 1136060058579220 7.3391214708849E-005 1025968187910470 6.7395422770864E-005 955895301778495 6.23814310913885E-005 825323006213304 5.49662845990352E-005 760401280574750 5.00388373777139E-005 663749250380869 4.48312388674021E-005 609162688596805 4.05297328999412E-005
 1904128404004180 0.000128379 1927026583576700 0.0001265905 1766848114778560 0.0001190699 1580812561674880 0.0001079734 1493276850031710 0.0001005749 1345451508030880 9.32035710347074E-005 1277023467112070 8.67095962223532E-005 1164452234812910 7.81245241304294E-005 1066933391116410 7.23057196081105E-005 960345690182155 6.62135565762944E-005 900017637224870 6.17394447711406E-005 773230083570816 0.000054092 712866316756456 4.92998306171946E-005 621069036704523 4.40161926320862E-005 571663035733671 3.99454177378971E-005
 1788910861358750 0.0001264957 1814287108445940 0.0001249184 1663085859442600 0.0001179099 1486946818043780 0.000106727 1403567357035930 9.92122937511142E-005 1258546631185780 0.000091495 1203240718019220 8.58768023350166E-005 1094563054872550 7.71247549502455E-005 1006489831883890 7.16176185146185E-005 903341379383613 6.53207070555291E-005 843284211275835 6.06534735119988E-005 726232960631786 5.33453503580358E-005 668018138554376 4.85055664903232E-005 580805952479762 4.32032022773288E-005 533576471120107 0.000039176
 1684152057125420 0.0001248952 1709005113497020 0.0001234096 1561642549937780 0.0001162354 1399104434341930 0.000105584 1316837760168860 0.000097807 1187094928345250 9.07242091913815E-005 1126729435333710 8.44137025424226E-005 1024317106809790 7.57023401617281E-005 944174610179199 7.05863231264432E-005 848280147883614 0.000064497 790290180638397 0.000059665 680237288749728 5.23993923261507E-005 624888670853128 4.75553830832009E-005 544339817717796 4.25316881710662E-005 500784945466183 3.85585640433576E-005
 1578637023301760 0.0001230413 1612446855121170 0.0001224171 1475701143717610 0.0001151736 1317874290070020 0.0001043075 1241043329608050 9.69210976925739E-005 1111323382440130 8.91577519477647E-005 1057618069397430 8.32582088230194E-005 961073415491800 7.44563318667918E-005 886603370154779 6.94168629368297E-005 796878449021972 6.34994918755174E-005 741570525009085 5.88460684482492E-005 636300304750013 5.14525820472365E-005 585528570922885 4.68337771009131E-005 511493639462086 4.19753817466451E-005 468298682796157 0.000037874
 1482707789895160 0.0001215934 1514618250744910 0.0001204609 1382807388651190 0.0001136335 1238352874427830 0.000102798 1166650303736890 9.56241245326218E-005 1043978892634740 0.000087987 993070163361916 8.21094336831641E-005 901634886015529 0.000073526 832072204983982 6.84942397895133E-005 744686953571695 6.24047078405838E-005 692602792105308 5.76942959285135E-005 596057774969350 5.07102962957356E-005 547693485096480 4.6094682061503E-005 477956748980410 4.12067242827947E-005 437993086364317 3.72155197893679E-005
 1394314528427660 0.0001203774 1424667430456570 0.0001191137 1294693490394780 0.0001117133 1162496862267480 0.0001014495 1096013584969200 9.42934147119552E-005 981250605419159 8.69438583968175E-005 931887241411688 8.0948277603138E-005 846587205621710 7.25812809603725E-005 780472512412560 6.74886828319158E-005 700789182944051 6.16708119137446E-005 652219141036058 5.71824623967069E-005 556147691561984 4.97366878739376E-005 514534474264850 4.54691020512264E-005 446684669818855 4.03966751155424E-005 409467643711282 3.65853118993316E-005
 1317613473616000 0.0001195515 1334579567180720 0.000117232 1219861337498590 0.0001107287 1091651513141040 0.0001001809 1026228301752020 9.26364470120309E-005 918045698188261 8.56421117363436E-005 872621134168142 7.97441481749354E-005 795247771852220 0.000071839 730869743933806 6.62743207436824E-005 655646947805355 0.000060767 609847325047140 5.61779278573255E-005 524343320350494 4.9272527802243E-005 482931265038150 4.48681813489964E-005 417751816260305 3.9749709167376E-005 385130394647317 3.61019392245792E-005
 1237658200046910 0.0001179669 1258807716165930 0.00011652 1147424325679500 0.0001093019 1023534831842570 9.8699120047441E-005 957554627631654 9.08681886734158E-005 860540207725288 8.43261981972257E-005 821204288574443 7.89123744357734E-005 747152328296170 7.08152413038361E-005 686671721118210 6.55471822357455E-005 615591634584130 0.000059862 571489354981425 5.53385154678129E-005 491964037248978 4.85716787773689E-005 451710573249832 4.40397437759899E-005 391232006846498 3.9116896031916E-005 358292831120605 3.5272760100597E-005
 1163953689977990 0.0001163244 1181519671231070 0.000114771 1078382305387450 0.0001078577 962173167737706 9.73901037274625E-005 899792393340753 0.000089912 808094845458212 8.32272877147129E-005 768401874661224 7.74867447056829E-005 698272123855147 6.94482830997749E-005 644393473947754 6.45129489906893E-005 577615479881072 5.90678939182988E-005 538779848699913 5.48734585256376E-005 460153516095892 4.76667040322038E-005 422818795973029 4.32385416830697E-005 365118465188814 3.83254999072557E-005 336960160093729 0.000034862
 1086203906948820 0.0001141824 1109445198447760 0.0001131805 1012541367588040 0.0001065349 902715581050900 9.61690768478822E-005 847191573033654 8.89497424794227E-005 760735269810293 8.23761023165492E-005 723685010134872 7.66412235604452E-005 655520175624577 6.84848668985419E-005 603693699055548 6.35696141020766E-005 542569236217796 5.82637034433634E-005 503515960162596 5.37169295923427E-005 427605194474181 4.65587186035402E-005 393516110509785 4.24425970503918E-005 339965733785679 3.74972525122938E-005 315529997305188 3.43159136364283E-005
 1020433274664310 0.0001124803 1040790136415430 0.000111619 953079643835802 0.0001055093 845713678663036 9.44506251724884E-005 797124588545415 8.79040740638582E-005 712954707158645 8.10813622574466E-005 676517396583543 7.52795602327419E-005 617677865225161 6.79791468771496E-005 563363632220507 6.22791884813371E-005 509070508404529 0.000057434 472548453846166 5.29205251434913E-005 399165571307145 0.00004566 367746499827386 4.17206204534618E-005 319797853539128 3.7047620304948E-005 294440737399902 3.35776535913447E-005
 957078865695646 0.0001115021 977998928458696 0.0001103731 893655835662305 0.0001038839 793054561485643 9.32207107418624E-005 744861681961748 8.62329477895198E-005 668319682619510 7.96947724581284E-005 631341772193475 7.37587518951874E-005 577137336236416 6.66205093799562E-005 536229700368124 6.23475791156833E-005 474812876297501 5.63184726515061E-005 437711710257036 5.14688410148702E-005 376113050344900 4.52598435118592E-005 346741592401656 4.12745791479611E-005 299196896722797 3.65217848014577E-005 274452361003439 3.2958671686906E-005
 894153856669827 0.0001094458 920036968759969 0.0001089186 839250663150483 0.0001022667 745384731082372 9.20434153011452E-005 697719952270065 8.49135515247839E-005 624762278571021 7.84196265074621E-005 592046728585351 7.27521984701292E-005 543848042772152 0.000065945 495989608243609 6.04629077243011E-005 444627233034222 5.53731267960348E-005 409498888437138 5.05783398614103E-005 351099595899250 0.000044432 328108492141305 4.10622333763561E-005 279650543035323 3.5830441481082E-005 255858860409469 0.000032286
 843109220810686 0.0001080826 864177335087693 0.0001074782 784572523287238 0.0001005025 699456180593880 9.05109040484259E-005 654037415284262 8.35669353380147E-005 583881057705430 7.68692024682327E-005 553004431067815 7.13582889360242E-005 508424092417515 6.47400511022399E-005 464409112158639 5.9402253967745E-005 412819936097257 5.42700738097696E-005 383306939309792 4.98434897286835E-005 330814378551015 4.3925648647035E-005 303958515897008 3.98188520013504E-005 261443471850581 3.52171663510394E-005 240632552311557 0.000031921
 783062232449329 0.0001058214 807146271726564 0.0001056442 728905508619606 9.79636247454817E-005 646323443844939 8.80632314911432E-005 607732108366166 8.1741117284005E-005 545662671175914 7.59903631565038E-005 517864696131610 7.03442234374465E-005 476766788707275 6.37634547635609E-005 436338564241342 5.87948548760872E-005 392008870679654 5.41322367696907E-005 359857343920689 4.94238052014705E-005 306576215956177 4.27085425359798E-005 283676206649319 3.90625825315463E-005 244745296729093 3.46362995439359E-005 225374426205169 3.14894036756669E-005
 732691065375375 0.0001040592 752588171119600 0.0001036309 682228422599586 9.6777895843997E-005 606646522540376 8.7262340950992E-005 574515608499911 8.12725683802642E-005 510197524634467 7.4486872726619E-005 481924651745744 6.87872389201679E-005 445942292521875 6.2725739749501E-005 409789696820170 0.000058097 367192204430564 0.00005336 337426402222297 4.8588303564318E-005 288475210553741 4.22681526990053E-005 265505253337108 3.85674933732862E-005 230100106409078 3.42434103069084E-005 210219602383288 3.09343900264526E-005
 683108849368248 0.0001027034 711333071706797 0.0001031833 633054303879572 9.504546663833E-005 571287097232286 8.66693776186234E-005 534026658217034 7.95655802510305E-005 479667947621156 0.00007381 453789437170014 6.82278134359789E-005 416468108623946 0.000061671 380238060996519 5.66365217211898E-005 345468543819165 5.25902896872575E-005 314990677209634 4.76644094913239E-005 266659505909747 4.124081852107E-005 249190089836032 3.81642941071905E-005 216197795558118 3.38884494902918E-005 197463787436531 0.000030568
 643085487168568 0.0001015697 661304072444399 0.0001011695 596579893887313 9.42337148475915E-005 533261331794388 8.5071508766869E-005 500164864436311 7.81501457960642E-005 451566800259827 7.32177102035644E-005 421725336466280 6.67027169702846E-005 389687215090154 6.07123530775566E-005 358403277535801 5.6273307508575E-005 320525975568128 5.1270347695275E-005 294186111032730 4.68621246106072E-005 249338156296766 4.06551987218197E-005 235929878353780 3.80451126663299E-005 202456828279597 3.32666436578844E-005 182890367668270 2.97807259184269E-005
 602583049064910 0.0001005854 625406844368772 0.0001002883 563598466329973 0.000093795 503076716092098 0.000084321 462989554940538 7.65330819505175E-005 421956298878497 7.19476758647253E-005 395456778274896 0.000065785 363983714091576 5.95919474324371E-005 335979458281103 5.55117854141295E-005 299517551375282 5.0440852059378E-005 276422955790748 4.62157140940305E-005 236362330288790 4.0673199478955E-005 221169004837690 3.7469247004589E-005 188185086188353 3.25904345700385E-005 174507174786692 2.99317577190912E-005
 555857744791461 9.73578778822254E-005 586053220094508 9.91350671655086E-005 523520774379726 9.14482620253993E-005 466357172966193 8.21973013952076E-005 438550020961462 7.622712584627E-005 394817299972016 7.03546876287313E-005 370395934696508 6.49336122216066E-005 342864431376109 5.89983206311894E-005 311946987236437 5.41463252827386E-005 281311642553918 4.98978506107826E-005 257484423477761 4.51834535281275E-005 219541870450928 3.96140637330334E-005 204326347870612 3.63211902811746E-005 177162261735660 3.23690717227149E-005 160021409738493 2.8882158639878E-005
 523937673486327 9.65653839518122E-005 542317726219347 9.63558035609423E-005 492517705471092 9.07203917510893E-005 437182832107274 8.12051559509428E-005 407065032615054 7.44821951812983E-005 366966130349415 6.92158219662605E-005 345740757288363 6.39661629763156E-005 317308741736356 0.000057724 295956818396343 5.41126130467163E-005 263704286396441 4.94879126952741E-005 240887084408395 4.45653927736744E-005 206233795528832 3.92707834572281E-005 191331920196486 3.58862701953172E-005 167966116337204 3.22988412900709E-005 154964569998526 2.94681865626441E-005
 484292263556978 9.44116011759181E-005 508667795430651 9.54904212573623E-005 463443753684946 8.958374440174E-005 407765114754636 7.99028262632271E-005 380954372776892 7.33664775547437E-005 342617096722914 6.81441525120017E-005 322570670430659 0.000062975 295635324613815 5.69139224407363E-005 271081167947235 5.21504646384685E-005 248039445685599 4.8751115718606E-005 222789963796980 4.34474823102403E-005 192807727702663 3.87995591679744E-005 180940969474049 3.57998906886534E-005 157568890620902 3.19426394409118E-005 142066567407636 2.85544361833909E-005
 449639968435404 9.24376746874452E-005 475612641317896 9.4181503535407E-005 433331888626612 8.84564548971717E-005 384871066185501 7.98016771556825E-005 357693163191182 7.27482453196795E-005 325920645821164 6.85874365411151E-005 303836495401729 6.25653002757394E-005 276491990686992 5.59538937817687E-005 256678077399679 0.000051887 230161462716726 4.80111926847649E-005 209015681769219 4.31646359330654E-005 179889377499720 3.79994175174888E-005 170775179955861 3.56722661931402E-005 148505109270124 3.17399382122785E-005 133853538134649 2.82337121131285E-005
 421464409544553 0.000091798 441287586871171 9.26069042180174E-005 398399829835110 8.53834691226785E-005 357874404182031 7.7862090162579E-005 332678899869059 7.15083707874996E-005 305575223228250 6.76158939994417E-005 285964455720042 6.18185779040301E-005 261165926663640 5.58596333284236E-005 238539893726326 5.1147344622592E-005 212994397646155 4.66184562965714E-005 195326620751067 4.24657462077449E-005 168395618177769 0.000037381 157573390317036 3.45677998778277E-005 139104656952410 3.13779300642725E-005 125084744587215 2.78508460728392E-005
 392272724125395 9.04709124423065E-005 416873344793266 0.000091844 371962547255724 8.41766612733798E-005 337988927464848 7.76024953504769E-005 310715286220218 7.01642087794873E-005 286335115317096 6.66895157435378E-005 268576423790700 6.11955593503148E-005 244559294009227 5.50821748424465E-005 223717201863718 5.03626415243413E-005 203977835866785 4.72601110485387E-005 184068058582077 4.22201424748663E-005 157404471876939 3.70146315038431E-005 150901313275626 3.49205670733964E-005 129483870611492 3.08541935565889E-005 117234922701682 2.74085445366518E-005
 368497484042482 8.97496675455277E-005 390802619638275 9.08662144509055E-005 347794085015906 8.37146744677048E-005 313840683056074 7.58042479261731E-005 292420482671578 0.000069877 265582869214338 6.51893515302988E-005 250687857674623 6.02361861447002E-005 230424237862474 5.45475580617303E-005 209315240691800 4.99281757530742E-005 191056596987829 4.65412361409803E-005 171665175373828 4.14302848085204E-005 145572139698326 0.00003594 140824171285597 0.000034396 117176735705412 2.94882073231741E-005 109900634619681 0.000027161
 345713118764990 8.93468274389702E-005 364939979319865 8.9231113533337E-005 327010556332020 0.000083088 290866532524594 7.41065722482512E-005 273202062305213 6.89482037607002E-005 249932272333206 0.000064453 232957382474319 5.87645300339928E-005 214449474713303 5.35247753628349E-005 196957452547395 4.94272333822546E-005 177189238198406 0.000045412 160857755367126 0.000040854 138334514932123 0.000036073 131309462610054 3.37021480279608E-005 113078292720162 3.00204435963201E-005 102198674741908 2.66120896430269E-005
 320093474982784 8.68513195829427E-005 340712345085607 8.83086803183202E-005 310962246733935 8.37171613815863E-005 267695538373085 7.21684223187896E-005 256601557912616 6.81745306770112E-005 231434542471735 6.31564044631761E-005 217952197752603 5.83860615796475E-005 201671539467061 5.2961612980262E-005 184569421048295 4.86906162073319E-005 166128292786394 4.4994322893234E-005 148944413340120 3.99111430511215E-005 127339675471558 0.000035234 123795453838295 3.3656375728394E-005 106661291953823 3.00304860673303E-005 92927565015643.2 2.56158836585955E-005
 304343552907178 8.75380854154955E-005 315946069680652 8.59536391229646E-005 290030943430535 8.25185146644856E-005 249961809216061 7.15318858939611E-005 238453950058160 6.71222917607641E-005 214085596038435 6.17714735695617E-005 203145377011869 5.76082692670368E-005 187914915394482 5.24178888107297E-005 169919031432385 4.71396929382299E-005 154845791912182 4.42461264826272E-005 143009528941138 4.08375807947464E-005 119950406014856 3.48866700609608E-005 111876524987229 3.21704073954713E-005 96959257853411.7 2.8732615508222E-005 89190117007346.1 2.60178505552292E-005
 279729894328082 8.49318822761697E-005 298624285214753 8.6523424747021E-005 270058277876342 8.11753692578445E-005 240225810002351 7.28274805709602E-005 224164610833740 6.66309256238599E-005 201379178675078 6.19801583495656E-005 190963632890136 5.71975293348483E-005 173739686634093 5.10829394436488E-005 160186762321916 4.73045734366705E-005 146782497469384 4.4488728685188E-005 130286532784658 3.91432938274831E-005 111651699713574 3.41891414056736E-005 106641269902940 3.25791964169676E-005 91554179197432 2.88095769003393E-005 84361218595217.7 2.61948412599048E-005
 266524927972729 8.48385343074006E-005 276799508721816 8.42418194216872E-005 256752133681486 8.081418669472E-005 217759479851157 6.99911628511236E-005 211598547822666 6.65783940349596E-005 190994610573404 6.19742869418649E-005 181588138219792 5.78358960879724E-005 162237195763575 5.06175307572857E-005 142847346202554 4.47305535740433E-005 135325000017123 4.31031460860156E-005 124432487391426 3.94905225873458E-005 102934311030038 3.34652195861211E-005 96057000116639.7 3.10091776255207E-005 85552686623503.8 2.84220722666028E-005 79560903440725.9 2.57873097770881E-005
 245112399890754 8.24216677073434E-005 261107309623767 8.41237860430634E-005 232571726795397 7.73125366724384E-005 206836069815327 7.01699000707146E-005 192399159958369 6.39907549498508E-005 179089738101318 6.14061033191526E-005 166112148457634 5.61120854143511E-005 150228433341766 4.96178931765113E-005 138758170900629 4.59001235109261E-005 125861477497914 4.25834875307014E-005 113522547592570 3.81213216704194E-005 94387739495072.5 3.2521298349352E-005 94131210352739.7 3.22114972286495E-005 81268620332211.4 2.84795640519283E-005 74737884917894.7 2.56825320259018E-005
 232634302016214 8.25594296721116E-005 241288074262898 8.21822994014602E-005 214348292725205 7.5736923309635E-005 189804487253711 6.81383795370865E-005 185243388440048 6.51384613764642E-005 162819575027947 5.92483131428205E-005 158099267300373 5.63868375819709E-005 143756174971715 5.07605521794154E-005 131594958844148 4.57719145968383E-005 116937952330021 0.000041947 106995126883152 3.78305350565753E-005 92431966129225.6 3.35096500151702E-005 85423704841269.8 3.09017896416354E-005 76700898651127.2 2.87264606986473E-005 66696097344369 2.43015248066159E-005
 211699981235307 7.98765527985189E-005 229810936099187 8.32297354774207E-005 202657143747905 0.00007631 184076982152646 6.9475421212019E-005 168711258786069 6.32521867188991E-005 158693369747927 6.11668902027678E-005 151580243216628 0.000057363 136002322541518 5.04156172157552E-005 119463116247691 4.400027052146E-005 110344923312772 4.18921415058041E-005 99360267440736.5 3.72515616374899E-005 84187005591679.8 3.25819087869182E-005 80874828278731.5 3.1032487787745E-005 71793950427176.1 2.81113316014669E-005 62652575888201.5 2.4104167491341E-005
 196912697909570 7.87044623971592E-005 211186764424177 8.07204406759046E-005 195082638591215 7.80985364347117E-005 167335618608948 6.67198060779499E-005 156437744249176 6.18240541088001E-005 142145512768040 5.7827843198208E-005 136596623410284 5.46172488606839E-005 125083228794618 4.90181410136414E-005 109805287314542 4.28296060646064E-005 99642733194222 4.02067526873383E-005 92017904628778.3 3.66855343862149E-005 79302238970013.3 3.23376504437474E-005 77456685071983.1 3.16264437350669E-005 69826267168428.7 2.86575873653897E-005 60445141227830.2 0.000024802
 184908478521159 7.88877332000766E-005 194670433328544 7.86644933141024E-005 176946353513967 7.44855246056061E-005 153931750913515 6.45126311948505E-005 145929899088089 6.16457120096034E-005 134099274977928 5.71809247326571E-005 131387581499606 5.52844649910824E-005 118835412267097 4.9046404864548E-005 103222522325313 4.3306635022581E-005 97968152029651.2 0.000041461 89690522206475.6 3.75839111840493E-005 75754241202081.7 3.2692300963742E-005 72210430141149.3 3.08301630245515E-005 60592948459446.6 2.66386757769314E-005 56165648103643.6 0.000024212
 171813415544740 7.71554440559597E-005 184568546432876 7.96174662382066E-005 170493616253915 7.60550868013818E-005 139555487868430 6.30590965432292E-005 139359702491526 6.23472073263843E-005 126251495196398 5.82499017245273E-005 118790353216773 5.30112193357421E-005 105920509348677 4.66991128901815E-005 99750897063542 0.000043719 90965919051070.7 4.10378209936271E-005 84143122718282 3.7727252204722E-005 73151072252442.9 3.33260961515453E-005 65717215797741.2 2.97854583874828E-005 57118737344461.4 2.70143143460008E-005 51091678503776.9 2.32954087569667E-005
 162206366336380 7.76982288403376E-005 173979078842119 7.86956890268573E-005 157299427420252 0.000074743 134276374807683 6.47973098595058E-005 129224374865028 6.12773803205114E-005 115271726648308 5.60912053791704E-005 111962238676674 5.3269166411033E-005 102672141759923 4.78677350893593E-005 92890529036053.2 4.3084075750067E-005 82029853455164.1 3.94417283133865E-005 75236340194163.5 3.53664167710852E-005 62939605360227.8 3.05934732639714E-005 63097214957383.5 3.03921552435913E-005 55325390431413.6 2.7609514079931E-005 48994229251402.1 2.35282236241194E-005
 147382273817269 7.5530469813185E-005 156749134673319 7.49900906811921E-005 145402782400493 7.24003556987909E-005 124102196231606 6.2995170133384E-005 117130611164694 5.92767889158977E-005 112821133761799 5.78518604026459E-005 107086253819439 5.33684501608201E-005 97673680543651.6 4.80823265009915E-005 83615268138933.2 4.13730728704979E-005 76556921986631.3 3.84686394615819E-005 72591142715369.4 3.63541502592161E-005 59982409643848.9 3.10332126676814E-005 59473105271969.9 3.04682072865268E-005 53504031258705.7 2.85831115120277E-005 48038648240570.7 2.44666615806457E-005
 145707834286137 7.91052240103865E-005 147584683130244 7.6378396700954E-005 134507911799017 0.000071555 118880655266080 0.000063889 115580568839978 6.26137675386586E-005 105179608751526 5.77782959935325E-005 103464714058291 5.58786740284252E-005 85801910421263.1 4.45615419537261E-005 79060241501571.4 0.000041733 71010918003856.5 3.83368298919742E-005 66444964042900.6 3.5593179731831E-005 58650412104931.6 3.18905010214649E-005 55028708126304.1 3.00120986454522E-005 47616159672498.5 2.68802674774295E-005 42095891208204.2 0.000022943
 141004434142800 8.11234506594481E-005 140821941518924 7.67047715141546E-005 122741049603754 6.93296547842745E-005 105671617788164 6.01802458774021E-005 111396645479360 6.37096671395562E-005 92695983221447.3 5.39204822674027E-005 91307693981123.5 5.18542141392529E-005 82472948608597 0.000045431 77488657367638.7 4.33609359949234E-005 65088061504272.6 3.747394641454E-005 61909106846947.7 3.52018959761386E-005 56051865693215.8 3.25144662293633E-005 50982242583159.1 2.95265629817961E-005 46535793880263.3 0.0000276 37483466503572.4 2.17108886617586E-005
 123232899393868 7.45699042407822E-005 133630728632303 7.76823189634002E-005 116361908325427 7.15564887464718E-005 100347082444649 6.04784056185462E-005 104167581305620 6.30386856213575E-005 89515324304030.3 5.56711752011063E-005 90519182546084.7 5.385559999934E-005 76713253981874.5 4.49197527879497E-005 71889025978833.6 4.27437290856199E-005 60041015397891.2 3.6845277452903E-005 56447396279682.5 3.4494760008244E-005 46930775317628.6 2.92253852275306E-005 49218272765353.5 0.000030462 44290348394724.9 2.80226171193412E-005 38251955946263 2.35751211908103E-005
 112936346413816 7.27825272065249E-005 117229282420828 7.25125280415811E-005 109341904239309 0.000070856 91928609627271.7 5.93348799242062E-005 90955950893150.4 5.80559153843489E-005 85161399132810.9 5.57861942445416E-005 84398207337516.2 0.000054756 70657640809805.4 4.43522944991806E-005 60617206574669.9 3.81487401674551E-005 57385590122216.5 3.72524067454586E-005 54841635399100.1 3.58034625173786E-005 46119771253026 0.000030412 41103067870416.3 2.6735253231195E-005 39687987298046.6 2.66615082444486E-005 36609048149113.4 2.38739161642643E-005
 112035602696506 7.65067576529666E-005 113729290705160 0.000073785 105306356109385 7.29122923629821E-005 83134132529936 5.73995097183571E-005 88892576188930 6.09278557276196E-005 81884600988492.4 5.74618150144782E-005 79670057536120 5.39590824551231E-005 62048361756023.1 4.1390785195118E-005 60053894202365.1 4.08646639156823E-005 54351707466836.1 3.73727008879787E-005 52558278399165.2 3.55927388403197E-005 43979139131170.7 3.13969261131648E-005 39128748919764.4 2.7397408454353E-005 36848615617834.3 0.000025924 33192264130555.3 2.27663074180379E-005
 103351717388328 7.63782456067413E-005 108940711956608 7.62236076249818E-005 93380110162650.3 6.85818943311765E-005 84165425692132.9 6.29122323213109E-005 87654629858479.9 6.3954287540875E-005 72791156582634.5 0.000054394 73553612815862.3 5.30472793067608E-005 59705221387564.3 4.270240557873E-005 56031097072688.9 4.0156244298637E-005 51091174277912 0.000037298 49633459283911.4 3.60956910797228E-005 42065964245424.6 3.1428200889418E-005 37792647735136.4 2.82944407747824E-005 35259086834375.1 0.00002684 28851351464204.6 2.14822763321905E-005
 90299930704517 0.000070018 99796220447000.2 7.39591752636492E-005 89756916539204 6.91963076971995E-005 77436438914342.7 6.10694621464087E-005 79558847819668.5 0.000061807 65364162543067.4 5.23011699944376E-005 67069379351677.9 5.18714865018106E-005 56255290680742 4.32536571607579E-005 49115237735558.1 3.72546104050271E-005 45785722288221.8 3.58281121919933E-005 43679802955572.4 3.35803581465751E-005 41060916680621.8 3.2584452298391E-005 35364008779599.1 2.82983210699272E-005 32081276863808.4 2.612921851316E-005 29010123163501.5 2.27244177678154E-005
 91778264924658.3 7.87189123477353E-005 87650638410877.3 6.92453622308063E-005 86543243460184.6 7.2955528794753E-005 72933870272604 5.88423361263729E-005 72291469399237.5 5.90793645286545E-005 65217597771501.8 5.61763392157442E-005 64337592146227.4 5.28561908040335E-005 55233351535849.4 4.47970745666515E-005 46703782592696.2 3.76821824855797E-005 41316217341736 0.000034579 42432589323734.4 3.48542761288187E-005 36620926926745.2 3.0953628953904E-005 34028563569476.6 0.000028804 31201966281625.2 2.69463807027109E-005 26444118510532.3 2.23873065432203E-005
 84130299160746.5 7.77843235067719E-005 85320419664662.5 7.20118529393248E-005 82862820445745.5 7.43404980437642E-005 62902284952191.9 5.56549210372437E-005 64615498367648.9 5.78061196905565E-005 61212503447194.6 5.47819378812322E-005 63828352345482.6 5.70247847397198E-005 51912444941434.2 4.51870774009781E-005 43328747343463.4 3.7647544985007E-005 39233648698181.9 3.51126213784387E-005 38335600383827.2 3.37162665988616E-005 33252154445647.1 2.98092878819082E-005 33391296740368.9 0.000030006 27714391306977.9 2.55522773997518E-005 23905831672693 2.16012089325501E-005
 81174623936580.8 7.88388578334129E-005 81948318893477.3 0.000074577 79241592064108.9 7.39769293912287E-005 55477426713187.9 5.14479481875179E-005 63121850829612.4 6.07689203429558E-005 53547279885497.4 5.21992770826071E-005 59199712237099.2 5.42570586067851E-005 45188386488876.3 4.11842401781598E-005 39673633017910.9 3.77728468038755E-005 38173623770021.7 3.58624011893824E-005 37623333488907.7 3.58457507987356E-005 30953200208288.2 3.00242178999972E-005 31510238710566.6 2.97337348104298E-005 28196301252375 2.81613287250087E-005 24196608534582.4 2.34526012494865E-005
 77512730723960.9 8.18253423587482E-005 74715298081934.3 7.19634414632323E-005 71534102530296.3 7.1023386148503E-005 53743670817068 5.52102053019932E-005 62606950153031.6 6.45216438427783E-005 49252843218481.8 5.11315143821716E-005 55451665708988.1 5.50923061722607E-005 39488925301110 3.88491312209445E-005 39111426820190.6 3.9886555175349E-005 34918654491508.1 3.49873048747847E-005 35059453619002.4 3.54467826419583E-005 29658294539833.2 3.04445680258933E-005 25112531920012.1 2.51481758188576E-005 26013948911003.6 2.7509347564861E-005 22848597579349.9 2.41718338290379E-005
 71924658835383.2 8.01996011128617E-005 67913887894165.2 7.03852667332344E-005 63771407160162.6 6.75191660366196E-005 52172640572918.7 5.70742057458274E-005 58281716962927.8 6.476594687885E-005 43935404626381.6 0.000048939 46433207360142.2 4.97489263480054E-005 38340952999290.2 4.0057547969339E-005 38027321856249.3 4.13685407388402E-005 33518653827537.8 0.000035657 35486748542918.7 3.83311203221496E-005 28331353220591.9 3.14596366221495E-005 22537211529625.4 2.4453449578281E-005 26467335464072.5 2.98868735102671E-005 21791588271237.6 2.45742612314522E-005
