Temperature, Et, tn0, k, chi2
463, 0.0461313, 1.46479e-08, 10987.7, 0.000436849
463, 0.0569086, 1.91897e-08, 8386.87, 0.000436849
463, 0.067686, 2.51394e-08, 6401.72, 0.000436849
463, 0.0784634, 3.29332e-08, 4886.48, 0.000436849
463, 0.0892408, 4.31422e-08, 3729.92, 0.000436849
463, 0.100018, 5.65143e-08, 2847.14, 0.000436849
463, 0.110796, 7.40279e-08, 2173.32, 0.000436849
463, 0.121573, 9.69638e-08, 1659, 0.000436849
463, 0.13235, 1.26997e-07, 1266.43, 0.000436849
463, 0.143128, 1.66317e-07, 966.791, 0.000436849
463, 0.153905, 2.17785e-07, 738.078, 0.000436849
463, 0.164682, 2.85136e-07, 563.504, 0.000436849
463, 0.17546, 3.73237e-07, 430.255, 0.000436849
463, 0.186237, 4.88429e-07, 328.547, 0.000436849
463, 0.197015, 6.38946e-07, 250.915, 0.000436849
463, 0.207792, 8.35464e-07, 191.66, 0.000436849
463, 0.218569, 1.09177e-06, 146.431, 0.000436849
463, 0.229347, 1.42558e-06, 111.909, 0.000436849
463, 0.240124, 1.85957e-06, 85.558, 0.000436849
463, 0.250901, 2.42246e-06, 65.445, 0.000436849
463, 0.261679, 3.15034e-06, 50.093, 0.000436849
463, 0.272456, 4.08787e-06, 38.3751, 0.000436849
463, 0.283234, 5.28936e-06, 29.4309, 0.000436849
463, 0.294011, 6.8192e-06, 22.604, 0.000436849
463, 0.304788, 8.75113e-06, 17.3931, 0.000436849
463, 0.315566, 1.11656e-05, 13.4157, 0.000436849
463, 0.326343, 1.41444e-05, 10.3798, 0.000436849
463, 0.33712, 1.77611e-05, 8.06252, 0.000436849
463, 0.347898, 2.20682e-05, 6.29378, 0.000436849
463, 0.358675, 2.70807e-05, 4.94373, 0.000436849
463, 0.369453, 3.27604e-05, 3.91326, 0.000436849
463, 0.38023, 3.90045e-05, 3.12671, 0.000436849
463, 0.391007, 4.5645e-05, 2.52635, 0.000436849
463, 0.401785, 5.24625e-05, 2.0681, 0.000436849
463, 0.412562, 5.92129e-05, 1.71833, 0.000436849
463, 0.423339, 6.56618e-05, 1.45135, 0.000436849
463, 0.434117, 7.16151e-05, 1.24757, 0.000436849
463, 0.444894, 7.69397e-05, 1.09203, 0.000436849
463, 0.455672, 8.15687e-05, 0.973309, 0.000436849
463, 0.466449, 8.54949e-05, 0.88269, 0.000436849
463, 0.477226, 8.87557e-05, 0.813521, 0.000436849
463, 0.488004, 9.1417e-05, 0.760726, 0.000436849
463, 0.498781, 9.35583e-05, 0.720428, 0.000436849
463, 0.509558, 9.52614e-05, 0.68967, 0.000436849
463, 0.520336, 9.66037e-05, 0.666192, 0.000436849
463, 0.531113, 9.7654e-05, 0.648272, 0.000436849
463, 0.541891, 9.84711e-05, 0.634595, 0.000436849
463, 0.552668, 9.9104e-05, 0.624155, 0.000436849
463, 0.563445, 9.95926e-05, 0.616188, 0.000436849
463, 0.574223, 9.99687e-05, 0.610107, 0.000436849
463, 0.585, 0.000100258, 0.605467, 0.000436849
463, 0.595777, 0.000100479, 0.601926, 0.000436849
463, 0.606555, 0.000100649, 0.599225, 0.000436849
463, 0.617332, 0.000100779, 0.597166, 0.000436849
463, 0.628109, 0.000100878, 0.595597, 0.000436849
463, 0.638887, 0.000100953, 0.594404, 0.000436849
463, 0.649664, 0.000101011, 0.593498, 0.000436849
463, 0.660442, 0.000101054, 0.592814, 0.000436849
463, 0.671219, 0.000101087, 0.5923, 0.000436849
463, 0.681996, 0.000101111, 0.59192, 0.000436849
463, 0.692774, 0.000101128, 0.591645, 0.000436849
463, 0.703551, 0.00010114, 0.591455, 0.000436849
463, 0.714328, 0.000101148, 0.591336, 0.000436849
463, 0.725106, 0.000101152, 0.59128, 0.000436849
463, 0.735883, 0.000101151, 0.591282, 0.000436849
463, 0.746661, 0.000101148, 0.591342, 0.000436849
463, 0.757438, 0.00010114, 0.591466, 0.000436849
463, 0.768215, 0.000101127, 0.591661, 0.000436849
463, 0.778993, 0.000101109, 0.591944, 0.000436849
463, 0.78977, 0.000101085, 0.592334, 0.000436849
463, 0.800547, 0.000101051, 0.592861, 0.000436849
463, 0.811325, 0.000101006, 0.593565, 0.000436849
463, 0.822102, 0.000100947, 0.594498, 0.000436849
463, 0.83288, 0.000100869, 0.595731, 0.000436849
463, 0.843657, 0.000100766, 0.597361, 0.000436849
463, 0.854434, 0.000100631, 0.599513, 0.000436849
463, 0.865212, 0.000100452, 0.602359, 0.000436849
463, 0.875989, 0.000100216, 0.606131, 0.000436849
463, 0.886766, 9.99042e-05, 0.611148, 0.000436849
463, 0.897544, 9.94904e-05, 0.617848, 0.000436849
463, 0.908321, 9.89397e-05, 0.626853, 0.000436849
463, 0.919099, 9.82031e-05, 0.639057, 0.000436849
463, 0.929876, 9.7211e-05, 0.655783, 0.000436849
463, 0.940653, 9.58628e-05, 0.67907, 0.000436849
463, 0.951431, 9.40077e-05, 0.712204, 0.000436849
463, 0.962208, 9.1411e-05, 0.760841, 0.000436849
463, 0.972985, 8.7688e-05, 0.835603, 0.000436849
463, 0.983763, 8.21616e-05, 0.95907, 0.000436849
463, 0.99454, 7.35215e-05, 1.1893, 0.000436849
463, 1.00532, 5.88537e-05, 1.73492, 0.000436849
463, 1.01609, 3.00924e-05, 4.34887, 0.000436849
463, 1.02687, -4.64485e-05, -4.46535, 0.000436849
463, 1.03765, -0.00072637, -1.2216, 0.000436849
463, 1.04843, 0.000430272, -0.62591, 0.000436849
463, 1.0592, 0.00026042, -0.381919, 0.000436849
463, 1.06998, 0.00021542, -0.252808, 0.000436849
463, 1.08076, 0.000195153, -0.175208, 0.000436849
463, 1.09154, 0.000183946, -0.124957, 0.000436849
463, 1.10231, 0.000177041, -0.0908281, 0.000436849
463, 1.11309, 0.000172499, -0.0668922, 0.000436849
463, 1.12387, 0.000169383, -0.0497245, 0.000436849
453, 0.0445656, 1.50331e-08, 10652, 0.000421879
453, 0.0553743, 1.9828e-08, 8075.82, 0.000421879
453, 0.066183, 2.61519e-08, 6122.74, 0.000421879
453, 0.0769917, 3.44919e-08, 4642.04, 0.000421879
453, 0.0878003, 4.54904e-08, 3519.46, 0.000421879
453, 0.098609, 5.9994e-08, 2668.39, 0.000421879
453, 0.109418, 7.9118e-08, 2023.16, 0.000421879
453, 0.120226, 1.04332e-07, 1533.98, 0.000421879
453, 0.131035, 1.3757e-07, 1163.12, 0.000421879
453, 0.141844, 1.81377e-07, 881.951, 0.000421879
453, 0.152652, 2.39101e-07, 668.788, 0.000421879
453, 0.163461, 3.15139e-07, 507.18, 0.000421879
453, 0.17427, 4.15256e-07, 384.659, 0.000421879
453, 0.185079, 5.47005e-07, 291.771, 0.000421879
453, 0.195887, 7.20252e-07, 221.349, 0.000421879
453, 0.206696, 9.47846e-07, 167.959, 0.000421879
453, 0.217505, 1.24645e-06, 127.482, 0.000421879
453, 0.228313, 1.63758e-06, 96.7951, 0.000421879
453, 0.239122, 2.14877e-06, 73.5299, 0.000421879
453, 0.249931, 2.81495e-06, 55.8916, 0.000421879
453, 0.260739, 3.67991e-06, 42.5194, 0.000421879
453, 0.271548, 4.79751e-06, 32.3814, 0.000421879
453, 0.282357, 6.23255e-06, 24.6953, 0.000421879
453, 0.293165, 8.06048e-06, 18.8682, 0.000421879
453, 0.303974, 1.03652e-05, 14.4504, 0.000421879
453, 0.314783, 1.3234e-05, 11.1012, 0.000421879
453, 0.325591, 1.67484e-05, 8.56195, 0.000421879
453, 0.3364, 2.09703e-05, 6.63687, 0.000421879
453, 0.347209, 2.59248e-05, 5.17739, 0.000421879
453, 0.358018, 3.15816e-05, 4.0709, 0.000421879
453, 0.368826, 3.78418e-05, 3.23202, 0.000421879
453, 0.379635, 4.45344e-05, 2.59604, 0.000421879
453, 0.390444, 5.14302e-05, 2.11387, 0.000421879
453, 0.401252, 5.82708e-05, 1.74833, 0.000421879
453, 0.412061, 6.48057e-05, 1.47119, 0.000421879
453, 0.42287, 7.08277e-05, 1.26108, 0.000421879
453, 0.433678, 7.61957e-05, 1.10179, 0.000421879
453, 0.444487, 8.08406e-05, 0.981025, 0.000421879
453, 0.455296, 8.47579e-05, 0.889468, 0.000421879
453, 0.466104, 8.79903e-05, 0.820055, 0.000421879
453, 0.476913, 9.06102e-05, 0.767431, 0.000421879
453, 0.487722, 9.27028e-05, 0.727534, 0.000421879
453, 0.49853, 9.43549e-05, 0.697287, 0.000421879
453, 0.509339, 9.56471e-05, 0.674355, 0.000421879
453, 0.520148, 9.66507e-05, 0.65697, 0.000421879
453, 0.530957, 9.74256e-05, 0.64379, 0.000421879
453, 0.541765, 9.80215e-05, 0.633798, 0.000421879
453, 0.552574, 9.84781e-05, 0.626223, 0.000421879
453, 0.563383, 9.8827e-05, 0.62048, 0.000421879
453, 0.574191, 9.90932e-05, 0.616127, 0.000421879
453, 0.585, 9.9296e-05, 0.612828, 0.000421879
453, 0.595809, 9.94501e-05, 0.610327, 0.000421879
453, 0.606617, 9.95673e-05, 0.608433, 0.000421879
453, 0.617426, 9.96562e-05, 0.606998, 0.000421879
453, 0.628235, 9.97235e-05, 0.605913, 0.000421879
453, 0.639043, 9.97744e-05, 0.605093, 0.000421879
453, 0.649852, 9.98128e-05, 0.604476, 0.000421879
453, 0.660661, 9.98416e-05, 0.604013, 0.000421879
453, 0.67147, 9.98631e-05, 0.603669, 0.000421879
453, 0.682278, 9.98787e-05, 0.603417, 0.000421879
453, 0.693087, 9.98899e-05, 0.603238, 0.000421879
453, 0.703896, 9.98973e-05, 0.603118, 0.000421879
453, 0.714704, 9.99017e-05, 0.603048, 0.000421879
453, 0.725513, 9.99033e-05, 0.603023, 0.000421879
453, 0.736322, 9.99022e-05, 0.60304, 0.000421879
453, 0.74713, 9.98984e-05, 0.603101, 0.000421879
453, 0.757939, 9.98916e-05, 0.603211, 0.000421879
453, 0.768748, 9.98812e-05, 0.603378, 0.000421879
453, 0.779556, 9.98664e-05, 0.603615, 0.000421879
453, 0.790365, 9.98461e-05, 0.603941, 0.000421879
453, 0.801174, 9.98188e-05, 0.60438, 0.000421879
453, 0.811982, 9.97822e-05, 0.604969, 0.000421879
453, 0.822791, 9.97335e-05, 0.605752, 0.000421879
453, 0.8336, 9.96689e-05, 0.606793, 0.000421879
453, 0.844409, 9.95833e-05, 0.608174, 0.000421879
453, 0.855217, 9.94698e-05, 0.610009, 0.000421879
453, 0.866026, 9.93194e-05, 0.612447, 0.000421879
453, 0.876835, 9.91198e-05, 0.615695, 0.000421879
453, 0.887643, 9.88544e-05, 0.620032, 0.000421879
453, 0.898452, 9.85007e-05, 0.625849, 0.000421879
453, 0.909261, 9.80279e-05, 0.633692, 0.000421879
453, 0.920069, 9.73929e-05, 0.644342, 0.000421879
453, 0.930878, 9.65353e-05, 0.65895, 0.000421879
453, 0.941687, 9.53676e-05, 0.679263, 0.000421879
453, 0.952495, 9.37601e-05, 0.708053, 0.000421879
453, 0.963304, 9.15137e-05, 0.749981, 0.000421879
453, 0.974113, 8.83072e-05, 0.813524, 0.000421879
453, 0.984921, 8.35895e-05, 0.915877, 0.000421879
453, 0.99573, 7.63293e-05, 1.09811, 0.000421879
453, 1.00654, 6.43456e-05, 1.48886, 0.000421879
453, 1.01735, 4.20802e-05, 2.80576, 0.000421879
453, 1.02816, 1.77518e-07, 884.695, 0.000427697
453, 1.03896, -0.000248257, -1.64509, 0.000421879
453, 1.04977, 0.000643526, -0.751141, 0.000421879
453, 1.06058, 0.000284724, -0.437534, 0.000421879
453, 1.07139, 0.000223094, -0.282153, 0.000421879
453, 1.0822, 0.000198238, -0.192147, 0.000421879
453, 1.09301, 0.000185193, -0.135242, 0.000421879
453, 1.10382, 0.0001774, -0.0972523, 0.000421879
453, 1.11463, 0.000172379, -0.0709604, 0.000421879
453, 1.12543, 0.000168987, -0.0523078, 0.000421879
443, 0.0430147, 1.4685e-08, 10792.7, 0.000378636
443, 0.0538544, 1.9506e-08, 8124.99, 0.000378636
443, 0.0646941, 2.59094e-08, 6116.69, 0.000378636
443, 0.0755338, 3.4414e-08, 4604.84, 0.000378636
443, 0.0863735, 4.5709e-08, 3466.71, 0.000378636
443, 0.0972133, 6.07086e-08, 2609.93, 0.000378636
443, 0.108053, 8.06261e-08, 1964.93, 0.000378636
443, 0.118893, 1.07071e-07, 1479.38, 0.000378636
443, 0.129732, 1.42176e-07, 1113.85, 0.000378636
443, 0.140572, 1.88768e-07, 838.683, 0.000378636
443, 0.151412, 2.50588e-07, 631.534, 0.000378636
443, 0.162251, 3.32581e-07, 475.592, 0.000378636
443, 0.173091, 4.41276e-07, 358.198, 0.000378636
443, 0.183931, 5.85273e-07, 269.823, 0.000378636
443, 0.194771, 7.75869e-07, 203.294, 0.000378636
443, 0.20561, 1.02785e-06, 153.211, 0.000378636
443, 0.21645, 1.36047e-06, 115.508, 0.000378636
443, 0.22729, 1.79864e-06, 87.1254, 0.000378636
443, 0.238129, 2.37431e-06, 65.7587, 0.000378636
443, 0.248969, 3.12796e-06, 49.6737, 0.000378636
443, 0.259809, 4.1101e-06, 37.5649, 0.000378636
443, 0.270649, 5.38231e-06, 28.4494, 0.000378636
443, 0.281488, 7.01752e-06, 21.5871, 0.000378636
443, 0.292328, 9.09842e-06, 16.4212, 0.000378636
443, 0.303168, 1.17131e-05, 12.5323, 0.000378636
443, 0.314007, 1.49467e-05, 9.6047, 0.000378636
443, 0.324847, 1.88679e-05, 7.4008, 0.000378636
443, 0.335687, 2.35113e-05, 5.74169, 0.000378636
443, 0.346526, 2.88575e-05, 4.49271, 0.000378636
443, 0.357366, 3.48175e-05, 3.55247, 0.000378636
443, 0.368206, 4.12276e-05, 2.84465, 0.000378636
443, 0.379046, 4.78608e-05, 2.3118, 0.000378636
443, 0.389885, 5.44566e-05, 1.91067, 0.000378636
443, 0.400725, 6.07603e-05, 1.6087, 0.000378636
443, 0.411565, 6.65604e-05, 1.38138, 0.000378636
443, 0.422404, 7.1714e-05, 1.21025, 0.000378636
443, 0.433244, 7.61527e-05, 1.08142, 0.000378636
443, 0.444084, 7.98744e-05, 0.984436, 0.000378636
443, 0.454924, 8.29252e-05, 0.911427, 0.000378636
443, 0.465763, 8.53803e-05, 0.856466, 0.000378636
443, 0.476603, 8.73265e-05, 0.815091, 0.000378636
443, 0.487443, 8.88512e-05, 0.783944, 0.000378636
443, 0.498282, 9.00346e-05, 0.760496, 0.000378636
443, 0.509122, 9.09465e-05, 0.742844, 0.000378636
443, 0.519962, 9.16452e-05, 0.729556, 0.000378636
443, 0.530801, 9.21783e-05, 0.719553, 0.000378636
443, 0.541641, 9.25837e-05, 0.712023, 0.000378636
443, 0.552481, 9.28913e-05, 0.706355, 0.000378636
443, 0.563321, 9.31242e-05, 0.702088, 0.000378636
443, 0.57416, 9.33002e-05, 0.698876, 0.000378636
443, 0.585, 9.34331e-05, 0.696459, 0.000378636
443, 0.59584, 9.35334e-05, 0.69464, 0.000378636
443, 0.606679, 9.3609e-05, 0.693272, 0.000378636
443, 0.617519, 9.36659e-05, 0.692244, 0.000378636
443, 0.628359, 9.37086e-05, 0.691472, 0.000378636
443, 0.639199, 9.37407e-05, 0.690893, 0.000378636
443, 0.650038, 9.37647e-05, 0.690461, 0.000378636
443, 0.660878, 9.37824e-05, 0.690141, 0.000378636
443, 0.671718, 9.37955e-05, 0.689906, 0.000378636
443, 0.682557, 9.38049e-05, 0.689737, 0.000378636
443, 0.693397, 9.38113e-05, 0.689621, 0.000378636
443, 0.704237, 9.38153e-05, 0.689548, 0.000378636
443, 0.715076, 9.38173e-05, 0.689512, 0.000378636
443, 0.725916, 9.38174e-05, 0.689511, 0.000378636
443, 0.736756, 9.38155e-05, 0.689545, 0.000378636
443, 0.747596, 9.38116e-05, 0.689616, 0.000378636
443, 0.758435, 9.38053e-05, 0.689729, 0.000378636
443, 0.769275, 9.37961e-05, 0.689895, 0.000378636
443, 0.780115, 9.37833e-05, 0.690126, 0.000378636
443, 0.790954, 9.37657e-05, 0.690442, 0.000378636
443, 0.801794, 9.37421e-05, 0.690869, 0.000378636
443, 0.812634, 9.37104e-05, 0.691441, 0.000378636
443, 0.823474, 9.3668e-05, 0.692206, 0.000378636
443, 0.834313, 9.36115e-05, 0.693228, 0.000378636
443, 0.845153, 9.35361e-05, 0.694592, 0.000378636
443, 0.855993, 9.34356e-05, 0.696414, 0.000378636
443, 0.866832, 9.33017e-05, 0.69885, 0.000378636
443, 0.877672, 9.31228e-05, 0.702114, 0.000378636
443, 0.888512, 9.28836e-05, 0.706497, 0.000378636
443, 0.899351, 9.25631e-05, 0.712406, 0.000378636
443, 0.910191, 9.21325e-05, 0.720409, 0.000378636
443, 0.921031, 9.15516e-05, 0.731324, 0.000378636
443, 0.931871, 9.07642e-05, 0.746344, 0.000378636
443, 0.94271, 8.96891e-05, 0.767278, 0.000378636
443, 0.95355, 8.8207e-05, 0.796972, 0.000378636
443, 0.96439, 8.61366e-05, 0.840165, 0.000378636
443, 0.975229, 8.31901e-05, 0.905341, 0.000378636
443, 0.986069, 7.88838e-05, 1.00936, 0.000378636
443, 0.996909, 7.23392e-05, 1.19114, 0.000378636
443, 1.00775, 6.1778e-05, 1.56573, 0.000378636
443, 1.01859, 4.29665e-05, 2.68905, 0.000378636
443, 1.02943, 2.72103e-06, 57.252, 0.000378636
443, 1.04027, -0.000131438, -2.20594, 0.000378636
443, 1.05111, 0.00217249, -0.92704, 0.000378636
443, 1.06195, 0.000332795, -0.523715, 0.000378636
443, 1.07279, 0.000237248, -0.3319, 0.000378636
443, 1.08363, 0.000204068, -0.223272, 0.000378636
443, 1.09447, 0.000187717, -0.155616, 0.000378636
443, 1.10531, 0.000178287, -0.110955, 0.000378636
443, 1.11615, 0.00017235, -0.0803297, 0.000378636
443, 1.12699, 0.000168404, -0.0587787, 0.000378636
428, 0.0407171, 1.36907e-08, 11197.7, 0.000366599
428, 0.0516028, 1.83901e-08, 8336.01, 0.000366599
428, 0.0624884, 2.47019e-08, 6205.72, 0.000366599
428, 0.0733741, 3.31793e-08, 4619.89, 0.000366599
428, 0.0842598, 4.45644e-08, 3439.37, 0.000366599
428, 0.0951454, 5.98534e-08, 2560.56, 0.000366599
428, 0.106031, 8.03824e-08, 1906.36, 0.000366599
428, 0.116917, 1.07944e-07, 1419.35, 0.000366599
428, 0.127802, 1.44938e-07, 1056.82, 0.000366599
428, 0.138688, 1.94581e-07, 786.939, 0.000366599
428, 0.149574, 2.61174e-07, 586.035, 0.000366599
428, 0.160459, 3.50459e-07, 436.477, 0.000366599
428, 0.171345, 4.70093e-07, 325.144, 0.000366599
428, 0.182231, 6.30252e-07, 242.264, 0.000366599
428, 0.193116, 8.44413e-07, 180.567, 0.000366599
428, 0.204002, 1.13034e-06, 134.639, 0.000366599
428, 0.214888, 1.51129e-06, 100.449, 0.000366599
428, 0.225773, 2.01743e-06, 74.9967, 0.000366599
428, 0.236659, 2.68744e-06, 56.0498, 0.000366599
428, 0.247545, 3.57008e-06, 41.9452, 0.000366599
428, 0.25843, 4.7254e-06, 31.4455, 0.000366599
428, 0.269316, 6.22503e-06, 23.6293, 0.000366599
428, 0.280202, 8.15056e-06, 17.8107, 0.000366599
428, 0.291087, 1.05888e-05, 13.4793, 0.000366599
428, 0.301973, 1.36224e-05, 10.2548, 0.000366599
428, 0.312859, 1.73152e-05, 7.85451, 0.000366599
428, 0.323744, 2.16929e-05, 6.06765, 0.000366599
428, 0.33463, 2.67222e-05, 4.73747, 0.000366599
428, 0.345516, 3.22961e-05, 3.74725, 0.000366599
428, 0.356401, 3.82328e-05, 3.01012, 0.000366599
428, 0.367287, 4.42939e-05, 2.46138, 0.000366599
428, 0.378173, 5.02207e-05, 2.05288, 0.000366599
428, 0.389058, 5.57765e-05, 1.74879, 0.000366599
428, 0.399944, 6.07821e-05, 1.52242, 0.000366599
428, 0.410829, 6.51335e-05, 1.3539, 0.000366599
428, 0.421715, 6.88001e-05, 1.22846, 0.000366599
428, 0.432601, 7.18093e-05, 1.13507, 0.000366599
428, 0.443486, 7.42261e-05, 1.06555, 0.000366599
428, 0.454372, 7.61336e-05, 1.0138, 0.000366599
428, 0.465258, 7.76184e-05, 0.975278, 0.000366599
428, 0.476143, 7.8762e-05, 0.9466, 0.000366599
428, 0.487029, 7.96353e-05, 0.925251, 0.000366599
428, 0.497915, 8.02982e-05, 0.909359, 0.000366599
428, 0.5088, 8.07988e-05, 0.897528, 0.000366599
428, 0.519686, 8.11756e-05, 0.888721, 0.000366599
428, 0.530572, 8.14583e-05, 0.882165, 0.000366599
428, 0.541457, 8.16701e-05, 0.877285, 0.000366599
428, 0.552343, 8.18284e-05, 0.873652, 0.000366599
428, 0.563229, 8.19467e-05, 0.870948, 0.000366599
428, 0.574114, 8.20349e-05, 0.868936, 0.000366599
428, 0.585, 8.21007e-05, 0.867438, 0.000366599
428, 0.595886, 8.21497e-05, 0.866324, 0.000366599
428, 0.606771, 8.21862e-05, 0.865495, 0.000366599
428, 0.617657, 8.22133e-05, 0.86488, 0.000366599
428, 0.628543, 8.22335e-05, 0.864423, 0.000366599
428, 0.639428, 8.22484e-05, 0.864086, 0.000366599
428, 0.650314, 8.22593e-05, 0.863837, 0.000366599
428, 0.6612, 8.22673e-05, 0.863656, 0.000366599
428, 0.672085, 8.2273e-05, 0.863527, 0.000366599
428, 0.682971, 8.22769e-05, 0.863438, 0.000366599
428, 0.693857, 8.22794e-05, 0.863382, 0.000366599
428, 0.704742, 8.22807e-05, 0.863353, 0.000366599
428, 0.715628, 8.22809e-05, 0.863349, 0.000366599
428, 0.726514, 8.228e-05, 0.863369, 0.000366599
428, 0.737399, 8.22779e-05, 0.863417, 0.000366599
428, 0.748285, 8.22745e-05, 0.863494, 0.000366599
428, 0.759171, 8.22694e-05, 0.863609, 0.000366599
428, 0.770056, 8.22622e-05, 0.863772, 0.000366599
428, 0.780942, 8.22523e-05, 0.863997, 0.000366599
428, 0.791827, 8.22388e-05, 0.864303, 0.000366599
428, 0.802713, 8.22205e-05, 0.864718, 0.000366599
428, 0.813599, 8.21957e-05, 0.865279, 0.000366599
428, 0.824484, 8.21624e-05, 0.866035, 0.000366599
428, 0.83537, 8.21176e-05, 0.867055, 0.000366599
428, 0.846256, 8.20572e-05, 0.868429, 0.000366599
428, 0.857141, 8.19759e-05, 0.870283, 0.000366599
428, 0.868027, 8.18663e-05, 0.872786, 0.000366599
428, 0.878913, 8.17186e-05, 0.876171, 0.000366599
428, 0.889798, 8.15191e-05, 0.880761, 0.000366599
428, 0.900684, 8.12495e-05, 0.887004, 0.000366599
428, 0.91157, 8.0884e-05, 0.89553, 0.000366599
428, 0.922455, 8.03872e-05, 0.907245, 0.000366599
428, 0.933341, 7.9709e-05, 0.923473, 0.000366599
428, 0.944227, 7.87778e-05, 0.946209, 0.000366599
428, 0.955112, 7.74892e-05, 0.978573, 0.000366599
428, 0.965998, 7.56864e-05, 1.0257, 0.000366599
428, 0.976884, 7.31253e-05, 1.09665, 0.000366599
428, 0.987769, 6.94066e-05, 1.20898, 0.000366599
428, 0.998655, 6.38323e-05, 1.40189, 0.000366599
428, 1.00954, 5.50643e-05, 1.78435, 0.000366599
428, 1.02043, 4.01718e-05, 2.81656, 0.000366599
428, 1.03131, 1.12441e-05, 12.6354, 0.000366599
428, 1.0422, -6.30744e-05, -3.43075, 0.000366599
428, 1.05308, -0.000574517, -1.26686, 0.000366599
428, 1.06397, 0.000487964, -0.6858, 0.000366599
428, 1.07485, 0.000266337, -0.424346, 0.000366599
428, 1.08574, 0.000213128, -0.280629, 0.000366599
428, 1.09663, 0.000189956, -0.192877, 0.000366599
428, 1.10751, 0.000177415, -0.135824, 0.000366599
428, 1.1184, 0.000169825, -0.097201, 0.000366599
428, 1.12928, 0.000164917, -0.070334, 0.000366599
418, 0.0392051, 1.34824e-08, 10943.5, 0.000286444
418, 0.050121, 1.82538e-08, 8082.73, 0.000286444
418, 0.0610369, 2.47132e-08, 5969.84, 0.000286444
418, 0.0719528, 3.34574e-08, 4409.34, 0.000286444
418, 0.0828687, 4.52937e-08, 3256.81, 0.000286444
418, 0.0937846, 6.13141e-08, 2405.6, 0.000286444
418, 0.104701, 8.29949e-08, 1776.92, 0.000286444
418, 0.115616, 1.12331e-07, 1312.6, 0.000286444
418, 0.126532, 1.52016e-07, 969.677, 0.000286444
418, 0.137448, 2.05684e-07, 716.403, 0.000286444
418, 0.148364, 2.78232e-07, 529.344, 0.000286444
418, 0.15928, 3.76243e-07, 391.189, 0.000286444
418, 0.170196, 5.08554e-07, 289.153, 0.000286444
418, 0.181112, 6.8698e-07, 213.793, 0.000286444
418, 0.192028, 9.27255e-07, 158.135, 0.000286444
418, 0.202944, 1.2502e-06, 117.028, 0.000286444
418, 0.21386, 1.68316e-06, 86.6674, 0.000286444
418, 0.224775, 2.26162e-06, 64.2445, 0.000286444
418, 0.235691, 3.03096e-06, 47.6837, 0.000286444
418, 0.246607, 4.04796e-06, 35.4525, 0.000286444
418, 0.257523, 5.38161e-06, 26.419, 0.000286444
418, 0.268439, 7.11221e-06, 19.7472, 0.000286444
418, 0.279355, 9.32754e-06, 14.8197, 0.000286444
418, 0.290271, 1.21145e-05, 11.1803, 0.000286444
418, 0.301187, 1.55448e-05, 8.49248, 0.000286444
418, 0.312103, 1.96553e-05, 6.50732, 0.000286444
418, 0.323018, 2.44255e-05, 5.04116, 0.000286444
418, 0.333934, 2.97599e-05, 3.95831, 0.000286444
418, 0.34485, 3.54832e-05, 3.15855, 0.000286444
418, 0.355766, 4.13575e-05, 2.56788, 0.000286444
418, 0.366682, 4.71188e-05, 2.13163, 0.000286444
418, 0.377598, 5.25225e-05, 1.80943, 0.000286444
418, 0.388514, 5.7383e-05, 1.57147, 0.000286444
418, 0.39943, 6.15926e-05, 1.39572, 0.000286444
418, 0.410346, 6.51209e-05, 1.26592, 0.000286444
418, 0.421262, 6.79978e-05, 1.17005, 0.000286444
418, 0.432177, 7.02913e-05, 1.09924, 0.000286444
418, 0.443093, 7.2087e-05, 1.04695, 0.000286444
418, 0.454009, 7.34733e-05, 1.00833, 0.000286444
418, 0.464925, 7.45319e-05, 0.979803, 0.000286444
418, 0.475841, 7.53335e-05, 0.958735, 0.000286444
418, 0.486757, 7.59368e-05, 0.943176, 0.000286444
418, 0.497673, 7.63885e-05, 0.931684, 0.000286444
418, 0.508589, 7.67256e-05, 0.923197, 0.000286444
418, 0.519505, 7.69765e-05, 0.916928, 0.000286444
418, 0.530421, 7.71629e-05, 0.912299, 0.000286444
418, 0.541336, 7.73011e-05, 0.90888, 0.000286444
418, 0.552252, 7.74035e-05, 0.906355, 0.000286444
418, 0.563168, 7.74793e-05, 0.90449, 0.000286444
418, 0.574084, 7.75353e-05, 0.903113, 0.000286444
418, 0.585, 7.75768e-05, 0.902097, 0.000286444
418, 0.595916, 7.76074e-05, 0.901346, 0.000286444
418, 0.606832, 7.763e-05, 0.900793, 0.000286444
418, 0.617748, 7.76466e-05, 0.900385, 0.000286444
418, 0.628664, 7.76589e-05, 0.900085, 0.000286444
418, 0.639579, 7.76679e-05, 0.899865, 0.000286444
418, 0.650495, 7.76744e-05, 0.899705, 0.000286444
418, 0.661411, 7.76791e-05, 0.89959, 0.000286444
418, 0.672327, 7.76825e-05, 0.899509, 0.000286444
418, 0.683243, 7.76847e-05, 0.899454, 0.000286444
418, 0.694159, 7.7686e-05, 0.899422, 0.000286444
418, 0.705075, 7.76866e-05, 0.899408, 0.000286444
418, 0.715991, 7.76864e-05, 0.899412, 0.000286444
418, 0.726907, 7.76855e-05, 0.899433, 0.000286444
418, 0.737823, 7.76838e-05, 0.899475, 0.000286444
418, 0.748738, 7.76812e-05, 0.89954, 0.000286444
418, 0.759654, 7.76773e-05, 0.899634, 0.000286444
418, 0.77057, 7.76719e-05, 0.899768, 0.000286444
418, 0.781486, 7.76643e-05, 0.899952, 0.000286444
418, 0.792402, 7.7654e-05, 0.900203, 0.000286444
418, 0.803318, 7.764e-05, 0.900547, 0.000286444
418, 0.814234, 7.7621e-05, 0.901013, 0.000286444
418, 0.82515, 7.75951e-05, 0.901647, 0.000286444
418, 0.836066, 7.756e-05, 0.902507, 0.000286444
418, 0.846982, 7.75124e-05, 0.903675, 0.000286444
418, 0.857897, 7.74479e-05, 0.905262, 0.000286444
418, 0.868813, 7.73603e-05, 0.907419, 0.000286444
418, 0.879729, 7.72413e-05, 0.910357, 0.000286444
418, 0.890645, 7.70796e-05, 0.914366, 0.000286444
418, 0.901561, 7.68594e-05, 0.91985, 0.000286444
418, 0.912477, 7.65591e-05, 0.927381, 0.000286444
418, 0.923393, 7.61483e-05, 0.937777, 0.000286444
418, 0.934309, 7.55846e-05, 0.952231, 0.000286444
418, 0.945225, 7.48069e-05, 0.972525, 0.000286444
418, 0.95614, 7.37268e-05, 1.00142, 0.000286444
418, 0.967056, 7.22122e-05, 1.0434, 0.000286444
418, 0.977972, 7.00596e-05, 1.10619, 0.000286444
418, 0.988888, 6.69411e-05, 1.2043, 0.000286444
418, 0.999804, 6.22957e-05, 1.36868, 0.000286444
418, 1.01072, 5.50805e-05, 1.67896, 0.000286444
418, 1.02164, 4.31136e-05, 2.42255, 0.000286444
418, 1.03255, 2.09265e-05, 6.05129, 0.000286444
418, 1.04347, -3.02018e-05, -5.88576, 0.000286444
418, 1.05438, -0.000244567, -1.60335, 0.000286444
418, 1.0653, 0.000767229, -0.807673, 0.000286444
418, 1.07622, 0.000285457, -0.483081, 0.000286444
418, 1.08713, 0.000214739, -0.312846, 0.000286444
418, 1.09805, 0.000187208, -0.211793, 0.000286444
418, 1.10896, 0.000173059, -0.147349, 0.000286444
418, 1.11988, 0.000164751, -0.104356, 0.000286444
418, 1.13079, 0.000159489, -0.0748041, 0.000286444
408, 0.0377095, 1.28553e-08, 11124.1, 0.000259878
408, 0.0486553, 1.75493e-08, 8148.37, 0.000259878
408, 0.0596011, 2.39567e-08, 5968.74, 0.000259878
408, 0.0705469, 3.27026e-08, 4372.22, 0.000259878
408, 0.0814928, 4.46392e-08, 3202.81, 0.000259878
408, 0.0924386, 6.0929e-08, 2346.25, 0.000259878
408, 0.103384, 8.31563e-08, 1718.84, 0.000259878
408, 0.11433, 1.13479e-07, 1259.28, 0.000259878
408, 0.125276, 1.54836e-07, 922.662, 0.000259878
408, 0.136222, 2.11219e-07, 676.098, 0.000259878
408, 0.147168, 2.8805e-07, 495.496, 0.000259878
408, 0.158113, 3.92673e-07, 363.21, 0.000259878
408, 0.169059, 5.3501e-07, 266.314, 0.000259878
408, 0.180005, 7.28408e-07, 195.34, 0.000259878
408, 0.190951, 9.90733e-07, 143.353, 0.000259878
408, 0.201897, 1.34572e-06, 105.275, 0.000259878
408, 0.212842, 1.82458e-06, 77.3827, 0.000259878
408, 0.223788, 2.4678e-06, 56.9527, 0.000259878
408, 0.234734, 3.32686e-06, 41.9882, 0.000259878
408, 0.24568, 4.46546e-06, 31.0271, 0.000259878
408, 0.256626, 5.95939e-06, 22.9984, 0.000259878
408, 0.267572, 7.89377e-06, 17.1175, 0.000259878
408, 0.278517, 1.0356e-05, 12.81, 0.000259878
408, 0.289463, 1.34226e-05, 9.6548, 0.000259878
408, 0.300409, 1.71405e-05, 7.34371, 0.000259878
408, 0.311355, 2.15032e-05, 5.6509, 0.000259878
408, 0.322301, 2.64307e-05, 4.41096, 0.000259878
408, 0.333246, 3.1762e-05, 3.50273, 0.000259878
408, 0.344192, 3.72681e-05, 2.83748, 0.000259878
408, 0.355138, 4.26887e-05, 2.3502, 0.000259878
408, 0.366084, 4.77789e-05, 1.99328, 0.000259878
408, 0.37703, 5.23513e-05, 1.73184, 0.000259878
408, 0.387975, 5.62976e-05, 1.54035, 0.000259878
408, 0.398921, 5.95878e-05, 1.40008, 0.000259878
408, 0.409867, 6.22526e-05, 1.29734, 0.000259878
408, 0.420813, 6.43609e-05, 1.22209, 0.000259878
408, 0.431759, 6.59981e-05, 1.16697, 0.000259878
408, 0.442704, 6.72511e-05, 1.12659, 0.000259878
408, 0.45365, 6.81996e-05, 1.09702, 0.000259878
408, 0.464596, 6.89114e-05, 1.07535, 0.000259878
408, 0.475542, 6.94423e-05, 1.05949, 0.000259878
408, 0.486488, 6.98364e-05, 1.04787, 0.000259878
408, 0.497434, 7.0128e-05, 1.03935, 0.000259878
408, 0.508379, 7.0343e-05, 1.03312, 0.000259878
408, 0.519325, 7.05014e-05, 1.02855, 0.000259878
408, 0.530271, 7.06179e-05, 1.0252, 0.000259878
408, 0.541217, 7.07034e-05, 1.02275, 0.000259878
408, 0.552163, 7.07662e-05, 1.02096, 0.000259878
408, 0.563108, 7.08123e-05, 1.01964, 0.000259878
408, 0.574054, 7.0846e-05, 1.01868, 0.000259878
408, 0.585, 7.08708e-05, 1.01798, 0.000259878
408, 0.595946, 7.08889e-05, 1.01746, 0.000259878
408, 0.606892, 7.09022e-05, 1.01708, 0.000259878
408, 0.617837, 7.09118e-05, 1.01681, 0.000259878
408, 0.628783, 7.09189e-05, 1.01661, 0.000259878
408, 0.639729, 7.0924e-05, 1.01646, 0.000259878
408, 0.650675, 7.09277e-05, 1.01636, 0.000259878
408, 0.661621, 7.09303e-05, 1.01628, 0.000259878
408, 0.672566, 7.09321e-05, 1.01623, 0.000259878
408, 0.683512, 7.09333e-05, 1.0162, 0.000259878
408, 0.694458, 7.09339e-05, 1.01618, 0.000259878
408, 0.705404, 7.0934e-05, 1.01618, 0.000259878
408, 0.71635, 7.09337e-05, 1.01619, 0.000259878
408, 0.727296, 7.09328e-05, 1.01621, 0.000259878
408, 0.738241, 7.09314e-05, 1.01625, 0.000259878
408, 0.749187, 7.09293e-05, 1.01631, 0.000259878
408, 0.760133, 7.09263e-05, 1.0164, 0.000259878
408, 0.771079, 7.0922e-05, 1.01652, 0.000259878
408, 0.782025, 7.09161e-05, 1.01669, 0.000259878
408, 0.79297, 7.0908e-05, 1.01692, 0.000259878
408, 0.803916, 7.08968e-05, 1.01724, 0.000259878
408, 0.814862, 7.08816e-05, 1.01767, 0.000259878
408, 0.825808, 7.08608e-05, 1.01826, 0.000259878
408, 0.836754, 7.08323e-05, 1.01907, 0.000259878
408, 0.847699, 7.07934e-05, 1.02018, 0.000259878
408, 0.858645, 7.07402e-05, 1.0217, 0.000259878
408, 0.869591, 7.06674e-05, 1.02379, 0.000259878
408, 0.880537, 7.05677e-05, 1.02664, 0.000259878
408, 0.891483, 7.04313e-05, 1.03057, 0.000259878
408, 0.902428, 7.02442e-05, 1.03598, 0.000259878
408, 0.913374, 6.99872e-05, 1.04346, 0.000259878
408, 0.92432, 6.96333e-05, 1.05384, 0.000259878
408, 0.935266, 6.91447e-05, 1.06835, 0.000259878
408, 0.946212, 6.84669e-05, 1.08883, 0.000259878
408, 0.957158, 6.75213e-05, 1.11808, 0.000259878
408, 0.968103, 6.61909e-05, 1.16065, 0.000259878
408, 0.979049, 6.42971e-05, 1.22429, 0.000259878
408, 0.989995, 6.15555e-05, 1.32336, 0.000259878
408, 1.00094, 5.74889e-05, 1.48771, 0.000259878
408, 1.01189, 5.12335e-05, 1.79145, 0.000259878
408, 1.02283, 4.10522e-05, 2.48375, 0.000259878
408, 1.03378, 2.28546e-05, 5.25764, 0.000259878
408, 1.04472, 5.036e-08, 2718.82, 0.000282426
408, 1.05567, -0.000140588, -2.01727, 0.000259878
408, 1.06662, 0.0040891, -0.965025, 0.000259878
408, 1.07756, 0.000327747, -0.56364, 0.000259878
408, 1.08851, 0.000223287, -0.359499, 0.000259878
408, 1.09945, 0.000188316, -0.240554, 0.000259878
408, 1.1104, 0.000171421, -0.165704, 0.000259878
408, 1.12134, 0.000161837, -0.1163, 0.000259878
408, 1.13229, 0.000155902, -0.0826557, 0.000259878
398, 0.0362307, 1.25638e-08, 10970, 0.000218638
398, 0.0472061, 1.7301e-08, 7966.05, 0.000218638
398, 0.0581815, 2.38236e-08, 5784.77, 0.000218638
398, 0.0691569, 3.28041e-08, 4200.85, 0.000218638
398, 0.0801322, 4.51675e-08, 3050.71, 0.000218638
398, 0.0911076, 6.21861e-08, 2215.54, 0.000218638
398, 0.102083, 8.5609e-08, 1609.09, 0.000218638
398, 0.113058, 1.17838e-07, 1168.72, 0.000218638
398, 0.124034, 1.62172e-07, 848.95, 0.000218638
398, 0.135009, 2.23128e-07, 616.752, 0.000218638
398, 0.145985, 3.0689e-07, 448.144, 0.000218638
398, 0.15696, 4.21895e-07, 325.711, 0.000218638
398, 0.167935, 5.79619e-07, 236.808, 0.000218638
398, 0.178911, 7.95596e-07, 172.251, 0.000218638
398, 0.189886, 1.09071e-06, 125.374, 0.000218638
398, 0.200861, 1.49281e-06, 91.3346, 0.000218638
398, 0.211837, 2.0385e-06, 66.6172, 0.000218638
398, 0.222812, 2.77514e-06, 48.6688, 0.000218638
398, 0.233788, 3.76238e-06, 35.6358, 0.000218638
398, 0.244763, 5.07278e-06, 26.172, 0.000218638
398, 0.255738, 6.79004e-06, 19.3, 0.000218638
398, 0.266714, 9.00317e-06, 14.3099, 0.000218638
398, 0.277689, 1.17947e-05, 10.6864, 0.000218638
398, 0.288665, 1.52218e-05, 8.05527, 0.000218638
398, 0.29964, 1.92924e-05, 6.14467, 0.000218638
398, 0.310615, 2.39414e-05, 4.75731, 0.000218638
398, 0.321591, 2.90192e-05, 3.74989, 0.000218638
398, 0.332566, 3.4302e-05, 3.01836, 0.000218638
398, 0.343542, 3.95272e-05, 2.48717, 0.000218638
398, 0.354517, 4.44431e-05, 2.10145, 0.000218638
398, 0.365492, 4.88551e-05, 1.82136, 0.000218638
398, 0.376468, 5.26505e-05, 1.61798, 0.000218638
398, 0.387443, 5.57982e-05, 1.47029, 0.000218638
398, 0.398418, 5.83304e-05, 1.36305, 0.000218638
398, 0.409394, 6.03181e-05, 1.28518, 0.000218638
398, 0.420369, 6.18485e-05, 1.22864, 0.000218638
398, 0.431345, 6.30094e-05, 1.18758, 0.000218638
398, 0.44232, 6.38801e-05, 1.15776, 0.000218638
398, 0.453295, 6.45275e-05, 1.13611, 0.000218638
398, 0.464271, 6.50059e-05, 1.12039, 0.000218638
398, 0.475246, 6.53578e-05, 1.10897, 0.000218638
398, 0.486222, 6.56157e-05, 1.10068, 0.000218638
398, 0.497197, 6.58042e-05, 1.09467, 0.000218638
398, 0.508172, 6.59418e-05, 1.09029, 0.000218638
398, 0.519148, 6.60421e-05, 1.08712, 0.000218638
398, 0.530123, 6.61151e-05, 1.08482, 0.000218638
398, 0.541098, 6.61682e-05, 1.08314, 0.000218638
398, 0.552074, 6.62068e-05, 1.08193, 0.000218638
398, 0.563049, 6.62349e-05, 1.08105, 0.000218638
398, 0.574025, 6.62553e-05, 1.0804, 0.000218638
398, 0.585, 6.62701e-05, 1.07994, 0.000218638
398, 0.595975, 6.62809e-05, 1.0796, 0.000218638
398, 0.606951, 6.62886e-05, 1.07936, 0.000218638
398, 0.617926, 6.62943e-05, 1.07918, 0.000218638
398, 0.628902, 6.62984e-05, 1.07905, 0.000218638
398, 0.639877, 6.63013e-05, 1.07896, 0.000218638
398, 0.650852, 6.63034e-05, 1.0789, 0.000218638
398, 0.661828, 6.63048e-05, 1.07885, 0.000218638
398, 0.672803, 6.63058e-05, 1.07882, 0.000218638
398, 0.683778, 6.63064e-05, 1.0788, 0.000218638
398, 0.694754, 6.63066e-05, 1.07879, 0.000218638
398, 0.705729, 6.63066e-05, 1.0788, 0.000218638
398, 0.716705, 6.63063e-05, 1.07881, 0.000218638
398, 0.72768, 6.63056e-05, 1.07883, 0.000218638
398, 0.738655, 6.63045e-05, 1.07886, 0.000218638
398, 0.749631, 6.6303e-05, 1.07891, 0.000218638
398, 0.760606, 6.63007e-05, 1.07898, 0.000218638
398, 0.771582, 6.62976e-05, 1.07908, 0.000218638
398, 0.782557, 6.62932e-05, 1.07922, 0.000218638
398, 0.793532, 6.62871e-05, 1.07941, 0.000218638
398, 0.804508, 6.62787e-05, 1.07967, 0.000218638
398, 0.815483, 6.62672e-05, 1.08003, 0.000218638
398, 0.826458, 6.62512e-05, 1.08053, 0.000218638
398, 0.837434, 6.62292e-05, 1.08122, 0.000218638
398, 0.848409, 6.61989e-05, 1.08218, 0.000218638
398, 0.859385, 6.61572e-05, 1.08349, 0.000218638
398, 0.87036, 6.60996e-05, 1.08531, 0.000218638
398, 0.881335, 6.60201e-05, 1.08782, 0.000218638
398, 0.892311, 6.59103e-05, 1.09129, 0.000218638
398, 0.903286, 6.57587e-05, 1.09612, 0.000218638
398, 0.914262, 6.55487e-05, 1.10283, 0.000218638
398, 0.925237, 6.52576e-05, 1.11221, 0.000218638
398, 0.936212, 6.48528e-05, 1.1254, 0.000218638
398, 0.947188, 6.42878e-05, 1.14407, 0.000218638
398, 0.958163, 6.34954e-05, 1.17083, 0.000218638
398, 0.969139, 6.23757e-05, 1.2098, 0.000218638
398, 0.980114, 6.07774e-05, 1.26791, 0.000218638
398, 0.991089, 5.84621e-05, 1.35773, 0.000218638
398, 1.00206, 5.5036e-05, 1.5045, 0.000218638
398, 1.01304, 4.98031e-05, 1.76765, 0.000218638
398, 1.02402, 4.14109e-05, 2.32854, 0.000218638
398, 1.03499, 2.68388e-05, 4.13577, 0.000218638
398, 1.04597, 1.35201e-07, 1010.43, 0.000221419
398, 1.05694, -8.18402e-05, -2.68423, 0.000218638
398, 1.06792, -0.000865902, -1.15918, 0.000218638
398, 1.07889, 0.000394207, -0.650341, 0.000218638
398, 1.08987, 0.000231784, -0.405318, 0.000218638
398, 1.10084, 0.00018801, -0.266858, 0.000218638
398, 1.11182, 0.000168399, -0.181481, 0.000218638
398, 1.12279, 0.000157705, -0.125977, 0.000218638
398, 1.13377, 0.000151244, -0.0886418, 0.000218638
383, 0.0340451, 1.17135e-08, 11210.2, 0.00019731
383, 0.0450642, 1.6355e-08, 8028.53, 0.00019731
383, 0.0560833, 2.28349e-08, 5749.98, 0.00019731
383, 0.0671024, 3.18807e-08, 4118.19, 0.00019731
383, 0.0781215, 4.45072e-08, 2949.6, 0.00019731
383, 0.0891406, 6.21291e-08, 2112.71, 0.00019731
383, 0.10016, 8.67176e-08, 1513.37, 0.00019731
383, 0.111179, 1.21017e-07, 1084.16, 0.00019731
383, 0.122198, 1.68843e-07, 776.782, 0.00019731
383, 0.133217, 2.35492e-07, 556.653, 0.00019731
383, 0.144236, 3.28301e-07, 399.008, 0.00019731
383, 0.155255, 4.57394e-07, 286.111, 0.00019731
383, 0.166274, 6.36686e-07, 205.26, 0.00019731
383, 0.177293, 8.85171e-07, 147.359, 0.00019731
383, 0.188312, 1.22854e-06, 105.893, 0.00019731
383, 0.199332, 1.70113e-06, 76.1974, 0.00019731
383, 0.210351, 2.34795e-06, 54.931, 0.00019731
383, 0.22137, 3.22652e-06, 39.701, 0.00019731
383, 0.232389, 4.40767e-06, 28.7942, 0.00019731
383, 0.243408, 5.97378e-06, 20.9832, 0.00019731
383, 0.254427, 8.01265e-06, 15.3894, 0.00019731
383, 0.265446, 1.06047e-05, 11.3835, 0.00019731
383, 0.276465, 1.38022e-05, 8.51461, 0.00019731
383, 0.287484, 1.76034e-05, 6.46007, 0.00019731
383, 0.298503, 2.19284e-05, 4.98873, 0.00019731
383, 0.309523, 2.66104e-05, 3.93502, 0.00019731
383, 0.320542, 3.14138e-05, 3.18042, 0.00019731
383, 0.331561, 3.60777e-05, 2.64001, 0.00019731
383, 0.34258, 4.03699e-05, 2.25299, 0.00019731
383, 0.353599, 4.41298e-05, 1.97583, 0.00019731
383, 0.364618, 4.72836e-05, 1.77735, 0.00019731
383, 0.375637, 4.98341e-05, 1.6352, 0.00019731
383, 0.386656, 5.18365e-05, 1.53341, 0.00019731
383, 0.397675, 5.33724e-05, 1.4605, 0.00019731
383, 0.408694, 5.45294e-05, 1.40829, 0.00019731
383, 0.419714, 5.53893e-05, 1.37091, 0.00019731
383, 0.430733, 5.6022e-05, 1.34413, 0.00019731
383, 0.441752, 5.64841e-05, 1.32495, 0.00019731
383, 0.452771, 5.68197e-05, 1.31122, 0.00019731
383, 0.46379, 5.70625e-05, 1.30139, 0.00019731
383, 0.474809, 5.72377e-05, 1.29434, 0.00019731
383, 0.485828, 5.73638e-05, 1.2893, 0.00019731
383, 0.496847, 5.74544e-05, 1.28569, 0.00019731
383, 0.507866, 5.75195e-05, 1.2831, 0.00019731
383, 0.518885, 5.75662e-05, 1.28125, 0.00019731
383, 0.529905, 5.75997e-05, 1.27992, 0.00019731
383, 0.540924, 5.76237e-05, 1.27897, 0.00019731
383, 0.551943, 5.76409e-05, 1.27829, 0.00019731
383, 0.562962, 5.76533e-05, 1.2778, 0.00019731
383, 0.573981, 5.76621e-05, 1.27746, 0.00019731
383, 0.585, 5.76684e-05, 1.27721, 0.00019731
383, 0.596019, 5.76729e-05, 1.27703, 0.00019731
383, 0.607038, 5.76762e-05, 1.2769, 0.00019731
383, 0.618057, 5.76785e-05, 1.27681, 0.00019731
383, 0.629076, 5.76801e-05, 1.27674, 0.00019731
383, 0.640095, 5.76813e-05, 1.2767, 0.00019731
383, 0.651115, 5.76821e-05, 1.27667, 0.00019731
383, 0.662134, 5.76826e-05, 1.27665, 0.00019731
383, 0.673153, 5.7683e-05, 1.27663, 0.00019731
383, 0.684172, 5.76831e-05, 1.27663, 0.00019731
383, 0.695191, 5.76832e-05, 1.27662, 0.00019731
383, 0.70621, 5.7683e-05, 1.27663, 0.00019731
383, 0.717229, 5.76828e-05, 1.27664, 0.00019731
383, 0.728248, 5.76823e-05, 1.27666, 0.00019731
383, 0.739267, 5.76816e-05, 1.27669, 0.00019731
383, 0.750286, 5.76806e-05, 1.27672, 0.00019731
383, 0.761306, 5.76792e-05, 1.27678, 0.00019731
383, 0.772325, 5.76772e-05, 1.27686, 0.00019731
383, 0.783344, 5.76743e-05, 1.27697, 0.00019731
383, 0.794363, 5.76704e-05, 1.27713, 0.00019731
383, 0.805382, 5.76648e-05, 1.27735, 0.00019731
383, 0.816401, 5.7657e-05, 1.27766, 0.00019731
383, 0.82742, 5.76462e-05, 1.27809, 0.00019731
383, 0.838439, 5.7631e-05, 1.27868, 0.00019731
383, 0.849458, 5.76098e-05, 1.27952, 0.00019731
383, 0.860477, 5.75802e-05, 1.28069, 0.00019731
383, 0.871497, 5.75389e-05, 1.28233, 0.00019731
383, 0.882516, 5.7481e-05, 1.28463, 0.00019731
383, 0.893535, 5.74001e-05, 1.28785, 0.00019731
383, 0.904554, 5.72868e-05, 1.29238, 0.00019731
383, 0.915573, 5.71279e-05, 1.29875, 0.00019731
383, 0.926592, 5.69051e-05, 1.30775, 0.00019731
383, 0.937611, 5.65916e-05, 1.32054, 0.00019731
383, 0.94863, 5.61494e-05, 1.33881, 0.00019731
383, 0.959649, 5.55231e-05, 1.3652, 0.00019731
383, 0.970668, 5.46309e-05, 1.40382, 0.00019731
383, 0.981688, 5.33493e-05, 1.46157, 0.00019731
383, 0.992707, 5.14864e-05, 1.55063, 0.00019731
383, 1.00373, 4.87311e-05, 1.69485, 0.00019731
383, 1.01474, 4.45494e-05, 1.9478, 0.00019731
383, 1.02576, 3.79478e-05, 2.46062, 0.00019731
383, 1.03678, 2.68493e-05, 3.8911, 0.00019731
383, 1.0478, 6.05929e-06, 20.673, 0.00019731
383, 1.05882, -4.21419e-05, -4.11621, 0.00019731
383, 1.06984, -0.000243587, -1.53912, 0.00019731
383, 1.08086, 0.000734461, -0.821198, 0.00019731
383, 1.09188, 0.000261232, -0.497295, 0.00019731
383, 1.1029, 0.000193314, -0.320677, 0.00019731
383, 1.11392, 0.000167156, -0.214367, 0.00019731
383, 1.12494, 0.00015387, -0.146534, 0.00019731
383, 1.13595, 0.000146179, -0.101629, 0.00019731
373, 0.0326105, 1.11885e-08, 11324.6, 0.000168803
373, 0.0436583, 1.57763e-08, 8031.09, 0.000168803
373, 0.0547061, 2.22445e-08, 5695.52, 0.000168803
373, 0.0657539, 3.13632e-08, 4039.29, 0.000168803
373, 0.0768017, 4.42167e-08, 2864.8, 0.000168803
373, 0.0878495, 6.23317e-08, 2031.94, 0.000168803
373, 0.0988973, 8.78558e-08, 1441.32, 0.000168803
373, 0.109945, 1.23807e-07, 1022.5, 0.000168803
373, 0.120993, 1.74421e-07, 725.5, 0.000168803
373, 0.132041, 2.45629e-07, 514.887, 0.000168803
373, 0.143088, 3.45716e-07, 365.534, 0.000168803
373, 0.154136, 4.86206e-07, 259.623, 0.000168803
373, 0.165184, 6.83041e-07, 184.518, 0.000168803
373, 0.176232, 9.58096e-07, 131.259, 0.000168803
373, 0.18728, 1.34105e-06, 93.4907, 0.000168803
373, 0.198327, 1.87151e-06, 66.7082, 0.000168803
373, 0.209375, 2.60113e-06, 47.7159, 0.000168803
373, 0.220423, 3.59502e-06, 34.2478, 0.000168803
373, 0.231471, 4.93115e-06, 24.6971, 0.000168803
373, 0.242519, 6.69591e-06, 17.9244, 0.000168803
373, 0.253566, 8.97317e-06, 13.1217, 0.000168803
373, 0.264614, 1.1825e-05, 9.71594, 0.000168803
373, 0.275662, 1.52656e-05, 7.30079, 0.000168803
373, 0.28671, 1.92341e-05, 5.58813, 0.000168803
373, 0.297757, 2.35812e-05, 4.37362, 0.000168803
373, 0.308805, 2.8082e-05, 3.51238, 0.000168803
373, 0.319853, 3.24777e-05, 2.90164, 0.000168803
373, 0.330901, 3.6533e-05, 2.46855, 0.000168803
373, 0.341949, 4.0082e-05, 2.16143, 0.000168803
373, 0.352996, 4.30476e-05, 1.94364, 0.000168803
373, 0.364044, 4.54312e-05, 1.7892, 0.000168803
373, 0.375092, 4.72879e-05, 1.67968, 0.000168803
373, 0.38614, 4.86994e-05, 1.60201, 0.000168803
373, 0.397188, 4.97524e-05, 1.54694, 0.000168803
373, 0.408235, 5.05272e-05, 1.50789, 0.000168803
373, 0.419283, 5.10914e-05, 1.48019, 0.000168803
373, 0.430331, 5.14992e-05, 1.46055, 0.000168803
373, 0.441379, 5.17924e-05, 1.44662, 0.000168803
373, 0.452427, 5.20023e-05, 1.43675, 0.000168803
373, 0.463474, 5.21522e-05, 1.42974, 0.000168803
373, 0.474522, 5.2259e-05, 1.42478, 0.000168803
373, 0.48557, 5.2335e-05, 1.42126, 0.000168803
373, 0.496618, 5.2389e-05, 1.41876, 0.000168803
373, 0.507665, 5.24274e-05, 1.41699, 0.000168803
373, 0.518713, 5.24547e-05, 1.41573, 0.000168803
373, 0.529761, 5.2474e-05, 1.41484, 0.000168803
373, 0.540809, 5.24878e-05, 1.41421, 0.000168803
373, 0.551857, 5.24975e-05, 1.41376, 0.000168803
373, 0.562904, 5.25044e-05, 1.41344, 0.000168803
373, 0.573952, 5.25093e-05, 1.41322, 0.000168803
373, 0.585, 5.25128e-05, 1.41306, 0.000168803
373, 0.596048, 5.25152e-05, 1.41295, 0.000168803
373, 0.607096, 5.2517e-05, 1.41287, 0.000168803
373, 0.618143, 5.25182e-05, 1.41281, 0.000168803
373, 0.629191, 5.25191e-05, 1.41277, 0.000168803
373, 0.640239, 5.25197e-05, 1.41274, 0.000168803
373, 0.651287, 5.25201e-05, 1.41272, 0.000168803
373, 0.662335, 5.25203e-05, 1.41271, 0.000168803
373, 0.673382, 5.25205e-05, 1.41271, 0.000168803
373, 0.68443, 5.25206e-05, 1.4127, 0.000168803
373, 0.695478, 5.25205e-05, 1.4127, 0.000168803
373, 0.706526, 5.25204e-05, 1.41271, 0.000168803
373, 0.717573, 5.25202e-05, 1.41272, 0.000168803
373, 0.728621, 5.25199e-05, 1.41273, 0.000168803
373, 0.739669, 5.25194e-05, 1.41276, 0.000168803
373, 0.750717, 5.25187e-05, 1.41279, 0.000168803
373, 0.761765, 5.25177e-05, 1.41284, 0.000168803
373, 0.772812, 5.25162e-05, 1.4129, 0.000168803
373, 0.78386, 5.25142e-05, 1.413, 0.000168803
373, 0.794908, 5.25113e-05, 1.41313, 0.000168803
373, 0.805956, 5.25072e-05, 1.41332, 0.000168803
373, 0.817004, 5.25014e-05, 1.41358, 0.000168803
373, 0.828051, 5.24932e-05, 1.41396, 0.000168803
373, 0.839099, 5.24817e-05, 1.41449, 0.000168803
373, 0.850147, 5.24655e-05, 1.41523, 0.000168803
373, 0.861195, 5.24426e-05, 1.41629, 0.000168803
373, 0.872243, 5.24103e-05, 1.41778, 0.000168803
373, 0.88329, 5.23647e-05, 1.41988, 0.000168803
373, 0.894338, 5.23003e-05, 1.42286, 0.000168803
373, 0.905386, 5.22093e-05, 1.42709, 0.000168803
373, 0.916434, 5.20805e-05, 1.43309, 0.000168803
373, 0.927481, 5.18983e-05, 1.44163, 0.000168803
373, 0.938529, 5.16397e-05, 1.45386, 0.000168803
373, 0.949577, 5.1272e-05, 1.47145, 0.000168803
373, 0.960625, 5.07474e-05, 1.49701, 0.000168803
373, 0.971673, 4.9995e-05, 1.53458, 0.000168803
373, 0.98272, 4.89083e-05, 1.5909, 0.000168803
373, 0.993768, 4.73225e-05, 1.67772, 0.000168803
373, 1.00482, 4.49732e-05, 1.8176, 0.000168803
373, 1.01586, 4.14137e-05, 2.05977, 0.000168803
373, 1.02691, 3.5833e-05, 2.53631, 0.000168803
373, 1.03796, 2.65961e-05, 3.76448, 0.000168803
373, 1.04901, 9.84591e-06, 11.87, 0.000168803
373, 1.06005, -2.62399e-05, -5.82916, 0.000168803
373, 1.0711, -0.000144202, -1.87875, 0.000168803
373, 1.08215, 0.00322142, -0.960664, 0.000168803
373, 1.0932, 0.00029383, -0.568742, 0.000168803
373, 1.10425, 0.000198315, -0.361035, 0.000168803
373, 1.11529, 0.000166362, -0.238307, 0.000168803
373, 1.12634, 0.000151048, -0.161087, 0.000168803
373, 1.13739, 0.000142468, -0.110565, 0.000168803
363, 0.0311946, 1.06883e-08, 11422.1, 0.000135407
363, 0.0422707, 1.5228e-08, 8016.67, 0.000135407
363, 0.0533468, 2.16951e-08, 5626.68, 0.000135407
363, 0.0644229, 3.0907e-08, 3949.35, 0.000135407
363, 0.075499, 4.40266e-08, 2772.17, 0.000135407
363, 0.0865751, 6.2708e-08, 1946.01, 0.000135407
363, 0.0976512, 8.93014e-08, 1366.21, 0.000135407
363, 0.108727, 1.27143e-07, 959.286, 0.000135407
363, 0.119803, 1.80958e-07, 673.705, 0.000135407
363, 0.13088, 2.57429e-07, 473.28, 0.000135407
363, 0.141956, 3.65967e-07, 332.619, 0.000135407
363, 0.153032, 5.19766e-07, 233.901, 0.000135407
363, 0.164108, 7.37194e-07, 164.619, 0.000135407
363, 0.175184, 1.04357e-06, 115.996, 0.000135407
363, 0.18626, 1.47328e-06, 81.8719, 0.000135407
363, 0.197336, 2.07208e-06, 57.923, 0.000135407
363, 0.208412, 2.89902e-06, 41.1154, 0.000135407
363, 0.219488, 4.02689e-06, 29.3195, 0.000135407
363, 0.230565, 5.53937e-06, 21.041, 0.000135407
363, 0.241641, 7.52221e-06, 15.231, 0.000135407
363, 0.252717, 1.00459e-05, 11.1535, 0.000135407
363, 0.263793, 1.31398e-05, 8.29187, 0.000135407
363, 0.274869, 1.6763e-05, 6.28351, 0.000135407
363, 0.285945, 2.07853e-05, 4.87402, 0.000135407
363, 0.297021, 2.49944e-05, 3.88482, 0.000135407
363, 0.308097, 2.91352e-05, 3.19058, 0.000135407
363, 0.319173, 3.29683e-05, 2.70336, 0.000135407
363, 0.330249, 3.6322e-05, 2.36142, 0.000135407
363, 0.341326, 3.91144e-05, 2.12144, 0.000135407
363, 0.352402, 4.13453e-05, 1.95302, 0.000135407
363, 0.363478, 4.30692e-05, 1.83482, 0.000135407
363, 0.374554, 4.43675e-05, 1.75186, 0.000135407
363, 0.38563, 4.53264e-05, 1.69364, 0.000135407
363, 0.396706, 4.60246e-05, 1.65279, 0.000135407
363, 0.407782, 4.65275e-05, 1.62411, 0.000135407
363, 0.418858, 4.68871e-05, 1.60399, 0.000135407
363, 0.429934, 4.71428e-05, 1.58986, 0.000135407
363, 0.441011, 4.73239e-05, 1.57995, 0.000135407
363, 0.452087, 4.74519e-05, 1.57299, 0.000135407
363, 0.463163, 4.75421e-05, 1.56811, 0.000135407
363, 0.474239, 4.76056e-05, 1.56468, 0.000135407
363, 0.485315, 4.76503e-05, 1.56228, 0.000135407
363, 0.496391, 4.76817e-05, 1.56059, 0.000135407
363, 0.507467, 4.77037e-05, 1.55941, 0.000135407
363, 0.518543, 4.77192e-05, 1.55858, 0.000135407
363, 0.529619, 4.77301e-05, 1.55799, 0.000135407
363, 0.540696, 4.77378e-05, 1.55758, 0.000135407
363, 0.551772, 4.77431e-05, 1.5573, 0.000135407
363, 0.562848, 4.77469e-05, 1.5571, 0.000135407
363, 0.573924, 4.77495e-05, 1.55695, 0.000135407
363, 0.585, 4.77514e-05, 1.55685, 0.000135407
363, 0.596076, 4.77527e-05, 1.55678, 0.000135407
363, 0.607152, 4.77536e-05, 1.55674, 0.000135407
363, 0.618228, 4.77542e-05, 1.5567, 0.000135407
363, 0.629304, 4.77547e-05, 1.55668, 0.000135407
363, 0.640381, 4.7755e-05, 1.55666, 0.000135407
363, 0.651457, 4.77552e-05, 1.55665, 0.000135407
363, 0.662533, 4.77553e-05, 1.55665, 0.000135407
363, 0.673609, 4.77554e-05, 1.55664, 0.000135407
363, 0.684685, 4.77554e-05, 1.55664, 0.000135407
363, 0.695761, 4.77553e-05, 1.55664, 0.000135407
363, 0.706837, 4.77553e-05, 1.55665, 0.000135407
363, 0.717913, 4.77551e-05, 1.55665, 0.000135407
363, 0.728989, 4.77549e-05, 1.55667, 0.000135407
363, 0.740066, 4.77545e-05, 1.55669, 0.000135407
363, 0.751142, 4.7754e-05, 1.55671, 0.000135407
363, 0.762218, 4.77533e-05, 1.55675, 0.000135407
363, 0.773294, 4.77523e-05, 1.5568, 0.000135407
363, 0.78437, 4.77509e-05, 1.55688, 0.000135407
363, 0.795446, 4.77488e-05, 1.55699, 0.000135407
363, 0.806522, 4.77458e-05, 1.55715, 0.000135407
363, 0.817598, 4.77416e-05, 1.55738, 0.000135407
363, 0.828674, 4.77356e-05, 1.5577, 0.000135407
363, 0.839751, 4.77271e-05, 1.55816, 0.000135407
363, 0.850827, 4.77149e-05, 1.55881, 0.000135407
363, 0.861903, 4.76976e-05, 1.55974, 0.000135407
363, 0.872979, 4.76728e-05, 1.56107, 0.000135407
363, 0.884055, 4.76375e-05, 1.56297, 0.000135407
363, 0.895131, 4.75871e-05, 1.56568, 0.000135407
363, 0.906207, 4.75153e-05, 1.56956, 0.000135407
363, 0.917283, 4.74126e-05, 1.57512, 0.000135407
363, 0.928359, 4.72658e-05, 1.58312, 0.000135407
363, 0.939435, 4.70557e-05, 1.59465, 0.000135407
363, 0.950512, 4.67543e-05, 1.61138, 0.000135407
363, 0.961588, 4.63206e-05, 1.63583, 0.000135407
363, 0.972664, 4.56939e-05, 1.67198, 0.000135407
363, 0.98374, 4.47828e-05, 1.72634, 0.000135407
363, 0.994816, 4.34465e-05, 1.8102, 0.000135407
363, 1.00589, 4.14605e-05, 1.94481, 0.000135407
363, 1.01697, 3.8451e-05, 2.1753, 0.000135407
363, 1.02804, 3.37529e-05, 2.61727, 0.000135407
363, 1.03912, 2.60675e-05, 3.68373, 0.000135407
363, 1.0502, 1.24799e-05, 8.78321, 0.000135407
363, 1.06127, 2.57636e-08, 4460.89, 0.000173455
363, 1.07235, -9.23743e-05, -2.32172, 0.000135407
363, 1.08342, -0.000955186, -1.12782, 0.000135407
363, 1.0945, 0.000349735, -0.650898, 0.000135407
363, 1.10558, 0.000205602, -0.406166, 0.000135407
363, 1.11665, 0.000165995, -0.264476, 0.000135407
363, 1.12773, 0.000148291, -0.176663, 0.000135407
363, 1.13881, 0.000138731, -0.119926, 0.000135407
353, 0.0297978, 1.02872e-08, 11445.1, 0.000107957
353, 0.0409018, 1.48178e-08, 7945.4, 0.000107957
353, 0.0520059, 2.13429e-08, 5515.99, 0.000107957
353, 0.0631099, 3.07392e-08, 3829.57, 0.000107957
353, 0.074214, 4.42681e-08, 2658.9, 0.000107957
353, 0.085318, 6.37426e-08, 1846.25, 0.000107957
353, 0.0964221, 9.17664e-08, 1282.13, 0.000107957
353, 0.107526, 1.32073e-07, 890.54, 0.000107957
353, 0.11863, 1.90007e-07, 618.706, 0.000107957
353, 0.129734, 2.73194e-07, 430.007, 0.000107957
353, 0.140838, 3.92473e-07, 299.017, 0.000107957
353, 0.151942, 5.63153e-07, 208.088, 0.000107957
353, 0.163046, 8.06677e-07, 144.967, 0.000107957
353, 0.17415, 1.15269e-06, 101.151, 0.000107957
353, 0.185254, 1.64145e-06, 70.7347, 0.000107957
353, 0.196358, 2.3261e-06, 49.6206, 0.000107957
353, 0.207463, 3.27408e-06, 34.9638, 0.000107957
353, 0.218567, 4.56576e-06, 24.7895, 0.000107957
353, 0.229671, 6.28772e-06, 17.7267, 0.000107957
353, 0.240775, 8.5177e-06, 12.824, 0.000107957
353, 0.251879, 1.12996e-05, 9.42063, 0.000107957
353, 0.262983, 1.46124e-05, 7.05812, 0.000107957
353, 0.274087, 1.83463e-05, 5.41813, 0.000107957
353, 0.285191, 2.23022e-05, 4.27969, 0.000107957
353, 0.296295, 2.6228e-05, 3.48942, 0.000107957
353, 0.307399, 2.98791e-05, 2.94084, 0.000107957
353, 0.318503, 3.30752e-05, 2.56003, 0.000107957
353, 0.329607, 3.57282e-05, 2.29568, 0.000107957
353, 0.340711, 3.78348e-05, 2.11217, 0.000107957
353, 0.351815, 3.94495e-05, 1.98479, 0.000107957
353, 0.362919, 4.06539e-05, 1.89637, 0.000107957
353, 0.374023, 4.15341e-05, 1.83498, 0.000107957
353, 0.385127, 4.21679e-05, 1.79237, 0.000107957
353, 0.396231, 4.26194e-05, 1.76279, 0.000107957
353, 0.407335, 4.29385e-05, 1.74226, 0.000107957
353, 0.418439, 4.31628e-05, 1.72801, 0.000107957
353, 0.429543, 4.332e-05, 1.71811, 0.000107957
353, 0.440647, 4.34297e-05, 1.71125, 0.000107957
353, 0.451751, 4.35062e-05, 1.70648, 0.000107957
353, 0.462856, 4.35595e-05, 1.70317, 0.000107957
353, 0.47396, 4.35965e-05, 1.70087, 0.000107957
353, 0.485064, 4.36223e-05, 1.69928, 0.000107957
353, 0.496168, 4.36402e-05, 1.69817, 0.000107957
353, 0.507272, 4.36526e-05, 1.6974, 0.000107957
353, 0.518376, 4.36612e-05, 1.69687, 0.000107957
353, 0.52948, 4.36672e-05, 1.6965, 0.000107957
353, 0.540584, 4.36714e-05, 1.69624, 0.000107957
353, 0.551688, 4.36743e-05, 1.69606, 0.000107957
353, 0.562792, 4.36763e-05, 1.69594, 0.000107957
353, 0.573896, 4.36777e-05, 1.69585, 0.000107957
353, 0.585, 4.36787e-05, 1.69579, 0.000107957
353, 0.596104, 4.36793e-05, 1.69575, 0.000107957
353, 0.607208, 4.36798e-05, 1.69572, 0.000107957
353, 0.618312, 4.36801e-05, 1.6957, 0.000107957
353, 0.629416, 4.36803e-05, 1.69569, 0.000107957
353, 0.64052, 4.36805e-05, 1.69568, 0.000107957
353, 0.651624, 4.36806e-05, 1.69567, 0.000107957
353, 0.662728, 4.36806e-05, 1.69567, 0.000107957
353, 0.673832, 4.36807e-05, 1.69567, 0.000107957
353, 0.684936, 4.36807e-05, 1.69567, 0.000107957
353, 0.69604, 4.36806e-05, 1.69567, 0.000107957
353, 0.707144, 4.36806e-05, 1.69567, 0.000107957
353, 0.718249, 4.36805e-05, 1.69568, 0.000107957
353, 0.729353, 4.36803e-05, 1.69569, 0.000107957
353, 0.740457, 4.36801e-05, 1.6957, 0.000107957
353, 0.751561, 4.36798e-05, 1.69572, 0.000107957
353, 0.762665, 4.36793e-05, 1.69575, 0.000107957
353, 0.773769, 4.36786e-05, 1.6958, 0.000107957
353, 0.784873, 4.36776e-05, 1.69586, 0.000107957
353, 0.795977, 4.36761e-05, 1.69595, 0.000107957
353, 0.807081, 4.36741e-05, 1.69608, 0.000107957
353, 0.818185, 4.36711e-05, 1.69626, 0.000107957
353, 0.829289, 4.36668e-05, 1.69653, 0.000107957
353, 0.840393, 4.36605e-05, 1.69691, 0.000107957
353, 0.851497, 4.36516e-05, 1.69746, 0.000107957
353, 0.862601, 4.36387e-05, 1.69826, 0.000107957
353, 0.873705, 4.36201e-05, 1.69941, 0.000107957
353, 0.884809, 4.35933e-05, 1.70107, 0.000107957
353, 0.895913, 4.35546e-05, 1.70347, 0.000107957
353, 0.907017, 4.34989e-05, 1.70693, 0.000107957
353, 0.918121, 4.34184e-05, 1.71195, 0.000107957
353, 0.929225, 4.33022e-05, 1.71923, 0.000107957
353, 0.940329, 4.31341e-05, 1.72982, 0.000107957
353, 0.951433, 4.28907e-05, 1.74532, 0.000107957
353, 0.962537, 4.25372e-05, 1.76813, 0.000107957
353, 0.973642, 4.2022e-05, 1.80207, 0.000107957
353, 0.984746, 4.12674e-05, 1.85331, 0.000107957
353, 0.99585, 4.01535e-05, 1.93246, 0.000107957
353, 1.00695, 3.84906e-05, 2.05915, 0.000107957
353, 1.01806, 3.59657e-05, 2.27391, 0.000107957
353, 1.02916, 3.20321e-05, 2.67595, 0.000107957
353, 1.04027, 2.56508e-05, 3.59044, 0.000107957
353, 1.05137, 1.45872e-05, 7.07203, 0.000107957
353, 1.06247, 2.90419e-08, 3926.87, 0.000123842
353, 1.07358, -6.08386e-05, -2.93543, 0.000107957
353, 1.08468, -0.000354325, -1.33232, 0.000107957
353, 1.09579, 0.000462984, -0.745675, 0.000107957
353, 1.10689, 0.000216555, -0.456264, 0.000107957
353, 1.11799, 0.000166463, -0.292643, 0.000107957
353, 1.1291, 0.000145902, -0.19296, 0.000107957
353, 1.1402, 0.000135257, -0.129443, 0.000107957
338, 0.0277399, 9.51277e-09, 11703.8, 7.43884e-05
338, 0.0388851, 1.39456e-08, 7983.23, 7.43884e-05
338, 0.0500303, 2.0443e-08, 5445.61, 7.43884e-05
338, 0.0611755, 2.99651e-08, 3714.82, 7.43884e-05
338, 0.0723207, 4.39173e-08, 2534.34, 7.43884e-05
338, 0.083466, 6.43546e-08, 1729.18, 7.43884e-05
338, 0.0946112, 9.42785e-08, 1180.02, 7.43884e-05
338, 0.105756, 1.38065e-07, 805.467, 7.43884e-05
338, 0.116902, 2.02078e-07, 550.001, 7.43884e-05
338, 0.128047, 2.95533e-07, 375.76, 7.43884e-05
338, 0.139192, 4.31706e-07, 256.918, 7.43884e-05
338, 0.150337, 6.29559e-07, 175.862, 7.43884e-05
338, 0.161482, 9.15837e-07, 120.577, 7.43884e-05
338, 0.172628, 1.32759e-06, 82.8703, 7.43884e-05
338, 0.183773, 1.91472e-06, 57.1521, 7.43884e-05
338, 0.194918, 2.74175e-06, 39.6109, 7.43884e-05
338, 0.206063, 3.8868e-06, 27.6469, 7.43884e-05
338, 0.217208, 5.43495e-06, 19.4869, 7.43884e-05
338, 0.228354, 7.46217e-06, 13.9213, 7.43884e-05
338, 0.239499, 1.00083e-05, 10.1252, 7.43884e-05
338, 0.250644, 1.3044e-05, 7.53613, 7.43884e-05
338, 0.261789, 1.64463e-05, 5.77023, 7.43884e-05
338, 0.272934, 2.00052e-05, 4.5658, 7.43884e-05
338, 0.28408, 2.34692e-05, 3.74431, 7.43884e-05
338, 0.295225, 2.6612e-05, 3.18401, 7.43884e-05
338, 0.30637, 2.9287e-05, 2.80186, 7.43884e-05
338, 0.317515, 3.14427e-05, 2.54121, 7.43884e-05
338, 0.32866, 3.31046e-05, 2.36343, 7.43884e-05
338, 0.339806, 3.43426e-05, 2.24218, 7.43884e-05
338, 0.350951, 3.52416e-05, 2.15948, 7.43884e-05
338, 0.362096, 3.58822e-05, 2.10307, 7.43884e-05
338, 0.373241, 3.63326e-05, 2.0646, 7.43884e-05
338, 0.384386, 3.66464e-05, 2.03836, 7.43884e-05
338, 0.395532, 3.68635e-05, 2.02046, 7.43884e-05
338, 0.406677, 3.70131e-05, 2.00826, 7.43884e-05
338, 0.417822, 3.71158e-05, 1.99993, 7.43884e-05
338, 0.428967, 3.71862e-05, 1.99425, 7.43884e-05
338, 0.440112, 3.72344e-05, 1.99038, 7.43884e-05
338, 0.451258, 3.72673e-05, 1.98774, 7.43884e-05
338, 0.462403, 3.72898e-05, 1.98594, 7.43884e-05
338, 0.473548, 3.73051e-05, 1.98471, 7.43884e-05
338, 0.484693, 3.73156e-05, 1.98387, 7.43884e-05
338, 0.495838, 3.73228e-05, 1.9833, 7.43884e-05
338, 0.506984, 3.73277e-05, 1.98291, 7.43884e-05
338, 0.518129, 3.7331e-05, 1.98264, 7.43884e-05
338, 0.529274, 3.73333e-05, 1.98246, 7.43884e-05
338, 0.540419, 3.73348e-05, 1.98234, 7.43884e-05
338, 0.551564, 3.73359e-05, 1.98225, 7.43884e-05
338, 0.56271, 3.73366e-05, 1.9822, 7.43884e-05
338, 0.573855, 3.73371e-05, 1.98216, 7.43884e-05
338, 0.585, 3.73374e-05, 1.98213, 7.43884e-05
338, 0.596145, 3.73376e-05, 1.98211, 7.43884e-05
338, 0.60729, 3.73378e-05, 1.9821, 7.43884e-05
338, 0.618436, 3.73379e-05, 1.98209, 7.43884e-05
338, 0.629581, 3.7338e-05, 1.98209, 7.43884e-05
338, 0.640726, 3.7338e-05, 1.98208, 7.43884e-05
338, 0.651871, 3.7338e-05, 1.98208, 7.43884e-05
338, 0.663016, 3.7338e-05, 1.98208, 7.43884e-05
338, 0.674162, 3.73381e-05, 1.98208, 7.43884e-05
338, 0.685307, 3.7338e-05, 1.98208, 7.43884e-05
338, 0.696452, 3.7338e-05, 1.98208, 7.43884e-05
338, 0.707597, 3.7338e-05, 1.98208, 7.43884e-05
338, 0.718742, 3.73379e-05, 1.98209, 7.43884e-05
338, 0.729888, 3.73379e-05, 1.98209, 7.43884e-05
338, 0.741033, 3.73377e-05, 1.9821, 7.43884e-05
338, 0.752178, 3.73376e-05, 1.98212, 7.43884e-05
338, 0.763323, 3.73373e-05, 1.98214, 7.43884e-05
338, 0.774468, 3.73369e-05, 1.98217, 7.43884e-05
338, 0.785614, 3.73364e-05, 1.98221, 7.43884e-05
338, 0.796759, 3.73356e-05, 1.98228, 7.43884e-05
338, 0.807904, 3.73344e-05, 1.98237, 7.43884e-05
338, 0.819049, 3.73326e-05, 1.98251, 7.43884e-05
338, 0.830194, 3.73301e-05, 1.98271, 7.43884e-05
338, 0.84134, 3.73263e-05, 1.98301, 7.43884e-05
338, 0.852485, 3.73208e-05, 1.98345, 7.43884e-05
338, 0.86363, 3.73128e-05, 1.9841, 7.43884e-05
338, 0.874775, 3.7301e-05, 1.98504, 7.43884e-05
338, 0.88592, 3.72836e-05, 1.98643, 7.43884e-05
338, 0.897066, 3.72582e-05, 1.98847, 7.43884e-05
338, 0.908211, 3.72209e-05, 1.99147, 7.43884e-05
338, 0.919356, 3.71661e-05, 1.99588, 7.43884e-05
338, 0.930501, 3.70856e-05, 2.00238, 7.43884e-05
338, 0.941646, 3.69673e-05, 2.01199, 7.43884e-05
338, 0.952792, 3.67931e-05, 2.02625, 7.43884e-05
338, 0.963937, 3.65363e-05, 2.04752, 7.43884e-05
338, 0.975082, 3.61565e-05, 2.07953, 7.43884e-05
338, 0.986227, 3.55927e-05, 2.12831, 7.43884e-05
338, 0.997372, 3.47506e-05, 2.20411, 7.43884e-05
338, 1.00852, 3.34816e-05, 2.32556, 7.43884e-05
338, 1.01966, 3.1543e-05, 2.52994, 7.43884e-05
338, 1.03081, 2.85197e-05, 2.90415, 7.43884e-05
338, 1.04195, 2.36484e-05, 3.70835, 7.43884e-05
338, 1.0531, 1.53727e-05, 6.24304, 7.43884e-05
338, 1.06424, 1.35654e-07, 819, 7.46692e-05
338, 1.07539, -3.43356e-05, -4.24284, 7.43884e-05
338, 1.08653, -0.000154237, -1.72191, 7.43884e-05
338, 1.09768, 0.00139613, -0.920247, 7.43884e-05
338, 1.10882, 0.000245752, -0.546921, 7.43884e-05
338, 1.11997, 0.00016946, -0.342942, 7.43884e-05
338, 1.13111, 0.000143063, -0.221708, 7.43884e-05
338, 1.14226, 0.000130384, -0.146023, 7.43884e-05
328, 0.0263938, 9.11498e-09, 11721.8, 5.23978e-05
328, 0.0375659, 1.3532e-08, 7895.36, 5.23978e-05
328, 0.048738, 2.00881e-08, 5318.23, 5.23978e-05
328, 0.0599102, 2.98179e-08, 3582.53, 5.23978e-05
328, 0.0710823, 4.42541e-08, 2413.54, 5.23978e-05
328, 0.0822544, 6.56661e-08, 1626.22, 5.23978e-05
328, 0.0934265, 9.74082e-08, 1095.97, 5.23978e-05
328, 0.104599, 1.44428e-07, 738.837, 5.23978e-05
328, 0.115771, 2.14002e-07, 498.311, 5.23978e-05
328, 0.126943, 3.16775e-07, 336.316, 5.23978e-05
328, 0.138115, 4.68218e-07, 227.213, 5.23978e-05
328, 0.149287, 6.90571e-07, 153.732, 5.23978e-05
328, 0.160459, 1.01531e-06, 104.242, 5.23978e-05
328, 0.171631, 1.48591e-06, 70.9112, 5.23978e-05
328, 0.182804, 2.16028e-06, 48.4626, 5.23978e-05
328, 0.193976, 3.11131e-06, 33.3435, 5.23978e-05
328, 0.205148, 4.42259e-06, 23.1608, 5.23978e-05
328, 0.21632, 6.17551e-06, 16.3028, 5.23978e-05
328, 0.227492, 8.42436e-06, 11.6839, 5.23978e-05
328, 0.238664, 1.11619e-05, 8.57303, 5.23978e-05
328, 0.249836, 1.42893e-05, 6.47788, 5.23978e-05
328, 0.261008, 1.76128e-05, 5.0668, 5.23978e-05
328, 0.272181, 2.08843e-05, 4.11644, 5.23978e-05
328, 0.283353, 2.38706e-05, 3.47637, 5.23978e-05
328, 0.294525, 2.64143e-05, 3.04528, 5.23978e-05
328, 0.305697, 2.84567e-05, 2.75494, 5.23978e-05
328, 0.316869, 3.002e-05, 2.5594, 5.23978e-05
328, 0.328041, 3.11735e-05, 2.4277, 5.23978e-05
328, 0.339213, 3.20016e-05, 2.33901, 5.23978e-05
328, 0.350385, 3.25845e-05, 2.27927, 5.23978e-05
328, 0.361558, 3.29893e-05, 2.23903, 5.23978e-05
328, 0.37273, 3.32676e-05, 2.21194, 5.23978e-05
328, 0.383902, 3.34577e-05, 2.19369, 5.23978e-05
328, 0.395074, 3.3587e-05, 2.18139, 5.23978e-05
328, 0.406246, 3.36746e-05, 2.17312, 5.23978e-05
328, 0.417418, 3.37339e-05, 2.16754, 5.23978e-05
328, 0.42859, 3.37739e-05, 2.16379, 5.23978e-05
328, 0.439762, 3.38009e-05, 2.16126, 5.23978e-05
328, 0.450935, 3.38191e-05, 2.15955, 5.23978e-05
328, 0.462107, 3.38314e-05, 2.15841, 5.23978e-05
328, 0.473279, 3.38397e-05, 2.15763, 5.23978e-05
328, 0.484451, 3.38453e-05, 2.15711, 5.23978e-05
328, 0.495623, 3.3849e-05, 2.15676, 5.23978e-05
328, 0.506795, 3.38516e-05, 2.15653, 5.23978e-05
328, 0.517967, 3.38533e-05, 2.15637, 5.23978e-05
328, 0.529139, 3.38544e-05, 2.15626, 5.23978e-05
328, 0.540312, 3.38552e-05, 2.15619, 5.23978e-05
328, 0.551484, 3.38557e-05, 2.15614, 5.23978e-05
328, 0.562656, 3.38561e-05, 2.15611, 5.23978e-05
328, 0.573828, 3.38563e-05, 2.15608, 5.23978e-05
328, 0.585, 3.38565e-05, 2.15607, 5.23978e-05
328, 0.596172, 3.38566e-05, 2.15606, 5.23978e-05
328, 0.607344, 3.38566e-05, 2.15605, 5.23978e-05
328, 0.618516, 3.38567e-05, 2.15605, 5.23978e-05
328, 0.629688, 3.38567e-05, 2.15605, 5.23978e-05
328, 0.640861, 3.38567e-05, 2.15604, 5.23978e-05
328, 0.652033, 3.38568e-05, 2.15604, 5.23978e-05
328, 0.663205, 3.38568e-05, 2.15604, 5.23978e-05
328, 0.674377, 3.38568e-05, 2.15604, 5.23978e-05
328, 0.685549, 3.38568e-05, 2.15604, 5.23978e-05
328, 0.696721, 3.38567e-05, 2.15604, 5.23978e-05
328, 0.707893, 3.38567e-05, 2.15605, 5.23978e-05
328, 0.719065, 3.38567e-05, 2.15605, 5.23978e-05
328, 0.730238, 3.38566e-05, 2.15605, 5.23978e-05
328, 0.74141, 3.38566e-05, 2.15606, 5.23978e-05
328, 0.752582, 3.38565e-05, 2.15607, 5.23978e-05
328, 0.763754, 3.38563e-05, 2.15609, 5.23978e-05
328, 0.774926, 3.38561e-05, 2.15611, 5.23978e-05
328, 0.786098, 3.38557e-05, 2.15614, 5.23978e-05
328, 0.79727, 3.38552e-05, 2.15619, 5.23978e-05
328, 0.808442, 3.38544e-05, 2.15626, 5.23978e-05
328, 0.819615, 3.38532e-05, 2.15637, 5.23978e-05
328, 0.830787, 3.38515e-05, 2.15653, 5.23978e-05
328, 0.841959, 3.38489e-05, 2.15677, 5.23978e-05
328, 0.853131, 3.38451e-05, 2.15713, 5.23978e-05
328, 0.864303, 3.38394e-05, 2.15766, 5.23978e-05
328, 0.875475, 3.3831e-05, 2.15845, 5.23978e-05
328, 0.886647, 3.38184e-05, 2.15962, 5.23978e-05
328, 0.897819, 3.37998e-05, 2.16136, 5.23978e-05
328, 0.908992, 3.37722e-05, 2.16395, 5.23978e-05
328, 0.920164, 3.37311e-05, 2.1678, 5.23978e-05
328, 0.931336, 3.367e-05, 2.17355, 5.23978e-05
328, 0.942508, 3.35791e-05, 2.18214, 5.23978e-05
328, 0.95368, 3.34438e-05, 2.19502, 5.23978e-05
328, 0.964852, 3.32418e-05, 2.21442, 5.23978e-05
328, 0.976024, 3.294e-05, 2.24388, 5.23978e-05
328, 0.987196, 3.24872e-05, 2.28909, 5.23978e-05
328, 0.998369, 3.18046e-05, 2.35969, 5.23978e-05
328, 1.00954, 3.07676e-05, 2.47292, 5.23978e-05
328, 1.02071, 2.91739e-05, 2.66263, 5.23978e-05
328, 1.03188, 2.66806e-05, 3.00491, 5.23978e-05
328, 1.04306, 2.26685e-05, 3.71374, 5.23978e-05
328, 1.05423, 1.59112e-05, 5.71559, 5.23978e-05
328, 1.0654, 3.60637e-06, 28.629, 5.23978e-05
328, 1.07657, -2.23503e-05, -5.78085, 5.23978e-05
328, 1.08775, -9.9305e-05, -2.07601, 5.23978e-05
328, 1.09892, -0.0016757, -1.06377, 5.23978e-05
328, 1.11009, 0.000279024, -0.617046, 5.23978e-05
328, 1.12126, 0.000172363, -0.380066, 5.23978e-05
328, 1.13243, 0.000140976, -0.242044, 5.23978e-05
328, 1.14361, 0.000126792, -0.157253, 5.23978e-05
318, 0.025069, 8.53819e-09, 11911.4, 2.82177e-05
318, 0.0362676, 1.28465e-08, 7916.36, 2.82177e-05
318, 0.0474662, 1.93273e-08, 5261.53, 2.82177e-05
318, 0.0586649, 2.90743e-08, 3497.29, 2.82177e-05
318, 0.0698635, 4.37298e-08, 2324.88, 2.82177e-05
318, 0.0810621, 6.57563e-08, 1545.77, 2.82177e-05
318, 0.0922607, 9.8841e-08, 1028.03, 2.82177e-05
318, 0.103459, 1.48489e-07, 683.967, 2.82177e-05
318, 0.114658, 2.2289e-07, 455.326, 2.82177e-05
318, 0.125857, 3.3415e-07, 303.385, 2.82177e-05
318, 0.137055, 5.00016e-07, 202.414, 2.82177e-05
318, 0.148254, 7.46139e-07, 135.315, 2.82177e-05
318, 0.159452, 1.10885e-06, 90.7257, 2.82177e-05
318, 0.170651, 1.638e-06, 61.0942, 2.82177e-05
318, 0.18185, 2.39866e-06, 41.403, 2.82177e-05
318, 0.193048, 3.46928e-06, 28.3174, 2.82177e-05
318, 0.204247, 4.93223e-06, 19.6215, 2.82177e-05
318, 0.215446, 6.85249e-06, 13.8428, 2.82177e-05
318, 0.226644, 9.24416e-06, 10.0026, 2.82177e-05
318, 0.237843, 1.20357e-05, 7.4507, 2.82177e-05
318, 0.249041, 1.50574e-05, 5.75484, 2.82177e-05
318, 0.26024, 1.80726e-05, 4.62788, 2.82177e-05
318, 0.271439, 2.08467e-05, 3.87897, 2.82177e-05
318, 0.282637, 2.32147e-05, 3.38129, 2.82177e-05
318, 0.293836, 2.51101e-05, 3.05056, 2.82177e-05
318, 0.305034, 2.65508e-05, 2.83078, 2.82177e-05
318, 0.316233, 2.76032e-05, 2.68473, 2.82177e-05
318, 0.327432, 2.83499e-05, 2.58767, 2.82177e-05
318, 0.33863, 2.88689e-05, 2.52318, 2.82177e-05
318, 0.349829, 2.92244e-05, 2.48031, 2.82177e-05
318, 0.361028, 2.94656e-05, 2.45183, 2.82177e-05
318, 0.372226, 2.9628e-05, 2.4329, 2.82177e-05
318, 0.383425, 2.9737e-05, 2.42032, 2.82177e-05
318, 0.394623, 2.98099e-05, 2.41197, 2.82177e-05
318, 0.405822, 2.98585e-05, 2.40641, 2.82177e-05
318, 0.417021, 2.98909e-05, 2.40272, 2.82177e-05
318, 0.428219, 2.99124e-05, 2.40027, 2.82177e-05
318, 0.439418, 2.99268e-05, 2.39864, 2.82177e-05
318, 0.450617, 2.99363e-05, 2.39755, 2.82177e-05
318, 0.461815, 2.99427e-05, 2.39683, 2.82177e-05
318, 0.473014, 2.99469e-05, 2.39636, 2.82177e-05
318, 0.484212, 2.99497e-05, 2.39604, 2.82177e-05
318, 0.495411, 2.99515e-05, 2.39583, 2.82177e-05
318, 0.50661, 2.99528e-05, 2.39569, 2.82177e-05
318, 0.517808, 2.99536e-05, 2.39559, 2.82177e-05
318, 0.529007, 2.99541e-05, 2.39553, 2.82177e-05
318, 0.540206, 2.99545e-05, 2.39549, 2.82177e-05
318, 0.551404, 2.99547e-05, 2.39546, 2.82177e-05
318, 0.562603, 2.99549e-05, 2.39544, 2.82177e-05
318, 0.573801, 2.9955e-05, 2.39543, 2.82177e-05
318, 0.585, 2.99551e-05, 2.39542, 2.82177e-05
318, 0.596199, 2.99551e-05, 2.39542, 2.82177e-05
318, 0.607397, 2.99552e-05, 2.39541, 2.82177e-05
318, 0.618596, 2.99552e-05, 2.39541, 2.82177e-05
318, 0.629794, 2.99552e-05, 2.39541, 2.82177e-05
318, 0.640993, 2.99552e-05, 2.39541, 2.82177e-05
318, 0.652192, 2.99552e-05, 2.39541, 2.82177e-05
318, 0.66339, 2.99552e-05, 2.39541, 2.82177e-05
318, 0.674589, 2.99552e-05, 2.39541, 2.82177e-05
318, 0.685788, 2.99552e-05, 2.39541, 2.82177e-05
318, 0.696986, 2.99552e-05, 2.39541, 2.82177e-05
318, 0.708185, 2.99552e-05, 2.39541, 2.82177e-05
318, 0.719383, 2.99552e-05, 2.39541, 2.82177e-05
318, 0.730582, 2.99551e-05, 2.39542, 2.82177e-05
318, 0.741781, 2.99551e-05, 2.39542, 2.82177e-05
318, 0.752979, 2.9955e-05, 2.39543, 2.82177e-05
318, 0.764178, 2.99549e-05, 2.39544, 2.82177e-05
318, 0.775377, 2.99548e-05, 2.39546, 2.82177e-05
318, 0.786575, 2.99546e-05, 2.39548, 2.82177e-05
318, 0.797774, 2.99542e-05, 2.39552, 2.82177e-05
318, 0.808972, 2.99537e-05, 2.39558, 2.82177e-05
318, 0.820171, 2.9953e-05, 2.39567, 2.82177e-05
318, 0.83137, 2.99518e-05, 2.3958, 2.82177e-05
318, 0.842568, 2.99501e-05, 2.39599, 2.82177e-05
318, 0.853767, 2.99475e-05, 2.39629, 2.82177e-05
318, 0.864966, 2.99436e-05, 2.39673, 2.82177e-05
318, 0.876164, 2.99377e-05, 2.3974, 2.82177e-05
318, 0.887363, 2.99288e-05, 2.3984, 2.82177e-05
318, 0.898561, 2.99155e-05, 2.39991, 2.82177e-05
318, 0.90976, 2.98955e-05, 2.4022, 2.82177e-05
318, 0.920959, 2.98652e-05, 2.40564, 2.82177e-05
318, 0.932157, 2.98197e-05, 2.41083, 2.82177e-05
318, 0.943356, 2.97512e-05, 2.4187, 2.82177e-05
318, 0.954554, 2.96477e-05, 2.43063, 2.82177e-05
318, 0.965753, 2.94914e-05, 2.4488, 2.82177e-05
318, 0.976952, 2.9255e-05, 2.47667, 2.82177e-05
318, 0.98815, 2.88964e-05, 2.51983, 2.82177e-05
318, 0.999349, 2.83499e-05, 2.58768, 2.82177e-05
318, 1.01055, 2.75119e-05, 2.69695, 2.82177e-05
318, 1.02175, 2.62142e-05, 2.87997, 2.82177e-05
318, 1.03294, 2.41735e-05, 3.2075, 2.82177e-05
318, 1.04414, 2.0886e-05, 3.86978, 2.82177e-05
318, 1.05534, 1.53777e-05, 5.61412, 2.82177e-05
318, 1.06654, 5.51219e-06, 17.4519, 2.82177e-05
318, 1.07774, -1.44654e-05, -8.03129, 2.82177e-05
318, 1.08894, -6.72736e-05, -2.51189, 2.82177e-05
318, 1.10014, -0.000433078, -1.23485, 2.82177e-05
318, 1.11134, 0.000338604, -0.699619, 2.82177e-05
318, 1.12253, 0.000176408, -0.423436, 2.82177e-05
318, 1.13373, 0.000138501, -0.265637, 2.82177e-05
318, 1.14493, 0.000122571, -0.170194, 2.82177e-05
308, 0.0237662, 7.85679e-09, 12324, 2.27264e-05
308, 0.0349909, 1.19907e-08, 8074.84, 2.27264e-05
308, 0.0462156, 1.82982e-08, 5291.05, 2.27264e-05
308, 0.0574403, 2.79201e-08, 3467.29, 2.27264e-05
308, 0.0686649, 4.25932e-08, 2272.49, 2.27264e-05
308, 0.0798896, 6.49584e-08, 1489.73, 2.27264e-05
308, 0.0911143, 9.90223e-08, 976.912, 2.27264e-05
308, 0.102339, 1.50845e-07, 640.95, 2.27264e-05
308, 0.113564, 2.29549e-07, 420.849, 2.27264e-05
308, 0.124788, 3.48762e-07, 276.654, 2.27264e-05
308, 0.136013, 5.28617e-07, 182.186, 2.27264e-05
308, 0.147238, 7.98332e-07, 120.297, 2.27264e-05
308, 0.158462, 1.19918e-06, 79.751, 2.27264e-05
308, 0.169687, 1.78702e-06, 53.1881, 2.27264e-05
308, 0.180912, 2.6324e-06, 35.7858, 2.27264e-05
308, 0.192136, 3.81467e-06, 24.3849, 2.27264e-05
308, 0.203361, 5.405e-06, 16.9158, 2.27264e-05
308, 0.214586, 7.43595e-06, 12.0226, 2.27264e-05
308, 0.22581, 9.86421e-06, 8.81681, 2.27264e-05
308, 0.237035, 1.25489e-05, 6.71661, 2.27264e-05
308, 0.24826, 1.5272e-05, 5.3407, 2.27264e-05
308, 0.259484, 1.78029e-05, 4.43928, 2.27264e-05
308, 0.270709, 1.99712e-05, 3.84874, 2.27264e-05
308, 0.281934, 2.17029e-05, 3.46185, 2.27264e-05
308, 0.293158, 2.301e-05, 3.20839, 2.27264e-05
308, 0.304383, 2.39553e-05, 3.04233, 2.27264e-05
308, 0.315608, 2.46178e-05, 2.93355, 2.27264e-05
308, 0.326832, 2.5072e-05, 2.86228, 2.27264e-05
308, 0.338057, 2.53788e-05, 2.81559, 2.27264e-05
308, 0.349282, 2.55839e-05, 2.785, 2.27264e-05
308, 0.360506, 2.57201e-05, 2.76496, 2.27264e-05
308, 0.371731, 2.58101e-05, 2.75183, 2.27264e-05
308, 0.382956, 2.58694e-05, 2.74323, 2.27264e-05
308, 0.394181, 2.59084e-05, 2.73759, 2.27264e-05
308, 0.405405, 2.59341e-05, 2.7339, 2.27264e-05
308, 0.41663, 2.59509e-05, 2.73148, 2.27264e-05
308, 0.427855, 2.59619e-05, 2.7299, 2.27264e-05
308, 0.439079, 2.59691e-05, 2.72886, 2.27264e-05
308, 0.450304, 2.59739e-05, 2.72818, 2.27264e-05
308, 0.461529, 2.5977e-05, 2.72773, 2.27264e-05
308, 0.472753, 2.5979e-05, 2.72744, 2.27264e-05
308, 0.483978, 2.59803e-05, 2.72725, 2.27264e-05
308, 0.495203, 2.59812e-05, 2.72712, 2.27264e-05
308, 0.506427, 2.59818e-05, 2.72704, 2.27264e-05
308, 0.517652, 2.59821e-05, 2.72699, 2.27264e-05
308, 0.528877, 2.59824e-05, 2.72695, 2.27264e-05
308, 0.540101, 2.59825e-05, 2.72693, 2.27264e-05
308, 0.551326, 2.59827e-05, 2.72691, 2.27264e-05
308, 0.562551, 2.59827e-05, 2.7269, 2.27264e-05
308, 0.573775, 2.59828e-05, 2.7269, 2.27264e-05
308, 0.585, 2.59828e-05, 2.72689, 2.27264e-05
308, 0.596225, 2.59828e-05, 2.72689, 2.27264e-05
308, 0.607449, 2.59828e-05, 2.72689, 2.27264e-05
308, 0.618674, 2.59828e-05, 2.72689, 2.27264e-05
308, 0.629899, 2.59828e-05, 2.72689, 2.27264e-05
308, 0.641123, 2.59828e-05, 2.72689, 2.27264e-05
308, 0.652348, 2.59828e-05, 2.72689, 2.27264e-05
308, 0.663573, 2.59828e-05, 2.72689, 2.27264e-05
308, 0.674797, 2.59828e-05, 2.72689, 2.27264e-05
308, 0.686022, 2.59828e-05, 2.72689, 2.27264e-05
308, 0.697247, 2.59828e-05, 2.72689, 2.27264e-05
308, 0.708471, 2.59828e-05, 2.72689, 2.27264e-05
308, 0.719696, 2.59828e-05, 2.72689, 2.27264e-05
308, 0.730921, 2.59828e-05, 2.72689, 2.27264e-05
308, 0.742145, 2.59828e-05, 2.7269, 2.27264e-05
308, 0.75337, 2.59827e-05, 2.7269, 2.27264e-05
308, 0.764595, 2.59827e-05, 2.72691, 2.27264e-05
308, 0.775819, 2.59826e-05, 2.72692, 2.27264e-05
308, 0.787044, 2.59825e-05, 2.72694, 2.27264e-05
308, 0.798269, 2.59822e-05, 2.72697, 2.27264e-05
308, 0.809494, 2.59819e-05, 2.72702, 2.27264e-05
308, 0.820718, 2.59814e-05, 2.72709, 2.27264e-05
308, 0.831943, 2.59807e-05, 2.72719, 2.27264e-05
308, 0.843168, 2.59796e-05, 2.72736, 2.27264e-05
308, 0.854392, 2.59778e-05, 2.72761, 2.27264e-05
308, 0.865617, 2.59752e-05, 2.72798, 2.27264e-05
308, 0.876842, 2.59712e-05, 2.72856, 2.27264e-05
308, 0.888066, 2.5965e-05, 2.72945, 2.27264e-05
308, 0.899291, 2.59556e-05, 2.7308, 2.27264e-05
308, 0.910516, 2.59412e-05, 2.73286, 2.27264e-05
308, 0.92174, 2.59193e-05, 2.73602, 2.27264e-05
308, 0.932965, 2.58858e-05, 2.74085, 2.27264e-05
308, 0.94419, 2.58347e-05, 2.74826, 2.27264e-05
308, 0.955414, 2.57564e-05, 2.75965, 2.27264e-05
308, 0.966639, 2.56366e-05, 2.77722, 2.27264e-05
308, 0.977864, 2.5453e-05, 2.80447, 2.27264e-05
308, 0.989088, 2.51709e-05, 2.84711, 2.27264e-05
308, 1.00031, 2.4736e-05, 2.91475, 2.27264e-05
308, 1.01154, 2.40618e-05, 3.02444, 2.27264e-05
308, 1.02276, 2.30081e-05, 3.20875, 2.27264e-05
308, 1.03399, 2.13395e-05, 3.53783, 2.27264e-05
308, 1.04521, 1.8642e-05, 4.19446, 2.27264e-05
308, 1.05644, 1.41314e-05, 5.85249, 2.27264e-05
308, 1.06766, 6.14606e-06, 14.7556, 2.27264e-05
308, 1.07889, 9.4892e-09, 9609.45, 6.20322e-05
308, 1.09011, -4.76522e-05, -3.03212, 2.27264e-05
308, 1.10134, -0.000222176, -1.43585, 2.27264e-05
308, 1.11256, 0.000474938, -0.79611, 2.27264e-05
308, 1.12378, 0.000184045, -0.473851, 2.27264e-05
308, 1.13501, 0.000136944, -0.292885, 2.27264e-05
308, 1.14623, 0.00011882, -0.185026, 2.27264e-05
