Temperature, Et, tn0, k, chi2
100, 0.00321332, 2.0369e-12, 3271.95, 2.30163e-19
100, 0.014849, 7.81839e-12, 851.691, 2.30163e-19
100, 0.0264848, 2.95724e-11, 224.436, 2.30163e-19
100, 0.0381205, 1.06037e-10, 61.8709, 2.30163e-19
100, 0.0497563, 3.21453e-10, 19.7392, 2.30163e-19
100, 0.061392, 6.78891e-10, 8.81994, 2.30163e-19
100, 0.0730277, 9.53742e-10, 5.99001, 2.30163e-19
100, 0.0846635, 1.06554e-09, 5.25659, 2.30163e-19
100, 0.0962992, 1.09893e-09, 5.06651, 2.30163e-19
100, 0.107935, 1.10793e-09, 5.01724, 2.30163e-19
100, 0.119571, 1.11028e-09, 5.00447, 2.30163e-19
100, 0.131206, 1.1109e-09, 5.00117, 2.30163e-19
100, 0.142842, 1.11105e-09, 5.00031, 2.30163e-19
100, 0.154478, 1.1111e-09, 5.00009, 2.30163e-19
100, 0.166114, 1.11111e-09, 5.00003, 2.30163e-19
100, 0.177749, 1.11111e-09, 5.00001, 2.30163e-19
100, 0.189385, 1.11111e-09, 5.00001, 2.30163e-19
100, 0.201021, 1.11111e-09, 5.00001, 2.30163e-19
100, 0.212657, 1.11111e-09, 5.00001, 2.30163e-19
100, 0.224292, 1.11111e-09, 5.00001, 2.30163e-19
100, 0.235928, 1.11111e-09, 5.00001, 2.30163e-19
100, 0.247564, 1.11111e-09, 5.00001, 2.30163e-19
100, 0.259199, 1.11111e-09, 5.00001, 2.30163e-19
100, 0.270835, 1.11111e-09, 5.00001, 2.30163e-19
100, 0.282471, 1.11111e-09, 5.00001, 2.30163e-19
100, 0.294107, 1.11111e-09, 5.00001, 2.30163e-19
100, 0.305742, 1.11111e-09, 5.00001, 2.30163e-19
100, 0.317378, 1.11111e-09, 5.00001, 2.30163e-19
100, 0.329014, 1.11111e-09, 5.00001, 2.30163e-19
100, 0.34065, 1.11111e-09, 5.00001, 2.30163e-19
100, 0.352285, 1.11111e-09, 5.00001, 2.30163e-19
100, 0.363921, 1.11111e-09, 5.00001, 2.30163e-19
100, 0.375557, 1.11111e-09, 5.00001, 2.30163e-19
100, 0.387193, 1.11111e-09, 5.00001, 2.30163e-19
100, 0.398828, 1.11111e-09, 5.00001, 2.30163e-19
100, 0.410464, 1.11111e-09, 5.00001, 2.30163e-19
100, 0.4221, 1.11111e-09, 5.00001, 2.30163e-19
100, 0.433735, 1.11111e-09, 5.00001, 2.30163e-19
100, 0.445371, 1.11111e-09, 5.00001, 2.30163e-19
100, 0.457007, 1.11111e-09, 5.00001, 2.30163e-19
100, 0.468643, 1.11111e-09, 5.00001, 2.30163e-19
100, 0.480278, 1.11111e-09, 5.00001, 2.30163e-19
100, 0.491914, 1.11111e-09, 5.00001, 2.30163e-19
100, 0.50355, 1.11111e-09, 5.00001, 2.30163e-19
100, 0.515186, 1.11111e-09, 5.00001, 2.30163e-19
100, 0.526821, 1.11111e-09, 5.00001, 2.30163e-19
100, 0.538457, 1.11111e-09, 5.00001, 2.30163e-19
100, 0.550093, 1.11111e-09, 5.00001, 2.30163e-19
100, 0.561729, 1.11111e-09, 5.00001, 2.30163e-19
100, 0.573364, 1.11111e-09, 5.00001, 2.30163e-19
100, 0.585, 1.11111e-09, 5.00001, 2.30163e-19
100, 0.596636, 1.11111e-09, 5.00001, 2.30163e-19
100, 0.608271, 1.11111e-09, 5.00001, 2.30163e-19
100, 0.619907, 1.11111e-09, 5.00001, 2.30163e-19
100, 0.631543, 1.11111e-09, 5.00001, 2.30163e-19
100, 0.643179, 1.11111e-09, 5.00001, 2.30163e-19
100, 0.654814, 1.11111e-09, 5.00001, 2.30163e-19
100, 0.66645, 1.11111e-09, 5.00001, 2.30163e-19
100, 0.678086, 1.11111e-09, 5.00001, 2.30163e-19
100, 0.689722, 1.11111e-09, 5.00001, 2.30163e-19
100, 0.701357, 1.11111e-09, 5.00001, 2.30163e-19
100, 0.712993, 1.11111e-09, 5.00001, 2.30163e-19
100, 0.724629, 1.11111e-09, 5.00001, 2.30163e-19
100, 0.736265, 1.11111e-09, 5.00001, 2.30163e-19
100, 0.7479, 1.11111e-09, 5.00001, 2.30163e-19
100, 0.759536, 1.11111e-09, 5.00001, 2.30163e-19
100, 0.771172, 1.11111e-09, 5.00001, 2.30163e-19
100, 0.782807, 1.11111e-09, 5.00001, 2.30163e-19
100, 0.794443, 1.11111e-09, 5.00001, 2.30163e-19
100, 0.806079, 1.11111e-09, 5.00001, 2.30163e-19
100, 0.817715, 1.11111e-09, 5.00001, 2.30163e-19
100, 0.82935, 1.11111e-09, 5.00001, 2.30163e-19
100, 0.840986, 1.11111e-09, 5.00001, 2.30163e-19
100, 0.852622, 1.11111e-09, 5.00001, 2.30163e-19
100, 0.864258, 1.11111e-09, 5.00001, 2.30163e-19
100, 0.875893, 1.11111e-09, 5.00001, 2.30163e-19
100, 0.887529, 1.11111e-09, 5.00001, 2.30163e-19
100, 0.899165, 1.11111e-09, 5.00001, 2.30163e-19
100, 0.910801, 1.11111e-09, 5.00001, 2.30163e-19
100, 0.922436, 1.11111e-09, 5.00001, 2.30163e-19
100, 0.934072, 1.11111e-09, 5.00001, 2.30163e-19
100, 0.945708, 1.11111e-09, 5.00001, 2.30163e-19
100, 0.957343, 1.11111e-09, 5.00001, 2.30163e-19
100, 0.968979, 1.11111e-09, 5.00001, 2.30163e-19
100, 0.980615, 1.11111e-09, 5.00001, 2.30163e-19
100, 0.992251, 1.11111e-09, 5.00001, 2.30163e-19
100, 1.00389, 1.11111e-09, 5.00001, 2.30163e-19
100, 1.01552, 1.11111e-09, 5.00001, 2.30163e-19
100, 1.02716, 1.11111e-09, 5.00001, 2.30163e-19
100, 1.03879, 1.11111e-09, 5.00002, 2.30163e-19
100, 1.05043, 1.1111e-09, 5.00005, 2.30163e-19
100, 1.06207, 1.11108e-09, 5.00018, 2.30163e-19
100, 1.0737, 1.11098e-09, 5.00068, 2.30163e-19
100, 1.08534, 1.11063e-09, 5.00261, 2.30163e-19
100, 1.09697, 1.10925e-09, 5.01008, 2.30163e-19
100, 1.10861, 1.10392e-09, 5.03909, 2.30163e-19
100, 1.12024, 1.08326e-09, 5.15424, 2.30163e-19
100, 1.13188, 1.0021e-09, 5.65267, 2.30163e-19
100, 1.14352, 6.65518e-10, 9.01726, 2.30163e-19
100, 1.15515, -1.11965e-09, -6.95425, 2.30163e-19
100, 1.16679, 5.93526e-08, -0.887677, 2.30163e-19
200, 0.0113158, 5.37035e-13, 8776.9, 1.33021e-19
200, 0.0227895, 1.04436e-12, 4512.83, 1.33021e-19
200, 0.0342632, 2.02969e-12, 2321.55, 1.33021e-19
200, 0.0457368, 3.94001e-12, 1195.46, 1.33021e-19
200, 0.0572105, 7.63084e-12, 616.762, 1.33021e-19
200, 0.0686842, 1.47142e-11, 319.375, 1.33021e-19
200, 0.0801579, 2.81354e-11, 166.548, 1.33021e-19
200, 0.0916316, -8.74751e-15, -549402, 4.6943e-06
200, 0.103105, 9.68933e-11, 47.6519, 1.33021e-19
200, 0.114579, 1.68894e-10, 26.9113, 1.33021e-19
200, 0.126053, 2.73235e-10, 16.2527, 1.33021e-19
200, 0.137526, 4.00331e-10, 10.7754, 1.33021e-19
200, 0.149, 5.26088e-10, 7.96056, 1.33021e-19
200, 0.160474, 6.27364e-10, 6.51405, 1.33021e-19
200, 0.171947, 6.96242e-10, 5.7707, 1.33021e-19
200, 0.183421, 7.37873e-10, 5.38869, 1.33021e-19
200, 0.194895, 7.61265e-10, 5.19238, 1.33021e-19
200, 0.206368, 7.73873e-10, 5.0915, 1.33021e-19
200, 0.217842, 7.80516e-10, 5.03965, 1.33021e-19
200, 0.229316, 7.83974e-10, 5.01301, 1.33021e-19
200, 0.240789, 7.85763e-10, 4.99932, 1.33021e-19
200, 0.252263, 7.86686e-10, 4.99228, 1.33021e-19
200, 0.263737, 7.87161e-10, 4.98867, 1.33021e-19
200, 0.275211, 7.87405e-10, 4.98681, 1.33021e-19
200, 0.286684, 7.87531e-10, 4.98586, 1.33021e-19
200, 0.298158, 7.87595e-10, 4.98537, 1.33021e-19
200, 0.309632, 7.87628e-10, 4.98511, 1.33021e-19
200, 0.321105, 7.87645e-10, 4.98498, 1.33021e-19
200, 0.332579, 7.87654e-10, 4.98492, 1.33021e-19
200, 0.344053, 7.87659e-10, 4.98488, 1.33021e-19
200, 0.355526, 7.87661e-10, 4.98487, 1.33021e-19
200, 0.367, 7.87662e-10, 4.98486, 1.33021e-19
200, 0.378474, 7.87663e-10, 4.98485, 1.33021e-19
200, 0.389947, 7.87663e-10, 4.98485, 1.33021e-19
200, 0.401421, 7.87663e-10, 4.98485, 1.33021e-19
200, 0.412895, 7.87663e-10, 4.98485, 1.33021e-19
200, 0.424368, 7.87663e-10, 4.98485, 1.33021e-19
200, 0.435842, 7.87663e-10, 4.98485, 1.33021e-19
200, 0.447316, 7.87663e-10, 4.98485, 1.33021e-19
200, 0.458789, 7.87663e-10, 4.98485, 1.33021e-19
200, 0.470263, 7.87663e-10, 4.98485, 1.33021e-19
200, 0.481737, 7.87663e-10, 4.98485, 1.33021e-19
200, 0.493211, 7.87663e-10, 4.98485, 1.33021e-19
200, 0.504684, 7.87663e-10, 4.98485, 1.33021e-19
200, 0.516158, 7.87663e-10, 4.98485, 1.33021e-19
200, 0.527632, 7.87663e-10, 4.98485, 1.33021e-19
200, 0.539105, 7.87663e-10, 4.98485, 1.33021e-19
200, 0.550579, 7.87663e-10, 4.98485, 1.33021e-19
200, 0.562053, 7.87663e-10, 4.98485, 1.33021e-19
200, 0.573526, 7.87663e-10, 4.98485, 1.33021e-19
200, 0.585, 7.87663e-10, 4.98485, 1.33021e-19
200, 0.596474, 7.87663e-10, 4.98485, 1.33021e-19
200, 0.607947, 7.87663e-10, 4.98485, 1.33021e-19
200, 0.619421, 7.87663e-10, 4.98485, 1.33021e-19
200, 0.630895, 7.87663e-10, 4.98485, 1.33021e-19
200, 0.642368, 7.87663e-10, 4.98485, 1.33021e-19
200, 0.653842, 7.87663e-10, 4.98485, 1.33021e-19
200, 0.665316, 7.87663e-10, 4.98485, 1.33021e-19
200, 0.676789, 7.87663e-10, 4.98485, 1.33021e-19
200, 0.688263, 7.87663e-10, 4.98485, 1.33021e-19
200, 0.699737, 7.87663e-10, 4.98485, 1.33021e-19
200, 0.711211, 7.87663e-10, 4.98485, 1.33021e-19
200, 0.722684, 7.87663e-10, 4.98485, 1.33021e-19
200, 0.734158, 7.87663e-10, 4.98485, 1.33021e-19
200, 0.745632, 7.87663e-10, 4.98485, 1.33021e-19
200, 0.757105, 7.87663e-10, 4.98485, 1.33021e-19
200, 0.768579, 7.87663e-10, 4.98485, 1.33021e-19
200, 0.780053, 7.87663e-10, 4.98485, 1.33021e-19
200, 0.791526, 7.87663e-10, 4.98485, 1.33021e-19
200, 0.803, 7.87663e-10, 4.98485, 1.33021e-19
200, 0.814474, 7.87663e-10, 4.98485, 1.33021e-19
200, 0.825947, 7.87663e-10, 4.98485, 1.33021e-19
200, 0.837421, 7.87663e-10, 4.98485, 1.33021e-19
200, 0.848895, 7.87663e-10, 4.98485, 1.33021e-19
200, 0.860368, 7.87663e-10, 4.98485, 1.33021e-19
200, 0.871842, 7.87663e-10, 4.98485, 1.33021e-19
200, 0.883316, 7.87662e-10, 4.98485, 1.33021e-19
200, 0.894789, 7.87662e-10, 4.98486, 1.33021e-19
200, 0.906263, 7.8766e-10, 4.98488, 1.33021e-19
200, 0.917737, 7.87656e-10, 4.9849, 1.33021e-19
200, 0.929211, 7.87649e-10, 4.98495, 1.33021e-19
200, 0.940684, 7.87636e-10, 4.98506, 1.33021e-19
200, 0.952158, 7.8761e-10, 4.98525, 1.33021e-19
200, 0.963632, 7.87559e-10, 4.98564, 1.33021e-19
200, 0.975105, 7.87461e-10, 4.98639, 1.33021e-19
200, 0.986579, 7.87269e-10, 4.98784, 1.33021e-19
200, 0.998053, 7.86897e-10, 4.99068, 1.33021e-19
200, 1.00953, 7.86171e-10, 4.99621, 1.33021e-19
200, 1.021, 7.84758e-10, 5.007, 1.33021e-19
200, 1.03247, 7.82006e-10, 5.02814, 1.33021e-19
200, 1.04395, 7.7664e-10, 5.0698, 1.33021e-19
200, 1.05542, 7.66155e-10, 5.15286, 1.33021e-19
200, 1.06689, 7.45592e-10, 5.32255, 1.33021e-19
200, 1.07837, 7.04957e-10, 5.687, 1.33021e-19
200, 1.08984, 6.23452e-10, 6.56121, 1.33021e-19
200, 1.10132, 4.54958e-10, 9.3615, 1.33021e-19
200, 1.11279, 8.38299e-11, 55.2334, 1.33021e-19
200, 1.12426, 2.4416e-13, 18452.2, 6.27298e-09
200, 1.13574, -4.53752e-09, -2.0389, 1.33021e-19
200, 1.14721, 3.74153e-08, -0.874008, 1.33021e-19
200, 1.15868, 8.04272e-09, -0.413874, 1.33021e-19
300, 0.0227404, 3.47316e-13, 11081.1, 3.34491e-19
300, 0.0339856, 5.36489e-13, 7173.43, 3.34491e-19
300, 0.0452308, 8.28622e-13, 4644.07, 3.34491e-19
300, 0.056476, 1.27964e-12, 3006.87, 3.34491e-19
300, 0.0677212, 1.97571e-12, 1947.16, 3.34491e-19
300, 0.0789663, 3.04935e-12, 1261.23, 3.34491e-19
300, 0.0902115, 4.70392e-12, 817.253, 3.34491e-19
300, 0.101457, 7.25029e-12, 529.875, 3.34491e-19
300, 0.112702, 1.1161e-11, 343.863, 3.34491e-19
300, 0.123947, 1.71477e-11, 223.462, 3.34491e-19
300, 0.135192, 2.62677e-11, 145.53, 3.34491e-19
300, 0.146437, 4.00578e-11, 95.0861, 3.34491e-19
300, 0.157683, 6.06761e-11, 62.4352, 3.34491e-19
300, 0.168928, 9.09905e-11, 41.3011, 3.34491e-19
300, 0.180173, 1.34479e-10, 27.6216, 3.34491e-19
300, 0.191418, 1.94717e-10, 18.7672, 3.34491e-19
300, 0.202663, 2.74225e-10, 13.0359, 3.34491e-19
300, 0.213909, 3.7274e-10, 9.32625, 3.34491e-19
300, 0.225154, 4.85674e-10, 6.92507, 3.34491e-19
300, 0.236399, 6.04159e-10, 5.37084, 3.34491e-19
300, 0.247644, 7.1745e-10, 4.36483, 3.34491e-19
300, 0.258889, 8.16562e-10, 3.71367, 3.34491e-19
300, 0.270135, 8.96746e-10, 3.29219, 3.34491e-19
300, 0.28138, 9.57612e-10, 3.01937, 3.34491e-19
300, 0.292625, 1.00162e-09, 2.84279, 3.34491e-19
300, 0.30387, 1.03232e-09, 2.72849, 3.34491e-19
300, 0.315115, 1.05322e-09, 2.65451, 3.34491e-19
300, 0.326361, 1.0672e-09, 2.60662, 3.34491e-19
300, 0.337606, 1.07646e-09, 2.57562, 3.34491e-19
300, 0.348851, 1.08253e-09, 2.55556, 3.34491e-19
300, 0.360096, 1.0865e-09, 2.54257, 3.34491e-19
300, 0.371341, 1.08908e-09, 2.53417, 3.34491e-19
300, 0.382587, 1.09076e-09, 2.52873, 3.34491e-19
300, 0.393832, 1.09185e-09, 2.52521, 3.34491e-19
300, 0.405077, 1.09256e-09, 2.52293, 3.34491e-19
300, 0.416322, 1.09302e-09, 2.52145, 3.34491e-19
300, 0.427567, 1.09331e-09, 2.5205, 3.34491e-19
300, 0.438813, 1.0935e-09, 2.51988, 3.34491e-19
300, 0.450058, 1.09363e-09, 2.51948, 3.34491e-19
300, 0.461303, 1.09371e-09, 2.51922, 3.34491e-19
300, 0.472548, 1.09376e-09, 2.51905, 3.34491e-19
300, 0.483793, 1.0938e-09, 2.51894, 3.34491e-19
300, 0.495038, 1.09382e-09, 2.51887, 3.34491e-19
300, 0.506284, 1.09383e-09, 2.51883, 3.34491e-19
300, 0.517529, 1.09384e-09, 2.5188, 3.34491e-19
300, 0.528774, 1.09385e-09, 2.51878, 3.34491e-19
300, 0.540019, 1.09385e-09, 2.51877, 3.34491e-19
300, 0.551264, 1.09385e-09, 2.51876, 3.34491e-19
300, 0.56251, 1.09385e-09, 2.51875, 3.34491e-19
300, 0.573755, 1.09386e-09, 2.51875, 3.34491e-19
300, 0.585, 1.09386e-09, 2.51875, 3.34491e-19
300, 0.596245, 1.09386e-09, 2.51875, 3.34491e-19
300, 0.60749, 1.09386e-09, 2.51875, 3.34491e-19
300, 0.618736, 1.09386e-09, 2.51874, 3.34491e-19
300, 0.629981, 1.09386e-09, 2.51874, 3.34491e-19
300, 0.641226, 1.09386e-09, 2.51874, 3.34491e-19
300, 0.652471, 1.09386e-09, 2.51874, 3.34491e-19
300, 0.663716, 1.09386e-09, 2.51874, 3.34491e-19
300, 0.674962, 1.09386e-09, 2.51874, 3.34491e-19
300, 0.686207, 1.09386e-09, 2.51874, 3.34491e-19
300, 0.697452, 1.09386e-09, 2.51874, 3.34491e-19
300, 0.708697, 1.09386e-09, 2.51874, 3.34491e-19
300, 0.719942, 1.09386e-09, 2.51875, 3.34491e-19
300, 0.731187, 1.09386e-09, 2.51875, 3.34491e-19
300, 0.742433, 1.09386e-09, 2.51875, 3.34491e-19
300, 0.753678, 1.09385e-09, 2.51875, 3.34491e-19
300, 0.764923, 1.09385e-09, 2.51876, 3.34491e-19
300, 0.776168, 1.09385e-09, 2.51876, 3.34491e-19
300, 0.787413, 1.09385e-09, 2.51878, 3.34491e-19
300, 0.798659, 1.09384e-09, 2.51879, 3.34491e-19
300, 0.809904, 1.09383e-09, 2.51882, 3.34491e-19
300, 0.821149, 1.09382e-09, 2.51886, 3.34491e-19
300, 0.832394, 1.0938e-09, 2.51893, 3.34491e-19
300, 0.843639, 1.09377e-09, 2.51903, 3.34491e-19
300, 0.854885, 1.09372e-09, 2.51918, 3.34491e-19
300, 0.86613, 1.09365e-09, 2.51942, 3.34491e-19
300, 0.877375, 1.09353e-09, 2.51979, 3.34491e-19
300, 0.88862, 1.09335e-09, 2.52037, 3.34491e-19
300, 0.899865, 1.09308e-09, 2.52125, 3.34491e-19
300, 0.911111, 1.09265e-09, 2.52262, 3.34491e-19
300, 0.922356, 1.092e-09, 2.52474, 3.34491e-19
300, 0.933601, 1.09098e-09, 2.52802, 3.34491e-19
300, 0.944846, 1.08941e-09, 2.53311, 3.34491e-19
300, 0.956091, 1.08698e-09, 2.54101, 3.34491e-19
300, 0.967337, 1.08322e-09, 2.55331, 3.34491e-19
300, 0.978582, 1.07738e-09, 2.57255, 3.34491e-19
300, 0.989827, 1.06832e-09, 2.60284, 3.34491e-19
300, 1.00107, 1.05421e-09, 2.65108, 3.34491e-19
300, 1.01232, 1.03212e-09, 2.72923, 3.34491e-19
300, 1.02356, 9.97295e-10, 2.85944, 3.34491e-19
300, 1.03481, 9.41769e-10, 3.08699, 3.34491e-19
300, 1.04605, 8.51603e-10, 3.51971, 3.34491e-19
300, 1.0573, 7.00754e-10, 4.49266, 3.34491e-19
300, 1.06854, 4.35335e-10, 7.84148, 3.34491e-19
300, 1.07979, -7.58776e-11, -51.7265, 3.34491e-19
300, 1.09103, 2.40946e-13, 14788.2, 5.64037e-09
300, 1.10228, 2.25708e-13, 13571.1, 2.06234e-08
300, 1.11352, 3.168e-08, -0.878504, 3.34491e-19
300, 1.12477, 7.79687e-09, -0.50634, 3.34491e-19
300, 1.13601, 5.54643e-09, -0.30604, 3.34491e-19
300, 1.14726, 4.75157e-09, -0.189951, 3.34491e-19
400, 0.0365251, 1.62125e-12, 2055.03, 1.20284e-19
400, 0.0474946, 2.22858e-12, 1494.72, 1.20284e-19
400, 0.0584641, 3.06335e-12, 1087.13, 1.20284e-19
400, 0.0694336, 4.21065e-12, 790.643, 1.20285e-19
400, 0.0804031, 5.78735e-12, 574.968, 1.20284e-19
400, 0.0913726, 7.95392e-12, 418.081, 1.20284e-19
400, 0.102342, 1.09305e-11, 303.956, 1.20284e-19
400, 0.113312, 1.50192e-11, 220.939, 1.20284e-19
400, 0.124281, 2.06335e-11, 160.55, 1.20284e-19
400, 0.135251, 2.83396e-11, 116.621, 1.20284e-19
400, 0.14622, 3.89108e-11, 84.666, 1.20284e-19
400, 0.15719, 5.34008e-11, 61.421, 1.20284e-19
400, 0.168159, 7.32407e-11, 44.512, 1.20284e-19
400, 0.179129, 1.00365e-10, 32.2119, 1.20284e-19
400, 0.190098, 1.37375e-10, 23.2645, 1.20284e-19
400, 0.201068, 1.87731e-10, 16.7559, 1.20284e-19
400, 0.212037, 2.55989e-10, 12.0214, 1.20284e-19
400, 0.223007, 3.48044e-10, 8.57734, 1.20284e-19
400, 0.233976, 4.71339e-10, 6.07206, 1.20284e-19
400, 0.244946, 6.34964e-10, 4.24964, 1.20284e-19
400, 0.255915, 8.49481e-10, 2.92397, 1.20284e-19
400, 0.266885, 1.12627e-09, 1.95963, 1.20284e-19
400, 0.277854, 1.47613e-09, 1.25815, 1.20284e-19
400, 0.288824, 1.90708e-09, 0.747873, 1.20284e-19
400, 0.299793, 2.42128e-09, 0.376682, 1.20284e-19
400, 0.310763, 3.01204e-09, 0.106668, 1.20284e-19
400, 0.321732, 3.66199e-09, -0.0897477, 1.20284e-19
400, 0.332702, 4.34382e-09, -0.232626, 1.20284e-19
400, 0.343671, 5.02432e-09, -0.33656, 1.20284e-19
400, 0.354641, 5.67051e-09, -0.412164, 1.20284e-19
400, 0.36561, 6.25579e-09, -0.46716, 1.20284e-19
400, 0.37658, 6.76361e-09, -0.507167, 1.20284e-19
400, 0.387549, 7.18806e-09, -0.536268, 1.20284e-19
400, 0.398519, 7.53189e-09, -0.557437, 1.20284e-19
400, 0.409488, 7.80341e-09, -0.572836, 1.20284e-19
400, 0.420458, 8.01356e-09, -0.584038, 1.20284e-19
400, 0.431427, 8.17367e-09, -0.592187, 1.20284e-19
400, 0.442397, 8.29423e-09, -0.598114, 1.20284e-19
400, 0.453366, 8.38418e-09, -0.602426, 1.20284e-19
400, 0.464336, 8.45085e-09, -0.605562, 1.20284e-19
400, 0.475305, 8.50002e-09, -0.607844, 1.20284e-19
400, 0.486275, 8.53614e-09, -0.609504, 1.20284e-19
400, 0.497244, 8.56262e-09, -0.610711, 1.20284e-19
400, 0.508214, 8.58198e-09, -0.611589, 1.20284e-19
400, 0.519183, 8.59612e-09, -0.612228, 1.20284e-19
400, 0.530153, 8.60643e-09, -0.612693, 1.20284e-19
400, 0.541122, 8.61395e-09, -0.613031, 1.20284e-19
400, 0.552092, 8.61943e-09, -0.613277, 1.20284e-19
400, 0.563061, 8.62342e-09, -0.613456, 1.20284e-19
400, 0.574031, 8.62632e-09, -0.613586, 1.20284e-19
400, 0.585, 8.62843e-09, -0.61368, 1.20284e-19
400, 0.595969, 8.62997e-09, -0.613749, 1.20284e-19
400, 0.606939, 8.6311e-09, -0.6138, 1.20284e-19
400, 0.617908, 8.63191e-09, -0.613836, 1.20284e-19
400, 0.628878, 8.63251e-09, -0.613863, 1.20284e-19
400, 0.639847, 8.63295e-09, -0.613882, 1.20284e-19
400, 0.650817, 8.63327e-09, -0.613897, 1.20284e-19
400, 0.661786, 8.63351e-09, -0.613907, 1.20284e-19
400, 0.672756, 8.63369e-09, -0.613915, 1.20284e-19
400, 0.683725, 8.63383e-09, -0.613922, 1.20284e-19
400, 0.694695, 8.63394e-09, -0.613927, 1.20284e-19
400, 0.705664, 8.63404e-09, -0.613931, 1.20284e-19
400, 0.716634, 8.63414e-09, -0.613936, 1.20284e-19
400, 0.727603, 8.63425e-09, -0.61394, 1.20284e-19
400, 0.738573, 8.63437e-09, -0.613946, 1.20284e-19
400, 0.749542, 8.63452e-09, -0.613953, 1.20284e-19
400, 0.760512, 8.63472e-09, -0.613962, 1.20284e-19
400, 0.771481, 8.63498e-09, -0.613973, 1.20284e-19
400, 0.782451, 8.63534e-09, -0.613989, 1.20284e-19
400, 0.79342, 8.63582e-09, -0.614011, 1.20284e-19
400, 0.80439, 8.63648e-09, -0.61404, 1.20284e-19
400, 0.815359, 8.63739e-09, -0.614081, 1.20284e-19
400, 0.826329, 8.63864e-09, -0.614137, 1.20284e-19
400, 0.837298, 8.64036e-09, -0.614214, 1.20284e-19
400, 0.848268, 8.64272e-09, -0.614319, 1.20284e-19
400, 0.859237, 8.64597e-09, -0.614464, 1.20284e-19
400, 0.870207, 8.65044e-09, -0.614663, 1.20284e-19
400, 0.881176, 8.6566e-09, -0.614937, 1.20284e-19
400, 0.892146, 8.66509e-09, -0.615314, 1.20284e-19
400, 0.903115, 8.6768e-09, -0.615834, 1.20284e-19
400, 0.914085, 8.69299e-09, -0.616549, 1.20284e-19
400, 0.925054, 8.7154e-09, -0.617535, 1.20284e-19
400, 0.936024, 8.74652e-09, -0.618896, 1.20284e-19
400, 0.946993, 8.78989e-09, -0.620777, 1.20284e-19
400, 0.957963, 8.85066e-09, -0.62338, 1.20284e-19
400, 0.968932, 8.93645e-09, -0.626996, 1.20284e-19
400, 0.979902, 9.05883e-09, -0.632035, 1.20284e-19
400, 0.990871, 9.23606e-09, -0.639096, 1.20284e-19
400, 1.00184, 9.49842e-09, -0.649064, 1.20284e-19
400, 1.01281, 9.89961e-09, -0.663287, 1.20284e-19
400, 1.02378, 1.05447e-08, -0.683887, 1.20284e-19
400, 1.03475, 1.16709e-08, -0.714388, 1.20284e-19
400, 1.04572, 1.39499e-08, -0.761049, 1.20284e-19
400, 1.05669, 2.03408e-08, -0.836126, 1.20284e-19
400, 1.06766, 1.01953e-07, -0.967305, 1.20284e-19
400, 1.07863, -1.42878e-08, -1.2333, 1.20284e-19
400, 1.0896, -3.39143e-09, -1.98287, 1.20284e-19
400, 1.10057, 3.05192e-12, 1139.68, 2.03911e-10
400, 1.11154, 1.10562e-09, 2.0149, 1.20284e-19
400, 1.12251, 1.87939e-09, 0.773629, 1.20284e-19
400, 1.13347, 2.34927e-09, 0.418884, 1.20284e-19
500, 0.0520467, 6.39752e-12, 465.027, 1.31833e-18
500, 0.0627057, 8.19286e-12, 362.905, 1.31833e-18
500, 0.0733648, 1.04919e-11, 283.164, 1.31833e-18
500, 0.0840239, 1.3436e-11, 220.899, 1.31833e-18
500, 0.0946829, 1.72058e-11, 172.28, 1.31833e-18
500, 0.105342, 2.2033e-11, 134.316, 1.31833e-18
500, 0.116001, 2.82136e-11, 104.673, 1.31833e-18
500, 0.12666, 3.61268e-11, 81.5265, 1.31833e-18
500, 0.137319, 4.62575e-11, 63.4527, 1.31833e-18
500, 0.147978, 5.92256e-11, 49.3401, 1.31833e-18
500, 0.158637, 7.58239e-11, 38.3203, 1.31833e-18
500, 0.169296, 9.70649e-11, 29.7157, 1.31833e-18
500, 0.179955, 1.24242e-10, 22.9969, 1.31833e-18
500, 0.190615, 1.59004e-10, 17.7506, 1.31833e-18
500, 0.201274, 2.03453e-10, 13.6541, 1.31833e-18
500, 0.211933, 2.60263e-10, 10.4554, 1.31833e-18
500, 0.222592, 3.32832e-10, 7.95774, 1.31833e-18
500, 0.233251, 4.25464e-10, 6.00747, 1.31833e-18
500, 0.24391, 5.43597e-10, 4.48461, 1.31833e-18
500, 0.254569, 6.94078e-10, 3.29551, 1.31833e-18
500, 0.265228, 8.85478e-10, 2.36702, 1.31833e-18
500, 0.275887, 1.12846e-09, 1.64202, 1.31833e-18
500, 0.286546, 1.4362e-09, 1.0759, 1.31833e-18
500, 0.297205, 1.82477e-09, 0.633864, 1.31833e-18
500, 0.307864, 2.31351e-09, 0.288702, 1.31833e-18
500, 0.318523, 2.92529e-09, 0.0191865, 1.31833e-18
500, 0.329182, 3.68651e-09, -0.191262, 1.31833e-18
500, 0.339841, 4.62657e-09, -0.355587, 1.31833e-18
500, 0.350501, 5.77682e-09, -0.483899, 1.31833e-18
500, 0.36116, 7.16843e-09, -0.58409, 1.31833e-18
500, 0.371819, 8.8292e-09, -0.662323, 1.31833e-18
500, 0.382478, 1.07792e-08, -0.72341, 1.31833e-18
500, 0.393137, 1.30255e-08, -0.771109, 1.31833e-18
500, 0.403796, 1.55569e-08, -0.808354, 1.31833e-18
500, 0.414455, 1.83401e-08, -0.837437, 1.31833e-18
500, 0.425114, 2.1318e-08, -0.860146, 1.31833e-18
500, 0.435773, 2.44134e-08, -0.877877, 1.31833e-18
500, 0.446432, 2.75352e-08, -0.891723, 1.31833e-18
500, 0.457091, 3.05895e-08, -0.902534, 1.31833e-18
500, 0.46775, 3.34902e-08, -0.910976, 1.31833e-18
500, 0.478409, 3.61683e-08, -0.917568, 1.31833e-18
500, 0.489068, 3.85771e-08, -0.922715, 1.31833e-18
500, 0.499727, 4.06933e-08, -0.926734, 1.31833e-18
500, 0.510387, 4.25143e-08, -0.929873, 1.31833e-18
500, 0.521046, 4.40537e-08, -0.932323, 1.31833e-18
500, 0.531705, 4.53356e-08, -0.934237, 1.31833e-18
500, 0.542364, 4.63896e-08, -0.935731, 1.31833e-18
500, 0.553023, 4.72474e-08, -0.936898, 1.31833e-18
500, 0.563682, 4.79397e-08, -0.937809, 1.31833e-18
500, 0.574341, 4.84946e-08, -0.938521, 1.31833e-18
500, 0.585, 4.89371e-08, -0.939076, 1.31833e-18
500, 0.595659, 4.92884e-08, -0.939511, 1.31833e-18
500, 0.606318, 4.95665e-08, -0.93985, 1.31833e-18
500, 0.616977, 4.97862e-08, -0.940116, 1.31833e-18
500, 0.627636, 4.99595e-08, -0.940323, 1.31833e-18
500, 0.638295, 5.00962e-08, -0.940486, 1.31833e-18
500, 0.648954, 5.02042e-08, -0.940614, 1.31833e-18
500, 0.659613, 5.02897e-08, -0.940715, 1.31833e-18
500, 0.670273, 5.03578e-08, -0.940795, 1.31833e-18
500, 0.680932, 5.04126e-08, -0.94086, 1.31833e-18
500, 0.691591, 5.04573e-08, -0.940912, 1.31833e-18
500, 0.70225, 5.04947e-08, -0.940956, 1.31833e-18
500, 0.712909, 5.0527e-08, -0.940994, 1.31833e-18
500, 0.723568, 5.05562e-08, -0.941028, 1.31833e-18
500, 0.734227, 5.05841e-08, -0.94106, 1.31833e-18
500, 0.744886, 5.06125e-08, -0.941093, 1.31833e-18
500, 0.755545, 5.06429e-08, -0.941129, 1.31833e-18
500, 0.766204, 5.06774e-08, -0.941169, 1.31833e-18
500, 0.776863, 5.07181e-08, -0.941216, 1.31833e-18
500, 0.787522, 5.07676e-08, -0.941273, 1.31833e-18
500, 0.798181, 5.08288e-08, -0.941344, 1.31833e-18
500, 0.80884, 5.09058e-08, -0.941433, 1.31833e-18
500, 0.819499, 5.10034e-08, -0.941545, 1.31833e-18
500, 0.830159, 5.11279e-08, -0.941687, 1.31833e-18
500, 0.840818, 5.12875e-08, -0.941868, 1.31833e-18
500, 0.851477, 5.14927e-08, -0.9421, 1.31833e-18
500, 0.862136, 5.17577e-08, -0.942397, 1.31833e-18
500, 0.872795, 5.21008e-08, -0.942776, 1.31833e-18
500, 0.883454, 5.2547e-08, -0.943262, 1.31833e-18
500, 0.894113, 5.31302e-08, -0.943885, 1.31833e-18
500, 0.904772, 5.38972e-08, -0.944683, 1.31833e-18
500, 0.915431, 5.49143e-08, -0.945708, 1.31833e-18
500, 0.92609, 5.62776e-08, -0.947023, 1.31833e-18
500, 0.936749, 5.81316e-08, -0.948713, 1.31833e-18
500, 0.947408, 6.0703e-08, -0.950885, 1.31833e-18
500, 0.958067, 6.43685e-08, -0.953682, 1.31833e-18
500, 0.968726, 6.98028e-08, -0.957288, 1.31833e-18
500, 0.979385, 7.83471e-08, -0.961946, 1.31833e-18
500, 0.990045, 9.31054e-08, -0.967978, 1.31833e-18
500, 1.0007, 1.23273e-07, -0.975814, 1.31833e-18
500, 1.01136, 2.13531e-07, -0.986038, 1.31833e-18
500, 1.02202, 5.39206e-06, -0.999447, 1.31833e-18
500, 1.03268, -1.73718e-07, -1.01716, 1.31833e-18
500, 1.04334, -7.30946e-08, -1.04079, 1.31833e-18
500, 1.054, -4.10111e-08, -1.0727, 1.31833e-18
500, 1.06466, -2.55834e-08, -1.11654, 1.31833e-18
500, 1.07532, -1.67304e-08, -1.1782, 1.31833e-18
500, 1.08598, -1.11295e-08, -1.26788, 1.31833e-18
500, 1.09664, -7.3647e-09, -1.40483, 1.31833e-18
500, 1.10729, 2.57252e-12, 2683.11, 6.19406e-08
500, 1.11795, -2.83338e-09, -2.05225, 1.31833e-18
600, 0.0688835, 1.66118e-11, 162.838, 1.89954e-17
600, 0.0792058, 2.02821e-11, 133.19, 1.89954e-17
600, 0.0895282, 2.47632e-11, 108.908, 1.89954e-17
600, 0.0998505, 3.02341e-11, 89.0195, 1.89954e-17
600, 0.110173, 3.69135e-11, 72.7307, 1.89954e-17
600, 0.120495, 4.50681e-11, 59.3899, 1.89954e-17
600, 0.130817, 5.50237e-11, 48.4634, 1.89954e-17
600, 0.14114, 6.71776e-11, 39.5144, 1.89954e-17
600, 0.151462, 8.20149e-11, 32.1849, 1.89954e-17
600, 0.161784, 1.00127e-10, 26.182, 1.89954e-17
600, 0.172107, 1.22237e-10, 21.2654, 1.89954e-17
600, 0.182429, 1.49225e-10, 17.2386, 1.89954e-17
600, 0.192751, 1.82166e-10, 13.9406, 1.89954e-17
600, 0.203074, 2.22369e-10, 11.2394, 1.89954e-17
600, 0.213396, 2.71431e-10, 9.02708, 1.89954e-17
600, 0.223718, 3.31298e-10, 7.21515, 1.89954e-17
600, 0.234041, 4.04339e-10, 5.73113, 1.89954e-17
600, 0.244363, 4.9344e-10, 4.51569, 1.89954e-17
600, 0.254685, 6.02109e-10, 3.52021, 1.89954e-17
600, 0.265008, 7.34612e-10, 2.7049, 1.89954e-17
600, 0.27533, 8.96128e-10, 2.03713, 1.89954e-17
600, 0.285652, 1.09294e-09, 1.49022, 1.89954e-17
600, 0.295975, 1.33265e-09, 1.04229, 1.89954e-17
600, 0.306297, 1.62447e-09, 0.675417, 1.89954e-17
600, 0.316619, 1.97947e-09, 0.374944, 1.89954e-17
600, 0.326942, 2.411e-09, 0.12885, 1.89954e-17
600, 0.337264, 2.93506e-09, -0.0727072, 1.89954e-17
600, 0.347586, 3.57073e-09, -0.237787, 1.89954e-17
600, 0.357909, 4.3407e-09, -0.372991, 1.89954e-17
600, 0.368231, 5.27173e-09, -0.483726, 1.89954e-17
600, 0.378553, 6.39518e-09, -0.574421, 1.89954e-17
600, 0.388876, 7.74743e-09, -0.648702, 1.89954e-17
600, 0.399198, 9.37015e-09, -0.709539, 1.89954e-17
600, 0.40952, 1.13104e-08, -0.759367, 1.89954e-17
600, 0.419843, 1.36203e-08, -0.800177, 1.89954e-17
600, 0.430165, 1.63562e-08, -0.833601, 1.89954e-17
600, 0.440487, 1.95769e-08, -0.860976, 1.89954e-17
600, 0.45081, 2.33413e-08, -0.883397, 1.89954e-17
600, 0.461132, 2.77044e-08, -0.901761, 1.89954e-17
600, 0.471454, 3.27125e-08, -0.916801, 1.89954e-17
600, 0.481777, 3.83975e-08, -0.929119, 1.89954e-17
600, 0.492099, 4.47699e-08, -0.939208, 1.89954e-17
600, 0.502421, 5.18126e-08, -0.947471, 1.89954e-17
600, 0.512744, 5.94755e-08, -0.954239, 1.89954e-17
600, 0.523066, 6.7673e-08, -0.959782, 1.89954e-17
600, 0.533388, 7.62848e-08, -0.964322, 1.89954e-17
600, 0.543711, 8.51613e-08, -0.968041, 1.89954e-17
600, 0.554033, 9.41332e-08, -0.971087, 1.89954e-17
600, 0.564355, 1.03024e-07, -0.973582, 1.89954e-17
600, 0.574678, 1.11663e-07, -0.975626, 1.89954e-17
600, 0.585, 1.19901e-07, -0.977301, 1.89954e-17
600, 0.595322, 1.27615e-07, -0.978673, 1.89954e-17
600, 0.605645, 1.34719e-07, -0.979798, 1.89954e-17
600, 0.615967, 1.41161e-07, -0.980719, 1.89954e-17
600, 0.626289, 1.46924e-07, -0.981476, 1.89954e-17
600, 0.636612, 1.52019e-07, -0.982097, 1.89954e-17
600, 0.646934, 1.56477e-07, -0.982607, 1.89954e-17
600, 0.657256, 1.60348e-07, -0.983027, 1.89954e-17
600, 0.667579, 1.63689e-07, -0.983373, 1.89954e-17
600, 0.677901, 1.66562e-07, -0.98366, 1.89954e-17
600, 0.688223, 1.69031e-07, -0.983898, 1.89954e-17
600, 0.698546, 1.71158e-07, -0.984099, 1.89954e-17
600, 0.708868, 1.73002e-07, -0.984268, 1.89954e-17
600, 0.71919, 1.74619e-07, -0.984414, 1.89954e-17
600, 0.729513, 1.76061e-07, -0.984541, 1.89954e-17
600, 0.739835, 1.77378e-07, -0.984656, 1.89954e-17
600, 0.750157, 1.78618e-07, -0.984763, 1.89954e-17
600, 0.76048, 1.79828e-07, -0.984865, 1.89954e-17
600, 0.770802, 1.81055e-07, -0.984968, 1.89954e-17
600, 0.781124, 1.8235e-07, -0.985075, 1.89954e-17
600, 0.791447, 1.83769e-07, -0.98519, 1.89954e-17
600, 0.801769, 1.85374e-07, -0.985318, 1.89954e-17
600, 0.812091, 1.87243e-07, -0.985465, 1.89954e-17
600, 0.822414, 1.89466e-07, -0.985635, 1.89954e-17
600, 0.832736, 1.92162e-07, -0.985837, 1.89954e-17
600, 0.843058, 1.95483e-07, -0.986077, 1.89954e-17
600, 0.853381, 1.99632e-07, -0.986367, 1.89954e-17
600, 0.863703, 2.04888e-07, -0.986716, 1.89954e-17
600, 0.874025, 2.11647e-07, -0.987141, 1.89954e-17
600, 0.884348, 2.20495e-07, -0.987657, 1.89954e-17
600, 0.89467, 2.32327e-07, -0.988285, 1.89954e-17
600, 0.904992, 2.48603e-07, -0.989052, 1.89954e-17
600, 0.915315, 2.71863e-07, -0.989989, 1.89954e-17
600, 0.925637, 3.06968e-07, -0.991134, 1.89954e-17
600, 0.935959, 3.64553e-07, -0.992534, 1.89954e-17
600, 0.946282, 4.73237e-07, -0.994249, 1.89954e-17
600, 0.956604, 7.45603e-07, -0.99635, 1.89954e-17
600, 0.966926, 2.53501e-06, -0.998926, 1.89954e-17
600, 0.977249, -1.30218e-06, -1.00209, 1.89954e-17
600, 0.987571, -4.55144e-07, -1.00598, 1.89954e-17
600, 0.997893, -2.52712e-07, -1.01077, 1.89954e-17
600, 1.00822, -1.63167e-07, -1.01668, 1.89954e-17
600, 1.01854, -1.13445e-07, -1.02399, 1.89954e-17
600, 1.02886, -8.23233e-08, -1.03306, 1.89954e-17
600, 1.03918, -6.13615e-08, -1.04435, 1.89954e-17
600, 1.0495, -4.65374e-08, -1.05848, 1.89954e-17
600, 1.05983, -3.56888e-08, -1.07626, 1.89954e-17
600, 1.07015, -2.7549e-08, -1.09879, 1.89954e-17
600, 1.08047, -2.13267e-08, -1.12762, 1.89954e-17
600, 1.09079, -1.6502e-08, -1.16493, 1.89954e-17
600, 1.10112, -1.27196e-08, -1.21397, 1.89954e-17
700, 0.0867403, 3.31241e-11, 75.0704, 7.98324e-18
700, 0.0967055, 3.90738e-11, 63.4874, 7.98324e-18
700, 0.106671, 4.6092e-11, 53.6682, 7.98324e-18
700, 0.116636, 5.43706e-11, 45.3443, 7.98324e-18
700, 0.126601, 6.41359e-11, 38.2879, 7.98324e-18
700, 0.136566, 7.56549e-11, 32.306, 7.98324e-18
700, 0.146531, 8.92423e-11, 27.2351, 7.98324e-18
700, 0.156497, 1.05269e-10, 22.9363, 7.98324e-18
700, 0.166462, 1.24174e-10, 19.2922, 7.98324e-18
700, 0.176427, 1.46473e-10, 16.2029, 7.98324e-18
700, 0.186392, 1.72774e-10, 13.5841, 7.98324e-18
700, 0.196357, 2.03796e-10, 11.3641, 7.98324e-18
700, 0.206323, 2.40386e-10, 9.48217, 7.98324e-18
700, 0.216288, 2.8354e-10, 7.88679, 7.98324e-18
700, 0.226253, 3.34437e-10, 6.53435, 7.98324e-18
700, 0.236218, 3.94461e-10, 5.38786, 7.98324e-18
700, 0.246183, 4.65248e-10, 4.41596, 7.98324e-18
700, 0.256149, 5.48723e-10, 3.59205, 7.98324e-18
700, 0.266114, 6.47154e-10, 2.89361, 7.98324e-18
700, 0.276079, 7.63213e-10, 2.30152, 7.98324e-18
700, 0.286044, 9.00045e-10, 1.7996, 7.98324e-18
700, 0.296009, 1.06135e-09, 1.37411, 7.98324e-18
700, 0.305975, 1.25149e-09, 1.01341, 7.98324e-18
700, 0.31594, 1.47559e-09, 0.707636, 7.98324e-18
700, 0.325905, 1.73966e-09, 0.448426, 7.98324e-18
700, 0.33587, 2.05078e-09, 0.228688, 7.98323e-18
700, 0.345835, 2.41725e-09, 0.0424107, 7.98323e-18
700, 0.355801, 2.8488e-09, -0.1155, 7.98324e-18
700, 0.365766, 3.35684e-09, -0.249365, 7.98323e-18
700, 0.375731, 3.95471e-09, -0.362845, 7.98324e-18
700, 0.385696, 4.65799e-09, -0.459045, 7.98324e-18
700, 0.395661, 5.48485e-09, -0.540595, 7.98324e-18
700, 0.405626, 6.45642e-09, -0.609728, 7.98324e-18
700, 0.415592, 7.59726e-09, -0.668333, 7.98324e-18
700, 0.425557, 8.93576e-09, -0.718013, 7.98324e-18
700, 0.435522, 1.05047e-08, -0.760129, 7.98324e-18
700, 0.445487, 1.23416e-08, -0.795831, 7.98324e-18
700, 0.455452, 1.44895e-08, -0.826097, 7.98324e-18
700, 0.465418, 1.69972e-08, -0.851754, 7.98324e-18
700, 0.475383, 1.99198e-08, -0.873505, 7.98324e-18
700, 0.485348, 2.33189e-08, -0.891943, 7.98324e-18
700, 0.495313, 2.72625e-08, -0.907574, 7.98324e-18
700, 0.505278, 3.18252e-08, -0.920825, 7.98324e-18
700, 0.515244, 3.70871e-08, -0.932058, 7.98324e-18
700, 0.525209, 4.31329e-08, -0.941581, 7.98324e-18
700, 0.535174, 5.00497e-08, -0.949655, 7.98324e-18
700, 0.545139, 5.79246e-08, -0.956499, 7.98324e-18
700, 0.555104, 6.68409e-08, -0.962302, 7.98324e-18
700, 0.56507, 7.68735e-08, -0.967222, 7.98324e-18
700, 0.575035, 8.80835e-08, -0.971393, 7.98324e-18
700, 0.585, 1.00512e-07, -0.974931, 7.98324e-18
700, 0.594965, 1.14174e-07, -0.97793, 7.98324e-18
700, 0.60493, 1.29052e-07, -0.980475, 7.98324e-18
700, 0.614896, 1.45091e-07, -0.982633, 7.98324e-18
700, 0.624861, 1.62198e-07, -0.984465, 7.98324e-18
700, 0.634826, 1.80239e-07, -0.98602, 7.98324e-18
700, 0.644791, 1.99044e-07, -0.987341, 7.98324e-18
700, 0.654756, 2.18415e-07, -0.988463, 7.98324e-18
700, 0.664722, 2.38137e-07, -0.989419, 7.98324e-18
700, 0.674687, 2.5799e-07, -0.990233, 7.98324e-18
700, 0.684652, 2.77764e-07, -0.990928, 7.98324e-18
700, 0.694617, 2.97276e-07, -0.991524, 7.98325e-18
700, 0.704582, 3.1638e-07, -0.992036, 7.98324e-18
700, 0.714548, 3.34979e-07, -0.992478, 7.98324e-18
700, 0.724513, 3.53034e-07, -0.992863, 7.98324e-18
700, 0.734478, 3.70567e-07, -0.9932, 7.98324e-18
700, 0.744443, 3.87669e-07, -0.9935, 7.98324e-18
700, 0.754408, 4.04497e-07, -0.993771, 7.98324e-18
700, 0.764374, 4.21288e-07, -0.994019, 7.98324e-18
700, 0.774339, 4.38359e-07, -0.994252, 7.98324e-18
700, 0.784304, 4.56131e-07, -0.994476, 7.98324e-18
700, 0.794269, 4.75152e-07, -0.994697, 7.98324e-18
700, 0.804234, 4.96142e-07, -0.994921, 7.98324e-18
700, 0.814199, 5.20078e-07, -0.995155, 7.98324e-18
700, 0.824165, 5.48321e-07, -0.995405, 7.98324e-18
700, 0.83413, 5.82845e-07, -0.995677, 7.98324e-18
700, 0.844095, 6.26675e-07, -0.995979, 7.98324e-18
700, 0.85406, 6.84719e-07, -0.99632, 7.98324e-18
700, 0.864025, 7.65598e-07, -0.996709, 7.98324e-18
700, 0.873991, 8.86053e-07, -0.997156, 7.98324e-18
700, 0.883956, 1.08363e-06, -0.997675, 7.98324e-18
700, 0.893921, 1.46389e-06, -0.998279, 7.98324e-18
700, 0.903886, 2.48281e-06, -0.998985, 7.98324e-18
700, 0.913851, 1.35247e-05, -0.999814, 7.98324e-18
700, 0.923817, -3.19856e-06, -1.00079, 7.98324e-18
700, 0.933782, -1.30223e-06, -1.00193, 7.98324e-18
700, 0.943747, -7.66372e-07, -1.00329, 7.98324e-18
700, 0.953712, -5.15766e-07, -1.00489, 7.98324e-18
700, 0.963677, -3.71981e-07, -1.00677, 7.98324e-18
700, 0.973643, -2.79712e-07, -1.00901, 7.98324e-18
700, 0.983608, -2.16192e-07, -1.01166, 7.98324e-18
700, 0.993573, -1.70327e-07, -1.01479, 7.98324e-18
700, 1.00354, -1.36059e-07, -1.01852, 7.98324e-18
700, 1.0135, -1.09798e-07, -1.02295, 7.98324e-18
700, 1.02347, -8.92809e-08, -1.02822, 7.98324e-18
700, 1.03343, -7.30081e-08, -1.03451, 7.98324e-18
700, 1.0434, -5.99473e-08, -1.04203, 7.98324e-18
700, 1.05336, -4.93642e-08, -1.05104, 7.98324e-18
700, 1.06333, -4.07226e-08, -1.06188, 7.98324e-18
700, 1.07329, -3.36219e-08, -1.07494, 7.98324e-18
700, 1.08326, -2.77573e-08, -1.09078, 7.98324e-18
