Temperature, Et, NtSigman, k, chi2
463, 0.0461313, 0.0120539, 6006.34, 0.00141397
463, 0.0569086, 0.00920096, 4584.52, 0.00141397
463, 0.067686, 0.00702338, 3499.27, 0.00141397
463, 0.0784634, 0.00536126, 2670.91, 0.00141397
463, 0.0892408, 0.00409259, 2038.64, 0.00141397
463, 0.100018, 0.00312423, 1556.03, 0.00141397
463, 0.110796, 0.00238509, 1187.67, 0.00141397
463, 0.121573, 0.00182092, 906.499, 0.00141397
463, 0.13235, 0.0013903, 691.887, 0.00141397
463, 0.143128, 0.00106161, 528.077, 0.00141397
463, 0.153905, 0.000810722, 403.043, 0.00141397
463, 0.164682, 0.000619226, 307.606, 0.00141397
463, 0.17546, 0.000473059, 234.761, 0.00141397
463, 0.186237, 0.000361493, 179.159, 0.00141397
463, 0.197015, 0.000276335, 136.718, 0.00141397
463, 0.207792, 0.000211336, 104.324, 0.00141397
463, 0.218569, 0.000161723, 79.5984, 0.00141397
463, 0.229347, 0.000123854, 60.7254, 0.00141397
463, 0.240124, 9.49487e-05, 46.32, 0.00141397
463, 0.250901, 7.2886e-05, 35.3245, 0.00141397
463, 0.261679, 5.60458e-05, 26.9318, 0.00141397
463, 0.272456, 4.3192e-05, 20.5258, 0.00141397
463, 0.283234, 3.33808e-05, 15.6361, 0.00141397
463, 0.294011, 2.58921e-05, 11.904, 0.00141397
463, 0.304788, 2.01761e-05, 9.05523, 0.00141397
463, 0.315566, 1.58131e-05, 6.88084, 0.00141397
463, 0.326343, 1.24829e-05, 5.22115, 0.00141397
463, 0.33712, 9.94101e-06, 3.95434, 0.00141397
463, 0.347898, 8.00082e-06, 2.9874, 0.00141397
463, 0.358675, 6.5199e-06, 2.24935, 0.00141397
463, 0.369453, 5.38953e-06, 1.686, 0.00141397
463, 0.38023, 4.52674e-06, 1.25601, 0.00141397
463, 0.391007, 3.86818e-06, 0.927803, 0.00141397
463, 0.401785, 3.36552e-06, 0.677286, 0.00141397
463, 0.412562, 2.98184e-06, 0.486071, 0.00141397
463, 0.423339, 2.68898e-06, 0.340118, 0.00141397
463, 0.434117, 2.46545e-06, 0.228715, 0.00141397
463, 0.444894, 2.29483e-06, 0.143682, 0.00141397
463, 0.455672, 2.1646e-06, 0.0787783, 0.00141397
463, 0.466449, 2.06519e-06, 0.0292379, 0.00141397
463, 0.477226, 1.98932e-06, -0.00857571, 0.00141397
463, 0.488004, 1.9314e-06, -0.0374383, 0.00141397
463, 0.498781, 1.8872e-06, -0.0594687, 0.00141397
463, 0.509558, 1.85346e-06, -0.0762842, 0.00141397
463, 0.520336, 1.8277e-06, -0.0891193, 0.00141397
463, 0.531113, 1.80805e-06, -0.0989161, 0.00141397
463, 0.541891, 1.79304e-06, -0.106394, 0.00141397
463, 0.552668, 1.78159e-06, -0.112102, 0.00141397
463, 0.563445, 1.77285e-06, -0.116459, 0.00141397
463, 0.574223, 1.76617e-06, -0.119784, 0.00141397
463, 0.585, 1.76108e-06, -0.122323, 0.00141397
463, 0.595777, 1.75719e-06, -0.12426, 0.00141397
463, 0.606555, 1.75423e-06, -0.12574, 0.00141397
463, 0.617332, 1.75196e-06, -0.126869, 0.00141397
463, 0.628109, 1.75023e-06, -0.127731, 0.00141397
463, 0.638887, 1.74891e-06, -0.12839, 0.00141397
463, 0.649664, 1.7479e-06, -0.128893, 0.00141397
463, 0.660442, 1.74712e-06, -0.129279, 0.00141397
463, 0.671219, 1.74653e-06, -0.129574, 0.00141397
463, 0.681996, 1.74608e-06, -0.1298, 0.00141397
463, 0.692774, 1.74573e-06, -0.129975, 0.00141397
463, 0.703551, 1.74545e-06, -0.130111, 0.00141397
463, 0.714328, 1.74524e-06, -0.130218, 0.00141397
463, 0.725106, 1.74507e-06, -0.130303, 0.00141397
463, 0.735883, 1.74493e-06, -0.130374, 0.00141397
463, 0.746661, 1.7448e-06, -0.130435, 0.00141397
463, 0.757438, 1.74469e-06, -0.130491, 0.00141397
463, 0.768215, 1.74458e-06, -0.130546, 0.00141397
463, 0.778993, 1.74446e-06, -0.130604, 0.00141397
463, 0.78977, 1.74433e-06, -0.13067, 0.00141397
463, 0.800547, 1.74418e-06, -0.130747, 0.00141397
463, 0.811325, 1.74399e-06, -0.130842, 0.00141397
463, 0.822102, 1.74374e-06, -0.130963, 0.00141397
463, 0.83288, 1.74344e-06, -0.131117, 0.00141397
463, 0.843657, 1.74303e-06, -0.131317, 0.00141397
463, 0.854434, 1.74251e-06, -0.131577, 0.00141397
463, 0.865212, 1.74183e-06, -0.131918, 0.00141397
463, 0.875989, 1.74093e-06, -0.132367, 0.00141397
463, 0.886766, 1.73974e-06, -0.132958, 0.00141397
463, 0.897544, 1.73817e-06, -0.13374, 0.00141397
463, 0.908321, 1.73609e-06, -0.134777, 0.00141397
463, 0.919099, 1.73331e-06, -0.136161, 0.00141397
463, 0.929876, 1.72959e-06, -0.138017, 0.00141397
463, 0.940653, 1.72456e-06, -0.140526, 0.00141397
463, 0.951431, 1.71768e-06, -0.143954, 0.00141397
463, 0.962208, 1.70814e-06, -0.148708, 0.00141397
463, 0.972985, 1.69465e-06, -0.155431, 0.00141397
463, 0.983763, 1.67501e-06, -0.165217, 0.00141397
463, 0.99454, 1.64521e-06, -0.180071, 0.00141397
463, 1.00532, 1.59697e-06, -0.204112, 0.00141397
463, 1.01609, 1.51014e-06, -0.247383, 0.00141397
463, 1.02687, 1.31926e-06, -0.342514, 0.00141397
463, 1.03765, 6.21467e-07, -0.690277, 0.00141397
463, 1.04843, 6.20107e-06, 2.09045, 0.00141397
463, 1.0592, 2.67469e-06, 0.332995, 0.00141397
463, 1.06998, 2.32448e-06, 0.158461, 0.00141397
463, 1.08076, 2.19503e-06, 0.0939484, 0.00141397
463, 1.09154, 2.12946e-06, 0.0612689, 0.00141397
463, 1.10231, 2.09098e-06, 0.0420884, 0.00141397
463, 1.11309, 2.06641e-06, 0.0298469, 0.00141397
463, 1.12387, 2.04989e-06, 0.0216118, 0.00141397
453, 0.0445656, 0.0119869, 6054.36, 0.00140514
453, 0.0553743, 0.00908816, 4590.03, 0.00140514
453, 0.066183, 0.00689053, 3479.86, 0.00140514
453, 0.0769917, 0.00522442, 2638.2, 0.00140514
453, 0.0878003, 0.00396128, 2000.1, 0.00140514
453, 0.098609, 0.00300364, 1516.34, 0.00140514
453, 0.109418, 0.00227761, 1149.57, 0.00140514
453, 0.120226, 0.00172718, 871.515, 0.00140514
453, 0.131035, 0.00130988, 660.708, 0.00140514
453, 0.141844, 0.000993511, 500.888, 0.00140514
453, 0.152652, 0.000753656, 379.721, 0.00140514
453, 0.163461, 0.000571813, 287.86, 0.00140514
453, 0.17427, 0.00043395, 218.217, 0.00140514
453, 0.185079, 0.000329431, 165.417, 0.00140514
453, 0.195887, 0.000250191, 125.388, 0.00140514
453, 0.206696, 0.000190116, 95.0399, 0.00140514
453, 0.217505, 0.00014457, 72.032, 0.00140514
453, 0.228313, 0.000110041, 54.5887, 0.00140514
453, 0.239122, 8.38622e-05, 41.3643, 0.00140514
453, 0.249931, 6.40154e-05, 31.3384, 0.00140514
453, 0.260739, 4.89687e-05, 23.7373, 0.00140514
453, 0.271548, 3.75612e-05, 17.9746, 0.00140514
453, 0.282357, 2.89128e-05, 13.6057, 0.00140514
453, 0.293165, 2.2356e-05, 10.2935, 0.00140514
453, 0.303974, 1.73851e-05, 7.78235, 0.00140514
453, 0.314783, 1.36164e-05, 5.87855, 0.00140514
453, 0.325591, 1.07593e-05, 4.43521, 0.00140514
453, 0.3364, 8.59313e-06, 3.34095, 0.00140514
453, 0.347209, 6.95089e-06, 2.51135, 0.00140514
453, 0.358018, 5.70585e-06, 1.8824, 0.00140514
453, 0.368826, 4.76194e-06, 1.40557, 0.00140514
453, 0.379635, 4.04632e-06, 1.04406, 0.00140514
453, 0.390444, 3.50378e-06, 0.76999, 0.00140514
453, 0.401252, 3.09246e-06, 0.562205, 0.00140514
453, 0.412061, 2.78062e-06, 0.404675, 0.00140514
453, 0.42287, 2.5442e-06, 0.285245, 0.00140514
453, 0.433678, 2.36497e-06, 0.194701, 0.00140514
453, 0.444487, 2.22908e-06, 0.126055, 0.00140514
453, 0.455296, 2.12606e-06, 0.0740124, 0.00140514
453, 0.466104, 2.04795e-06, 0.0345567, 0.00140514
453, 0.476913, 1.98874e-06, 0.00464396, 0.00140514
453, 0.487722, 1.94385e-06, -0.0180344, 0.00140514
453, 0.49853, 1.90981e-06, -0.0352277, 0.00140514
453, 0.509339, 1.88401e-06, -0.0482626, 0.00140514
453, 0.520148, 1.86445e-06, -0.0581449, 0.00140514
453, 0.530957, 1.84962e-06, -0.0656371, 0.00140514
453, 0.541765, 1.83837e-06, -0.0713172, 0.00140514
453, 0.552574, 1.82985e-06, -0.0756235, 0.00140514
453, 0.563383, 1.82338e-06, -0.0788884, 0.00140514
453, 0.574191, 1.81848e-06, -0.0813636, 0.00140514
453, 0.585, 1.81477e-06, -0.0832403, 0.00140514
453, 0.595809, 1.81195e-06, -0.0846631, 0.00140514
453, 0.606617, 1.80982e-06, -0.085742, 0.00140514
453, 0.617426, 1.8082e-06, -0.0865601, 0.00140514
453, 0.628235, 1.80697e-06, -0.0871804, 0.00140514
453, 0.639043, 1.80604e-06, -0.0876511, 0.00140514
453, 0.649852, 1.80533e-06, -0.0880081, 0.00140514
453, 0.660661, 1.80479e-06, -0.0882793, 0.00140514
453, 0.67147, 1.80439e-06, -0.0884855, 0.00140514
453, 0.682278, 1.80408e-06, -0.0886426, 0.00140514
453, 0.693087, 1.80384e-06, -0.0887626, 0.00140514
453, 0.703896, 1.80365e-06, -0.088855, 0.00140514
453, 0.714704, 1.80351e-06, -0.0889268, 0.00140514
453, 0.725513, 1.8034e-06, -0.0889836, 0.00140514
453, 0.736322, 1.80331e-06, -0.0890297, 0.00140514
453, 0.74713, 1.80323e-06, -0.0890686, 0.00140514
453, 0.757939, 1.80316e-06, -0.0891035, 0.00140514
453, 0.768748, 1.8031e-06, -0.089137, 0.00140514
453, 0.779556, 1.80303e-06, -0.0891716, 0.00140514
453, 0.790365, 1.80295e-06, -0.0892102, 0.00140514
453, 0.801174, 1.80286e-06, -0.0892555, 0.00140514
453, 0.811982, 1.80275e-06, -0.0893113, 0.00140514
453, 0.822791, 1.80261e-06, -0.0893817, 0.00140514
453, 0.8336, 1.80243e-06, -0.0894725, 0.00140514
453, 0.844409, 1.8022e-06, -0.0895906, 0.00140514
453, 0.855217, 1.80189e-06, -0.0897455, 0.00140514
453, 0.866026, 1.80149e-06, -0.0899496, 0.00140514
453, 0.876835, 1.80095e-06, -0.0902194, 0.00140514
453, 0.887643, 1.80025e-06, -0.0905772, 0.00140514
453, 0.898452, 1.7993e-06, -0.0910529, 0.00140514
453, 0.909261, 1.79805e-06, -0.0916879, 0.00140514
453, 0.920069, 1.79636e-06, -0.0925387, 0.00140514
453, 0.930878, 1.79409e-06, -0.0936852, 0.00140514
453, 0.941687, 1.79101e-06, -0.0952414, 0.00140514
453, 0.952495, 1.78679e-06, -0.0973748, 0.00140514
453, 0.963304, 1.78092e-06, -0.100339, 0.00140514
453, 0.974113, 1.77261e-06, -0.104537, 0.00140514
453, 0.984921, 1.76053e-06, -0.110643, 0.00140514
453, 0.99573, 1.74224e-06, -0.119877, 0.00140514
453, 1.00654, 1.71289e-06, -0.134708, 0.00140514
453, 1.01735, 1.66089e-06, -0.160976, 0.00140514
453, 1.02816, 1.55055e-06, -0.216717, 0.00140514
453, 1.03896, 1.18987e-06, -0.398917, 0.00140514
453, 1.04977, 9.22856e-06, 3.66196, 0.00140514
453, 1.06058, 2.482e-06, 0.253822, 0.00140514
453, 1.07139, 2.20511e-06, 0.113945, 0.00140514
453, 1.0822, 2.11016e-06, 0.0659825, 0.00140514
453, 1.09301, 2.06353e-06, 0.0424268, 0.00140514
453, 1.10382, 2.03665e-06, 0.0288444, 0.00140514
453, 1.11463, 2.01969e-06, 0.0202805, 0.00140514
453, 1.12543, 2.0084e-06, 0.0145734, 0.00140514
443, 0.0430147, 0.0123924, 6176.81, 0.00148669
443, 0.0538544, 0.00932955, 4649.92, 0.00148669
443, 0.0646941, 0.0070238, 3500.47, 0.00148669
443, 0.0755338, 0.00528803, 2635.16, 0.00148669
443, 0.0863735, 0.00398133, 1983.75, 0.00148669
443, 0.0972133, 0.00299764, 1493.37, 0.00148669
443, 0.108053, 0.00225711, 1124.2, 0.00148669
443, 0.118893, 0.00169964, 846.297, 0.00148669
443, 0.129732, 0.00127998, 637.087, 0.00148669
443, 0.140572, 0.000964051, 479.594, 0.00148669
443, 0.151412, 0.000726221, 361.032, 0.00148669
443, 0.162251, 0.000547181, 271.778, 0.00148669
443, 0.173091, 0.0004124, 204.587, 0.00148669
443, 0.183931, 0.000310935, 154.006, 0.00148669
443, 0.194771, 0.000234553, 115.928, 0.00148669
443, 0.20561, 0.000177052, 87.2628, 0.00148669
443, 0.21645, 0.000133765, 65.6836, 0.00148669
443, 0.22729, 0.000101178, 49.4387, 0.00148669
443, 0.238129, 7.66465e-05, 37.2094, 0.00148669
443, 0.248969, 5.81792e-05, 28.0032, 0.00148669
443, 0.259809, 4.42769e-05, 21.0727, 0.00148669
443, 0.270649, 3.38112e-05, 15.8554, 0.00148669
443, 0.281488, 2.59326e-05, 11.9278, 0.00148669
443, 0.292328, 2.00015e-05, 8.97105, 0.00148669
443, 0.303168, 1.55366e-05, 6.74522, 0.00148669
443, 0.314007, 1.21754e-05, 5.06961, 0.00148669
443, 0.324847, 9.64506e-06, 3.80821, 0.00148669
443, 0.335687, 7.74022e-06, 2.85861, 0.00148669
443, 0.346526, 6.30625e-06, 2.14376, 0.00148669
443, 0.357366, 5.22675e-06, 1.60561, 0.00148669
443, 0.368206, 4.41409e-06, 1.20049, 0.00148669
443, 0.379046, 3.80233e-06, 0.895515, 0.00148669
443, 0.389885, 3.34178e-06, 0.665928, 0.00148669
443, 0.400725, 2.99509e-06, 0.493094, 0.00148669
443, 0.411565, 2.73409e-06, 0.362984, 0.00148669
443, 0.422404, 2.53761e-06, 0.265037, 0.00148669
443, 0.433244, 2.3897e-06, 0.191302, 0.00148669
443, 0.444084, 2.27836e-06, 0.135794, 0.00148669
443, 0.454924, 2.19453e-06, 0.0940073, 0.00148669
443, 0.465763, 2.13143e-06, 0.0625502, 0.00148669
443, 0.476603, 2.08393e-06, 0.0388691, 0.00148669
443, 0.487443, 2.04817e-06, 0.0210418, 0.00148669
443, 0.498282, 2.02125e-06, 0.00762132, 0.00148669
443, 0.509122, 2.00098e-06, -0.00248191, 0.00148669
443, 0.519962, 1.98573e-06, -0.0100867, 0.00148669
443, 0.530801, 1.97424e-06, -0.0158125, 0.00148669
443, 0.541641, 1.96559e-06, -0.0201227, 0.00148669
443, 0.552481, 1.95909e-06, -0.0233675, 0.00148669
443, 0.563321, 1.95419e-06, -0.02581, 0.00148669
443, 0.57416, 1.9505e-06, -0.027649, 0.00148669
443, 0.585, 1.94772e-06, -0.0290332, 0.00148669
443, 0.59584, 1.94563e-06, -0.0300754, 0.00148669
443, 0.606679, 1.94406e-06, -0.03086, 0.00148669
443, 0.617519, 1.94287e-06, -0.0314506, 0.00148669
443, 0.628359, 1.94198e-06, -0.0318953, 0.00148669
443, 0.639199, 1.94131e-06, -0.0322301, 0.00148669
443, 0.650038, 1.9408e-06, -0.0324823, 0.00148669
443, 0.660878, 1.94042e-06, -0.0326722, 0.00148669
443, 0.671718, 1.94013e-06, -0.0328154, 0.00148669
443, 0.682557, 1.93992e-06, -0.0329234, 0.00148669
443, 0.693397, 1.93975e-06, -0.033005, 0.00148669
443, 0.704237, 1.93963e-06, -0.0330669, 0.00148669
443, 0.715076, 1.93953e-06, -0.033114, 0.00148669
443, 0.725916, 1.93946e-06, -0.0331502, 0.00148669
443, 0.736756, 1.9394e-06, -0.0331783, 0.00148669
443, 0.747596, 1.93936e-06, -0.0332008, 0.00148669
443, 0.758435, 1.93932e-06, -0.0332194, 0.00148669
443, 0.769275, 1.93929e-06, -0.0332356, 0.00148669
443, 0.780115, 1.93926e-06, -0.0332507, 0.00148669
443, 0.790954, 1.93923e-06, -0.033266, 0.00148669
443, 0.801794, 1.9392e-06, -0.0332827, 0.00148669
443, 0.812634, 1.93916e-06, -0.0333022, 0.00148669
443, 0.823474, 1.93911e-06, -0.033326, 0.00148669
443, 0.834313, 1.93905e-06, -0.0333563, 0.00148669
443, 0.845153, 1.93897e-06, -0.0333953, 0.00148669
443, 0.855993, 1.93887e-06, -0.0334466, 0.00148669
443, 0.866832, 1.93873e-06, -0.0335139, 0.00148669
443, 0.877672, 1.93855e-06, -0.0336035, 0.00148669
443, 0.888512, 1.93831e-06, -0.0337228, 0.00148669
443, 0.899351, 1.93799e-06, -0.0338822, 0.00148669
443, 0.910191, 1.93756e-06, -0.0340963, 0.00148669
443, 0.921031, 1.93699e-06, -0.0343846, 0.00148669
443, 0.931871, 1.9362e-06, -0.0347751, 0.00148669
443, 0.94271, 1.93513e-06, -0.0353077, 0.00148669
443, 0.95355, 1.93366e-06, -0.0360408, 0.00148669
443, 0.96439, 1.93161e-06, -0.037063, 0.00148669
443, 0.975229, 1.9287e-06, -0.038514, 0.00148669
443, 0.986069, 1.92446e-06, -0.0406267, 0.00148669
443, 0.996909, 1.91806e-06, -0.0438197, 0.00148669
443, 1.00775, 1.90781e-06, -0.0489278, 0.00148669
443, 1.01859, 1.88983e-06, -0.0578924, 0.00148669
443, 1.02943, 1.85247e-06, -0.076515, 0.00148669
443, 1.04027, 1.73795e-06, -0.133605, 0.00148669
443, 1.05111, 0.068836, 34357.9, 0.00148665
443, 1.06195, 2.2109e-06, 0.102168, 0.00148669
443, 1.07279, 2.09364e-06, 0.0437102, 0.00148669
443, 1.08363, 2.05578e-06, 0.0248345, 0.00148669
443, 1.09447, 2.03762e-06, 0.0157816, 0.00148669
443, 1.10531, 2.02729e-06, 0.0106329, 0.00148669
443, 1.11615, 2.02084e-06, 0.00741808, 0.00148669
443, 1.12699, 2.01658e-06, 0.00529245, 0.00148669
433, 0.0414791, 0.012929, 6397.52, 0.00146078
433, 0.0523495, 0.00966199, 4780.67, 0.00146078
433, 0.0632199, 0.00722063, 3572.45, 0.00146078
433, 0.0740903, 0.00539628, 2669.59, 0.00146078
433, 0.0849608, 0.004033, 1994.91, 0.00146078
433, 0.0958312, 0.00301426, 1490.74, 0.00146078
433, 0.106702, 0.002253, 1114, 0.00146078
433, 0.117572, 0.00168412, 832.465, 0.00146078
433, 0.128442, 0.00125902, 622.085, 0.00146078
433, 0.139313, 0.000941362, 464.875, 0.00146078
433, 0.150183, 0.000703982, 347.397, 0.00146078
433, 0.161054, 0.000526596, 259.61, 0.00146078
433, 0.171924, 0.000394041, 194.009, 0.00146078
433, 0.182795, 0.000294986, 144.987, 0.00146078
433, 0.193665, 0.000220966, 108.355, 0.00146078
433, 0.204535, 0.000165654, 80.9812, 0.00146078
433, 0.215406, 0.00012432, 60.5255, 0.00146078
433, 0.226276, 9.3433e-05, 45.2395, 0.00146078
433, 0.237147, 7.0352e-05, 33.8169, 0.00146078
433, 0.248017, 5.31043e-05, 25.2811, 0.00146078
433, 0.258887, 4.02156e-05, 18.9025, 0.00146078
433, 0.269758, 3.05843e-05, 14.136, 0.00146078
433, 0.280628, 2.33872e-05, 10.5742, 0.00146078
433, 0.291499, 1.8009e-05, 7.91256, 0.00146078
433, 0.302369, 1.399e-05, 5.9236, 0.00146078
433, 0.31324, 1.09868e-05, 4.43731, 0.00146078
433, 0.32411, 8.74258e-06, 3.32666, 0.00146078
433, 0.33498, 7.06554e-06, 2.4967, 0.00146078
433, 0.345851, 5.81234e-06, 1.8765, 0.00146078
433, 0.356721, 4.87587e-06, 1.41304, 0.00146078
433, 0.367592, 4.17607e-06, 1.06672, 0.00146078
433, 0.378462, 3.65314e-06, 0.807919, 0.00146078
433, 0.389332, 3.26236e-06, 0.614527, 0.00146078
433, 0.400203, 2.97035e-06, 0.470012, 0.00146078
433, 0.411073, 2.75214e-06, 0.36202, 0.00146078
433, 0.421944, 2.58908e-06, 0.281321, 0.00146078
433, 0.432814, 2.46722e-06, 0.221018, 0.00146078
433, 0.443685, 2.37617e-06, 0.175955, 0.00146078
433, 0.454555, 2.30813e-06, 0.142281, 0.00146078
433, 0.465425, 2.25728e-06, 0.117117, 0.00146078
433, 0.476296, 2.21928e-06, 0.0983129, 0.00146078
433, 0.487166, 2.19089e-06, 0.0842613, 0.00146078
433, 0.498037, 2.16967e-06, 0.073761, 0.00146078
433, 0.508907, 2.15382e-06, 0.0659145, 0.00146078
433, 0.519777, 2.14197e-06, 0.060051, 0.00146078
433, 0.530648, 2.13312e-06, 0.0556694, 0.00146078
433, 0.541518, 2.1265e-06, 0.0523952, 0.00146078
433, 0.552389, 2.12156e-06, 0.0499485, 0.00146078
433, 0.563259, 2.11786e-06, 0.0481202, 0.00146078
433, 0.57413, 2.1151e-06, 0.0467539, 0.00146078
433, 0.585, 2.11304e-06, 0.045733, 0.00146078
433, 0.59587, 2.1115e-06, 0.0449702, 0.00146078
433, 0.606741, 2.11035e-06, 0.0444001, 0.00146078
433, 0.617611, 2.10949e-06, 0.0439741, 0.00146078
433, 0.628482, 2.10884e-06, 0.0436559, 0.00146078
433, 0.639352, 2.10836e-06, 0.0434181, 0.00146078
433, 0.650223, 2.108e-06, 0.0432406, 0.00146078
433, 0.661093, 2.10774e-06, 0.0431081, 0.00146078
433, 0.671963, 2.10754e-06, 0.0430092, 0.00146078
433, 0.682834, 2.10739e-06, 0.0429355, 0.00146078
433, 0.693704, 2.10728e-06, 0.0428809, 0.00146078
433, 0.704575, 2.10719e-06, 0.0428404, 0.00146078
433, 0.715445, 2.10713e-06, 0.0428107, 0.00146078
433, 0.726315, 2.10709e-06, 0.0427892, 0.00146078
433, 0.737186, 2.10706e-06, 0.0427742, 0.00146078
433, 0.748056, 2.10704e-06, 0.0427643, 0.00146078
433, 0.758927, 2.10703e-06, 0.0427588, 0.00146078
433, 0.769797, 2.10703e-06, 0.042757, 0.00146078
433, 0.780668, 2.10703e-06, 0.0427589, 0.00146078
433, 0.791538, 2.10704e-06, 0.0427647, 0.00146078
433, 0.802408, 2.10706e-06, 0.0427748, 0.00146078
433, 0.813279, 2.10709e-06, 0.0427901, 0.00146078
433, 0.824149, 2.10714e-06, 0.042812, 0.00146078
433, 0.83502, 2.1072e-06, 0.0428422, 0.00146078
433, 0.84589, 2.10728e-06, 0.0428834, 0.00146078
433, 0.85676, 2.10739e-06, 0.0429394, 0.00146078
433, 0.867631, 2.10755e-06, 0.0430149, 0.00146078
433, 0.878501, 2.10775e-06, 0.0431167, 0.00146078
433, 0.889372, 2.10803e-06, 0.0432538, 0.00146078
433, 0.900242, 2.1084e-06, 0.0434389, 0.00146078
433, 0.911113, 2.10891e-06, 0.0436894, 0.00146078
433, 0.921983, 2.1096e-06, 0.0440291, 0.00146078
433, 0.932853, 2.11053e-06, 0.0444921, 0.00146078
433, 0.943724, 2.11182e-06, 0.0451272, 0.00146078
433, 0.954594, 2.11359e-06, 0.0460061, 0.00146078
433, 0.965465, 2.11608e-06, 0.0472373, 0.00146078
433, 0.976335, 2.11962e-06, 0.048992, 0.00146078
433, 0.987205, 2.1248e-06, 0.0515546, 0.00146078
433, 0.998076, 2.13264e-06, 0.055435, 0.00146078
433, 1.00895, 2.14519e-06, 0.0616438, 0.00146078
433, 1.01982, 2.16715e-06, 0.0725123, 0.00146078
433, 1.03069, 2.2124e-06, 0.0949042, 0.00146078
433, 1.04156, 2.34745e-06, 0.161742, 0.00146078
433, 1.05243, 7.70015e-06, 2.81077, 0.00146078
433, 1.0633, 1.74911e-06, -0.134375, 0.00146078
433, 1.07417, 1.9076e-06, -0.0559388, 0.00146078
433, 1.08504, 1.95717e-06, -0.0314064, 0.00146078
433, 1.09591, 1.98064e-06, -0.0197913, 0.00146078
433, 1.10678, 1.99388e-06, -0.013239, 0.00146078
433, 1.11765, 2.00209e-06, -0.00917446, 0.00146078
433, 1.12852, 2.00749e-06, -0.00650278, 0.00146078
418, 0.0392051, 0.0140094, 6821.66, 0.00154482
418, 0.050121, 0.0103475, 5038.27, 0.00154482
418, 0.0610369, 0.00764291, 3721.13, 0.00154482
418, 0.0719528, 0.00564541, 2748.34, 0.00154482
418, 0.0828687, 0.00417013, 2029.87, 0.00154482
418, 0.0937846, 0.00308054, 1499.24, 0.00154482
418, 0.104701, 0.00227581, 1107.33, 0.00154482
418, 0.115616, 0.00168146, 817.881, 0.00154482
418, 0.126532, 0.0012425, 604.105, 0.00154482
418, 0.137448, 0.000918303, 446.218, 0.00154482
418, 0.148364, 0.000678861, 329.608, 0.00154482
418, 0.15928, 0.000502017, 243.485, 0.00154482
418, 0.170196, 0.000371407, 179.877, 0.00154482
418, 0.181112, 0.000274943, 132.899, 0.00154482
418, 0.192028, 0.000203699, 98.2022, 0.00154482
418, 0.202944, 0.00015108, 72.5766, 0.00154482
418, 0.21386, 0.000112218, 53.6505, 0.00154482
418, 0.224775, 8.35154e-05, 39.6724, 0.00154482
418, 0.235691, 6.2317e-05, 29.3487, 0.00154482
418, 0.246607, 4.66606e-05, 21.724, 0.00154482
418, 0.257523, 3.50974e-05, 16.0926, 0.00154482
418, 0.268439, 2.65572e-05, 11.9335, 0.00154482
418, 0.279355, 2.02498e-05, 8.86173, 0.00154482
418, 0.290271, 1.55913e-05, 6.59304, 0.00154482
418, 0.301187, 1.21507e-05, 4.91747, 0.00154482
418, 0.312103, 9.60966e-06, 3.67995, 0.00154482
418, 0.323018, 7.73292e-06, 2.76597, 0.00154482
418, 0.333934, 6.34682e-06, 2.09093, 0.00154482
418, 0.34485, 5.3231e-06, 1.59238, 0.00154482
418, 0.355766, 4.56702e-06, 1.22416, 0.00154482
418, 0.366682, 4.0086e-06, 0.95221, 0.00154482
418, 0.377598, 3.59618e-06, 0.751357, 0.00154482
418, 0.388514, 3.29158e-06, 0.603015, 0.00154482
418, 0.39943, 3.06661e-06, 0.493455, 0.00154482
418, 0.410346, 2.90046e-06, 0.412537, 0.00154482
418, 0.421262, 2.77774e-06, 0.352775, 0.00154482
418, 0.432177, 2.68711e-06, 0.308637, 0.00154482
418, 0.443093, 2.62017e-06, 0.276037, 0.00154482
418, 0.454009, 2.57074e-06, 0.251961, 0.00154482
418, 0.464925, 2.53422e-06, 0.234179, 0.00154482
418, 0.475841, 2.50726e-06, 0.221046, 0.00154482
418, 0.486757, 2.48734e-06, 0.211346, 0.00154482
418, 0.497673, 2.47263e-06, 0.204183, 0.00154482
418, 0.508589, 2.46177e-06, 0.198892, 0.00154482
418, 0.519505, 2.45374e-06, 0.194984, 0.00154482
418, 0.530421, 2.44782e-06, 0.192098, 0.00154482
418, 0.541336, 2.44344e-06, 0.189966, 0.00154482
418, 0.552252, 2.44021e-06, 0.188392, 0.00154482
418, 0.563168, 2.43782e-06, 0.18723, 0.00154482
418, 0.574084, 2.43606e-06, 0.186371, 0.00154482
418, 0.585, 2.43475e-06, 0.185737, 0.00154482
418, 0.595916, 2.43379e-06, 0.185268, 0.00154482
418, 0.606832, 2.43308e-06, 0.184923, 0.00154482
418, 0.617748, 2.43256e-06, 0.184667, 0.00154482
418, 0.628664, 2.43217e-06, 0.184479, 0.00154482
418, 0.639579, 2.43189e-06, 0.18434, 0.00154482
418, 0.650495, 2.43168e-06, 0.184238, 0.00154482
418, 0.661411, 2.43152e-06, 0.184163, 0.00154482
418, 0.672327, 2.43141e-06, 0.184108, 0.00154482
418, 0.683243, 2.43133e-06, 0.184068, 0.00154482
418, 0.694159, 2.43127e-06, 0.184039, 0.00154482
418, 0.705075, 2.43123e-06, 0.18402, 0.00154482
418, 0.715991, 2.4312e-06, 0.184007, 0.00154482
418, 0.726907, 2.43119e-06, 0.184, 0.00154482
418, 0.737823, 2.43118e-06, 0.183998, 0.00154482
418, 0.748738, 2.43119e-06, 0.184001, 0.00154482
418, 0.759654, 2.4312e-06, 0.184009, 0.00154482
418, 0.77057, 2.43123e-06, 0.184023, 0.00154482
418, 0.781486, 2.43128e-06, 0.184044, 0.00154482
418, 0.792402, 2.43134e-06, 0.184075, 0.00154482
418, 0.803318, 2.43143e-06, 0.184117, 0.00154482
418, 0.814234, 2.43155e-06, 0.184176, 0.00154482
418, 0.82515, 2.43171e-06, 0.184256, 0.00154482
418, 0.836066, 2.43194e-06, 0.184365, 0.00154482
418, 0.846982, 2.43224e-06, 0.184513, 0.00154482
418, 0.857897, 2.43265e-06, 0.184714, 0.00154482
418, 0.868813, 2.43321e-06, 0.184987, 0.00154482
418, 0.879729, 2.43398e-06, 0.185359, 0.00154482
418, 0.890645, 2.43502e-06, 0.185864, 0.00154482
418, 0.901561, 2.43643e-06, 0.186553, 0.00154482
418, 0.912477, 2.43836e-06, 0.187494, 0.00154482
418, 0.923393, 2.44101e-06, 0.188784, 0.00154482
418, 0.934309, 2.44465e-06, 0.190558, 0.00154482
418, 0.945225, 2.4497e-06, 0.193014, 0.00154482
418, 0.95614, 2.45674e-06, 0.196443, 0.00154482
418, 0.967056, 2.46668e-06, 0.201284, 0.00154482
418, 0.977972, 2.48094e-06, 0.208232, 0.00154482
418, 0.988888, 2.50191e-06, 0.218441, 0.00154482
418, 0.999804, 2.5338e-06, 0.233973, 0.00154482
418, 1.01072, 2.58498e-06, 0.258899, 0.00154482
418, 1.02164, 2.67459e-06, 0.302537, 0.00154482
418, 1.03255, 2.85828e-06, 0.391997, 0.00154482
418, 1.04347, 3.39573e-06, 0.653735, 0.00154482
418, 1.05438, 1.60444e-05, 6.81372, 0.00154482
418, 1.0653, 8.63471e-07, -0.579485, 0.00154482
418, 1.07622, 1.57146e-06, -0.234692, 0.00154482
418, 1.08713, 1.78647e-06, -0.129979, 0.00154482
418, 1.09805, 1.88699e-06, -0.0810287, 0.00154482
418, 1.10896, 1.94317e-06, -0.0536646, 0.00154482
418, 1.11988, 1.97775e-06, -0.0368259, 0.00154482
418, 1.13079, 2.0003e-06, -0.0258455, 0.00154482
408, 0.0377095, 0.0147107, 7017.22, 0.00152393
408, 0.0486553, 0.0107759, 5140.01, 0.00152393
408, 0.0596011, 0.00789378, 3765, 0.00152393
408, 0.0705469, 0.0057827, 2757.84, 0.00152393
408, 0.0814928, 0.0042364, 2020.12, 0.00152393
408, 0.0924386, 0.00310377, 1479.76, 0.00152393
408, 0.103384, 0.00227414, 1083.96, 0.00152393
408, 0.11433, 0.00166646, 794.044, 0.00152393
408, 0.125276, 0.00122136, 581.69, 0.00152393
408, 0.136222, 0.000895325, 426.146, 0.00152393
408, 0.147168, 0.000656516, 312.214, 0.00152393
408, 0.158113, 0.000481594, 228.761, 0.00152393
408, 0.169059, 0.000353469, 167.634, 0.00152393
408, 0.180005, 0.00025962, 122.861, 0.00152393
408, 0.190951, 0.000190878, 90.065, 0.00152393
408, 0.201897, 0.000140527, 66.043, 0.00152393
408, 0.212842, 0.000103645, 48.4476, 0.00152393
408, 0.223788, 7.66307e-05, 35.5593, 0.00152393
408, 0.234734, 5.68432e-05, 26.119, 0.00152393
408, 0.24568, 4.23494e-05, 19.2042, 0.00152393
408, 0.256626, 3.1733e-05, 14.1393, 0.00152393
408, 0.267572, 2.39568e-05, 10.4294, 0.00152393
408, 0.278517, 1.82609e-05, 7.71199, 0.00152393
408, 0.289463, 1.40888e-05, 5.72156, 0.00152393
408, 0.300409, 1.10329e-05, 4.26361, 0.00152393
408, 0.311355, 8.79447e-06, 3.1957, 0.00152393
408, 0.322301, 7.1549e-06, 2.41349, 0.00152393
408, 0.333246, 5.95395e-06, 1.84054, 0.00152393
408, 0.344192, 5.07429e-06, 1.42086, 0.00152393
408, 0.355138, 4.42996e-06, 1.11347, 0.00152393
408, 0.366084, 3.958e-06, 0.888303, 0.00152393
408, 0.37703, 3.61231e-06, 0.723377, 0.00152393
408, 0.387975, 3.3591e-06, 0.602573, 0.00152393
408, 0.398921, 3.17362e-06, 0.514087, 0.00152393
408, 0.409867, 3.03777e-06, 0.449274, 0.00152393
408, 0.420813, 2.93826e-06, 0.401799, 0.00152393
408, 0.431759, 2.86537e-06, 0.367026, 0.00152393
408, 0.442704, 2.81199e-06, 0.341555, 0.00152393
408, 0.45365, 2.77288e-06, 0.322898, 0.00152393
408, 0.464596, 2.74424e-06, 0.309233, 0.00152393
408, 0.475542, 2.72326e-06, 0.299223, 0.00152393
408, 0.486488, 2.70789e-06, 0.291891, 0.00152393
408, 0.497434, 2.69663e-06, 0.286521, 0.00152393
408, 0.508379, 2.68839e-06, 0.282587, 0.00152393
408, 0.519325, 2.68235e-06, 0.279706, 0.00152393
408, 0.530271, 2.67792e-06, 0.277595, 0.00152393
408, 0.541217, 2.67468e-06, 0.276049, 0.00152393
408, 0.552163, 2.67231e-06, 0.274917, 0.00152393
408, 0.563108, 2.67057e-06, 0.274088, 0.00152393
408, 0.574054, 2.6693e-06, 0.27348, 0.00152393
408, 0.585, 2.66836e-06, 0.273035, 0.00152393
408, 0.595946, 2.66768e-06, 0.27271, 0.00152393
408, 0.606892, 2.66718e-06, 0.272471, 0.00152393
408, 0.617837, 2.66682e-06, 0.272297, 0.00152393
408, 0.628783, 2.66655e-06, 0.272169, 0.00152393
408, 0.639729, 2.66635e-06, 0.272075, 0.00152393
408, 0.650675, 2.66621e-06, 0.272007, 0.00152393
408, 0.661621, 2.66611e-06, 0.271958, 0.00152393
408, 0.672566, 2.66603e-06, 0.271922, 0.00152393
408, 0.683512, 2.66598e-06, 0.271897, 0.00152393
408, 0.694458, 2.66594e-06, 0.27188, 0.00152393
408, 0.705404, 2.66592e-06, 0.271869, 0.00152393
408, 0.71635, 2.66591e-06, 0.271862, 0.00152393
408, 0.727296, 2.6659e-06, 0.271861, 0.00152393
408, 0.738241, 2.66591e-06, 0.271863, 0.00152393
408, 0.749187, 2.66592e-06, 0.27187, 0.00152393
408, 0.760133, 2.66595e-06, 0.271883, 0.00152393
408, 0.771079, 2.66599e-06, 0.271902, 0.00152393
408, 0.782025, 2.66604e-06, 0.271929, 0.00152393
408, 0.79297, 2.66612e-06, 0.271967, 0.00152393
408, 0.803916, 2.66624e-06, 0.27202, 0.00152393
408, 0.814862, 2.66639e-06, 0.272092, 0.00152393
408, 0.825808, 2.6666e-06, 0.272192, 0.00152393
408, 0.836754, 2.66688e-06, 0.272328, 0.00152393
408, 0.847699, 2.66727e-06, 0.272515, 0.00152393
408, 0.858645, 2.66781e-06, 0.27277, 0.00152393
408, 0.869591, 2.66854e-06, 0.27312, 0.00152393
408, 0.880537, 2.66955e-06, 0.273599, 0.00152393
408, 0.891483, 2.67092e-06, 0.274255, 0.00152393
408, 0.902428, 2.67281e-06, 0.275157, 0.00152393
408, 0.913374, 2.67541e-06, 0.276397, 0.00152393
408, 0.92432, 2.679e-06, 0.278109, 0.00152393
408, 0.935266, 2.68397e-06, 0.28048, 0.00152393
408, 0.946212, 2.69089e-06, 0.283784, 0.00152393
408, 0.957158, 2.70062e-06, 0.288422, 0.00152393
408, 0.968103, 2.71441e-06, 0.295004, 0.00152393
408, 0.979049, 2.7343e-06, 0.304491, 0.00152393
408, 0.989995, 2.7636e-06, 0.318472, 0.00152393
408, 1.00094, 2.80825e-06, 0.339773, 0.00152393
408, 1.01189, 2.87982e-06, 0.373916, 0.00152393
408, 1.02283, 3.00443e-06, 0.433369, 0.00152393
408, 1.03378, 3.25629e-06, 0.553526, 0.00152393
408, 1.04472, 3.96296e-06, 0.890668, 0.00152393
408, 1.05567, 1.31782e-05, 5.28711, 0.00152393
408, 1.06662, 1.65032e-07, -0.921266, 0.00152393
408, 1.07756, 1.35425e-06, -0.353908, 0.00152393
408, 1.08851, 1.69307e-06, -0.19226, 0.00152393
408, 1.09945, 1.84785e-06, -0.118418, 0.00152393
408, 1.1104, 1.93323e-06, -0.0776842, 0.00152393
408, 1.12134, 1.98527e-06, -0.0528601, 0.00152393
408, 1.13229, 2.01892e-06, -0.0368039, 0.00152393
398, 0.0362307, 0.0156328, 7336.24, 0.00148427
398, 0.0472061, 0.0113524, 5327.25, 0.00148427
398, 0.0581815, 0.00824426, 3868.44, 0.00148427
398, 0.0691569, 0.0059873, 2809.14, 0.00148427
398, 0.0801322, 0.00434844, 2039.94, 0.00148427
398, 0.0911076, 0.00315839, 1481.39, 0.00148427
398, 0.102083, 0.00229424, 1075.8, 0.00148427
398, 0.113058, 0.00166676, 781.291, 0.00148427
398, 0.124034, 0.00121111, 567.434, 0.00148427
398, 0.135009, 0.000880248, 412.144, 0.00148427
398, 0.145985, 0.000639995, 299.381, 0.00148427
398, 0.15696, 0.000465537, 217.5, 0.00148427
398, 0.167935, 0.000338857, 158.042, 0.00148427
398, 0.178911, 0.000246869, 114.868, 0.00148427
398, 0.189886, 0.000180073, 83.5171, 0.00148427
398, 0.200861, 0.000131569, 60.752, 0.00148427
398, 0.211837, 9.6349e-05, 44.2214, 0.00148427
398, 0.222812, 7.07741e-05, 32.2178, 0.00148427
398, 0.233788, 5.22031e-05, 23.5015, 0.00148427
398, 0.244763, 3.8718e-05, 17.1723, 0.00148427
398, 0.255738, 2.89259e-05, 12.5763, 0.00148427
398, 0.266714, 2.18154e-05, 9.23906, 0.00148427
398, 0.277689, 1.66522e-05, 6.81572, 0.00148427
398, 0.288665, 1.2903e-05, 5.05603, 0.00148427
398, 0.29964, 1.01806e-05, 3.77825, 0.00148427
398, 0.310615, 8.20371e-06, 2.85041, 0.00148427
398, 0.321591, 6.76821e-06, 2.17666, 0.00148427
398, 0.332566, 5.72584e-06, 1.68742, 0.00148427
398, 0.343542, 4.96894e-06, 1.33217, 0.00148427
398, 0.354517, 4.41931e-06, 1.0742, 0.00148427
398, 0.365492, 4.02021e-06, 0.886884, 0.00148427
398, 0.376468, 3.73041e-06, 0.750865, 0.00148427
398, 0.387443, 3.51997e-06, 0.652095, 0.00148427
398, 0.398418, 3.36716e-06, 0.580375, 0.00148427
398, 0.409394, 3.2562e-06, 0.528296, 0.00148427
398, 0.420369, 3.17563e-06, 0.490479, 0.00148427
398, 0.431345, 3.11712e-06, 0.463019, 0.00148427
398, 0.44232, 3.07464e-06, 0.443079, 0.00148427
398, 0.453295, 3.04379e-06, 0.428599, 0.00148427
398, 0.464271, 3.02138e-06, 0.418085, 0.00148427
398, 0.475246, 3.00512e-06, 0.410451, 0.00148427
398, 0.486222, 2.99331e-06, 0.404907, 0.00148427
398, 0.497197, 2.98473e-06, 0.400881, 0.00148427
398, 0.508172, 2.9785e-06, 0.397958, 0.00148427
398, 0.519148, 2.97398e-06, 0.395836, 0.00148427
398, 0.530123, 2.9707e-06, 0.394294, 0.00148427
398, 0.541098, 2.96831e-06, 0.393175, 0.00148427
398, 0.552074, 2.96658e-06, 0.392362, 0.00148427
398, 0.563049, 2.96532e-06, 0.391772, 0.00148427
398, 0.574025, 2.96441e-06, 0.391344, 0.00148427
398, 0.585, 2.96375e-06, 0.391033, 0.00148427
398, 0.595975, 2.96327e-06, 0.390807, 0.00148427
398, 0.606951, 2.96292e-06, 0.390643, 0.00148427
398, 0.617926, 2.96266e-06, 0.390524, 0.00148427
398, 0.628902, 2.96248e-06, 0.390438, 0.00148427
398, 0.639877, 2.96235e-06, 0.390376, 0.00148427
398, 0.650852, 2.96225e-06, 0.390331, 0.00148427
398, 0.661828, 2.96218e-06, 0.390299, 0.00148427
398, 0.672803, 2.96213e-06, 0.390276, 0.00148427
398, 0.683778, 2.9621e-06, 0.390261, 0.00148427
398, 0.694754, 2.96208e-06, 0.39025, 0.00148427
398, 0.705729, 2.96207e-06, 0.390245, 0.00148427
398, 0.716705, 2.96206e-06, 0.390243, 0.00148427
398, 0.72768, 2.96207e-06, 0.390245, 0.00148427
398, 0.738655, 2.96208e-06, 0.390251, 0.00148427
398, 0.749631, 2.9621e-06, 0.390261, 0.00148427
398, 0.760606, 2.96214e-06, 0.390277, 0.00148427
398, 0.771582, 2.96219e-06, 0.3903, 0.00148427
398, 0.782557, 2.96225e-06, 0.390333, 0.00148427
398, 0.793532, 2.96235e-06, 0.390378, 0.00148427
398, 0.804508, 2.96249e-06, 0.390442, 0.00148427
398, 0.815483, 2.96267e-06, 0.390529, 0.00148427
398, 0.826458, 2.96293e-06, 0.39065, 0.00148427
398, 0.837434, 2.96329e-06, 0.390817, 0.00148427
398, 0.848409, 2.96378e-06, 0.391046, 0.00148427
398, 0.859385, 2.96445e-06, 0.391364, 0.00148427
398, 0.87036, 2.96538e-06, 0.391801, 0.00148427
398, 0.881335, 2.96667e-06, 0.392406, 0.00148427
398, 0.892311, 2.96845e-06, 0.393241, 0.00148427
398, 0.903286, 2.97092e-06, 0.394397, 0.00148427
398, 0.914262, 2.97433e-06, 0.396001, 0.00148427
398, 0.925237, 2.97908e-06, 0.398231, 0.00148427
398, 0.936212, 2.98571e-06, 0.401344, 0.00148427
398, 0.947188, 2.99502e-06, 0.40571, 0.00148427
398, 0.958163, 3.00817e-06, 0.411882, 0.00148427
398, 0.969139, 3.02695e-06, 0.420695, 0.00148427
398, 0.980114, 3.05416e-06, 0.433468, 0.00148427
398, 0.991089, 3.09446e-06, 0.452384, 0.00148427
398, 1.00206, 3.15609e-06, 0.481308, 0.00148427
398, 1.01304, 3.2551e-06, 0.527779, 0.00148427
398, 1.02402, 3.42755e-06, 0.608718, 0.00148427
398, 1.03499, 3.77479e-06, 0.771696, 0.00148427
398, 1.04597, 4.73511e-06, 1.22242, 0.00148427
398, 1.05694, 1.5443e-05, 6.24815, 0.00148427
398, 1.06792, 2.95505, 1.20975e+06, 0.00164812
398, 1.07889, 1.06211e-06, -0.501498, 0.00148427
398, 1.08987, 1.55672e-06, -0.269355, 0.00148427
398, 1.10084, 1.78014e-06, -0.164493, 0.00148427
398, 1.11182, 1.90246e-06, -0.107083, 0.00148427
398, 1.12279, 1.97652e-06, -0.072322, 0.00148427
398, 1.13377, 2.02412e-06, -0.0499791, 0.00148427
388, 0.0347692, 0.0166492, 7634.86, 0.00146893
388, 0.0457738, 0.0119808, 5493.79, 0.00146893
388, 0.0567784, 0.00862169, 3953.18, 0.00146893
388, 0.067783, 0.00620464, 2844.64, 0.00146893
388, 0.0787877, 0.00446545, 2047, 0.00146893
388, 0.0897923, 0.00321403, 1473.06, 0.00146893
388, 0.100797, 0.00231357, 1060.08, 0.00146893
388, 0.111802, 0.00166565, 762.92, 0.00146893
388, 0.122806, 0.00119944, 549.101, 0.00146893
388, 0.133811, 0.000863979, 395.249, 0.00146893
388, 0.144815, 0.0006226, 284.544, 0.00146893
388, 0.15582, 0.000448916, 204.887, 0.00146893
388, 0.166825, 0.000323943, 147.57, 0.00146893
388, 0.177829, 0.000234018, 106.328, 0.00146893
388, 0.188834, 0.000169313, 76.6525, 0.00146893
388, 0.199838, 0.000122755, 55.2994, 0.00146893
388, 0.210843, 8.92542e-05, 39.9348, 0.00146893
388, 0.221848, 6.51488e-05, 28.8793, 0.00146893
388, 0.232852, 4.78039e-05, 20.9244, 0.00146893
388, 0.243857, 3.53233e-05, 15.2004, 0.00146893
388, 0.254862, 2.6343e-05, 11.0817, 0.00146893
388, 0.265866, 1.98812e-05, 8.11817, 0.00146893
388, 0.276871, 1.52317e-05, 5.98574, 0.00146893
388, 0.287875, 1.18861e-05, 4.45136, 0.00146893
388, 0.29888, 9.47884e-06, 3.3473, 0.00146893
388, 0.309885, 7.74668e-06, 2.55288, 0.00146893
388, 0.320889, 6.50031e-06, 1.98125, 0.00146893
388, 0.331894, 5.60349e-06, 1.56994, 0.00146893
388, 0.342898, 4.95819e-06, 1.27398, 0.00146893
388, 0.353903, 4.49386e-06, 1.06103, 0.00146893
388, 0.364908, 4.15975e-06, 0.907795, 0.00146893
388, 0.375912, 3.91935e-06, 0.797538, 0.00146893
388, 0.386917, 3.74636e-06, 0.718203, 0.00146893
388, 0.397922, 3.6219e-06, 0.661117, 0.00146893
388, 0.408926, 3.53233e-06, 0.620041, 0.00146893
388, 0.419931, 3.46789e-06, 0.590486, 0.00146893
388, 0.430935, 3.42152e-06, 0.569219, 0.00146893
388, 0.44194, 3.38816e-06, 0.553916, 0.00146893
388, 0.452945, 3.36415e-06, 0.542905, 0.00146893
388, 0.463949, 3.34687e-06, 0.534983, 0.00146893
388, 0.474954, 3.33444e-06, 0.529282, 0.00146893
388, 0.485958, 3.3255e-06, 0.52518, 0.00146893
388, 0.496963, 3.31906e-06, 0.522228, 0.00146893
388, 0.507968, 3.31443e-06, 0.520104, 0.00146893
388, 0.518972, 3.3111e-06, 0.518576, 0.00146893
388, 0.529977, 3.3087e-06, 0.517477, 0.00146893
388, 0.540982, 3.30698e-06, 0.516685, 0.00146893
388, 0.551986, 3.30574e-06, 0.516116, 0.00146893
388, 0.562991, 3.30484e-06, 0.515706, 0.00146893
388, 0.573995, 3.3042e-06, 0.515412, 0.00146893
388, 0.585, 3.30374e-06, 0.5152, 0.00146893
388, 0.596005, 3.30341e-06, 0.515047, 0.00146893
388, 0.607009, 3.30317e-06, 0.514938, 0.00146893
388, 0.618014, 3.30299e-06, 0.514859, 0.00146893
388, 0.629018, 3.30287e-06, 0.514802, 0.00146893
388, 0.640023, 3.30278e-06, 0.514762, 0.00146893
388, 0.651028, 3.30272e-06, 0.514733, 0.00146893
388, 0.662032, 3.30268e-06, 0.514713, 0.00146893
388, 0.673037, 3.30265e-06, 0.514699, 0.00146893
388, 0.684042, 3.30263e-06, 0.51469, 0.00146893
388, 0.695046, 3.30261e-06, 0.514685, 0.00146893
388, 0.706051, 3.30261e-06, 0.514682, 0.00146893
388, 0.717055, 3.30261e-06, 0.514683, 0.00146893
388, 0.72806, 3.30262e-06, 0.514687, 0.00146893
388, 0.739065, 3.30264e-06, 0.514695, 0.00146893
388, 0.750069, 3.30266e-06, 0.514706, 0.00146893
388, 0.761074, 3.3027e-06, 0.514724, 0.00146893
388, 0.772078, 3.30275e-06, 0.514748, 0.00146893
388, 0.783083, 3.30283e-06, 0.514783, 0.00146893
388, 0.794088, 3.30294e-06, 0.514832, 0.00146893
388, 0.805092, 3.30308e-06, 0.5149, 0.00146893
388, 0.816097, 3.30329e-06, 0.514995, 0.00146893
388, 0.827102, 3.30358e-06, 0.515128, 0.00146893
388, 0.838106, 3.30398e-06, 0.515312, 0.00146893
388, 0.849111, 3.30454e-06, 0.515568, 0.00146893
388, 0.860115, 3.30532e-06, 0.515924, 0.00146893
388, 0.87112, 3.3064e-06, 0.51642, 0.00146893
388, 0.882125, 3.30791e-06, 0.517112, 0.00146893
388, 0.893129, 3.31001e-06, 0.518075, 0.00146893
388, 0.904134, 3.31294e-06, 0.519421, 0.00146893
388, 0.915138, 3.31704e-06, 0.521302, 0.00146893
388, 0.926143, 3.32279e-06, 0.52394, 0.00146893
388, 0.937148, 3.33088e-06, 0.52765, 0.00146893
388, 0.948152, 3.34232e-06, 0.532894, 0.00146893
388, 0.959157, 3.35859e-06, 0.540358, 0.00146893
388, 0.970162, 3.38198e-06, 0.551085, 0.00146893
388, 0.981166, 3.41607e-06, 0.56672, 0.00146893
388, 0.992171, 3.4668e-06, 0.589984, 0.00146893
388, 1.00318, 3.54462e-06, 0.625678, 0.00146893
388, 1.01418, 3.66986e-06, 0.683114, 0.00146893
388, 1.02518, 3.88767e-06, 0.78301, 0.00146893
388, 1.03619, 4.32315e-06, 0.982734, 0.00146893
388, 1.04719, 5.49986e-06, 1.52241, 0.00146893
388, 1.0582, 1.61986e-05, 6.42922, 0.00146893
388, 1.0692, 11.832, 4.78675e+06, 0.00162377
388, 1.08021, 7.35871e-07, -0.662506, 0.00146893
388, 1.09121, 1.4167e-06, -0.350255, 0.00146893
388, 1.10222, 1.71896e-06, -0.211632, 0.00146893
388, 1.11322, 1.8827e-06, -0.136533, 0.00146893
388, 1.12423, 1.98102e-06, -0.0914388, 0.00146893
388, 1.13523, 2.04375e-06, -0.0626717, 0.00146893
378, 0.0333255, 0.0177696, 7921.09, 0.00148793
378, 0.044359, 0.0126651, 5645.36, 0.00148793
378, 0.0553925, 0.00902717, 4023.51, 0.00148793
378, 0.066426, 0.00643452, 2867.65, 0.00148793
378, 0.0774595, 0.0045868, 2043.89, 0.00148793
378, 0.088493, 0.00326996, 1456.82, 0.00148793
378, 0.0995264, 0.00233149, 1038.43, 0.00148793
378, 0.11056, 0.00166266, 740.25, 0.00148793
378, 0.121593, 0.001186, 527.745, 0.00148793
378, 0.132627, 0.000846298, 376.298, 0.00148793
378, 0.14366, 0.000604199, 268.365, 0.00148793
378, 0.154694, 0.00043166, 191.443, 0.00148793
378, 0.165727, 0.000308696, 136.623, 0.00148793
378, 0.176761, 0.000221062, 97.5542, 0.00148793
378, 0.187794, 0.000158608, 69.7107, 0.00148793
378, 0.198828, 0.000114098, 49.8672, 0.00148793
378, 0.209861, 8.23765e-05, 35.7252, 0.00148793
378, 0.220895, 5.97695e-05, 25.6465, 0.00148793
378, 0.231928, 4.36581e-05, 18.4637, 0.00148793
378, 0.242962, 3.21758e-05, 13.3447, 0.00148793
378, 0.253995, 2.39927e-05, 9.69644, 0.00148793
378, 0.265029, 1.81607e-05, 7.09644, 0.00148793
378, 0.276062, 1.40044e-05, 5.24347, 0.00148793
378, 0.287096, 1.10423e-05, 3.92291, 0.00148793
378, 0.298129, 8.93133e-06, 2.98177, 0.00148793
378, 0.309163, 7.42685e-06, 2.31105, 0.00148793
378, 0.320196, 6.35465e-06, 1.83304, 0.00148793
378, 0.33123, 5.59052e-06, 1.49237, 0.00148793
378, 0.342263, 5.04594e-06, 1.24959, 0.00148793
378, 0.353297, 4.65783e-06, 1.07656, 0.00148793
378, 0.36433, 4.38123e-06, 0.953246, 0.00148793
378, 0.375364, 4.18411e-06, 0.865364, 0.00148793
378, 0.386397, 4.04362e-06, 0.802732, 0.00148793
378, 0.397431, 3.9435e-06, 0.758096, 0.00148793
378, 0.408464, 3.87215e-06, 0.726285, 0.00148793
378, 0.419498, 3.82129e-06, 0.703614, 0.00148793
378, 0.430531, 3.78505e-06, 0.687456, 0.00148793
378, 0.441565, 3.75922e-06, 0.675942, 0.00148793
378, 0.452598, 3.74082e-06, 0.667735, 0.00148793
378, 0.463632, 3.7277e-06, 0.661887, 0.00148793
378, 0.474665, 3.71835e-06, 0.657719, 0.00148793
378, 0.485699, 3.71169e-06, 0.654748, 0.00148793
378, 0.496732, 3.70694e-06, 0.652631, 0.00148793
378, 0.507766, 3.70355e-06, 0.651123, 0.00148793
378, 0.518799, 3.70114e-06, 0.650047, 0.00148793
378, 0.529833, 3.69942e-06, 0.649281, 0.00148793
378, 0.540866, 3.6982e-06, 0.648735, 0.00148793
378, 0.5519, 3.69732e-06, 0.648346, 0.00148793
378, 0.562933, 3.6967e-06, 0.648068, 0.00148793
378, 0.573967, 3.69626e-06, 0.647871, 0.00148793
378, 0.585, 3.69594e-06, 0.64773, 0.00148793
378, 0.596033, 3.69572e-06, 0.64763, 0.00148793
378, 0.607067, 3.69556e-06, 0.647558, 0.00148793
378, 0.6181, 3.69544e-06, 0.647507, 0.00148793
378, 0.629134, 3.69536e-06, 0.647471, 0.00148793
378, 0.640167, 3.69531e-06, 0.647446, 0.00148793
378, 0.651201, 3.69527e-06, 0.647428, 0.00148793
378, 0.662234, 3.69524e-06, 0.647416, 0.00148793
378, 0.673268, 3.69522e-06, 0.647408, 0.00148793
378, 0.684301, 3.69521e-06, 0.647403, 0.00148793
378, 0.695335, 3.6952e-06, 0.6474, 0.00148793
378, 0.706368, 3.6952e-06, 0.6474, 0.00148793
378, 0.717402, 3.69521e-06, 0.647402, 0.00148793
378, 0.728435, 3.69522e-06, 0.647407, 0.00148793
378, 0.739469, 3.69524e-06, 0.647415, 0.00148793
378, 0.750502, 3.69526e-06, 0.647427, 0.00148793
378, 0.761536, 3.6953e-06, 0.647444, 0.00148793
378, 0.772569, 3.69536e-06, 0.647468, 0.00148793
378, 0.783603, 3.69543e-06, 0.647503, 0.00148793
378, 0.794636, 3.69554e-06, 0.647552, 0.00148793
378, 0.80567, 3.6957e-06, 0.647621, 0.00148793
378, 0.816703, 3.69592e-06, 0.647718, 0.00148793
378, 0.827737, 3.69622e-06, 0.647854, 0.00148793
378, 0.83877, 3.69665e-06, 0.648045, 0.00148793
378, 0.849804, 3.69725e-06, 0.648313, 0.00148793
378, 0.860837, 3.6981e-06, 0.64869, 0.00148793
378, 0.871871, 3.69928e-06, 0.649219, 0.00148793
378, 0.882904, 3.70095e-06, 0.649963, 0.00148793
378, 0.893938, 3.7033e-06, 0.65101, 0.00148793
378, 0.904971, 3.70661e-06, 0.652485, 0.00148793
378, 0.916005, 3.71128e-06, 0.654566, 0.00148793
378, 0.927038, 3.71788e-06, 0.657509, 0.00148793
378, 0.938072, 3.72724e-06, 0.661682, 0.00148793
378, 0.949105, 3.74058e-06, 0.667629, 0.00148793
378, 0.960139, 3.7597e-06, 0.676155, 0.00148793
378, 0.971172, 3.78738e-06, 0.688493, 0.00148793
378, 0.982206, 3.82795e-06, 0.706583, 0.00148793
378, 0.993239, 3.88862e-06, 0.733632, 0.00148793
378, 1.00427, 3.98203e-06, 0.775274, 0.00148793
378, 1.01531, 4.13252e-06, 0.842366, 0.00148793
378, 1.02634, 4.39367e-06, 0.958791, 0.00148793
378, 1.03737, 4.91109e-06, 1.18947, 0.00148793
378, 1.04841, 6.27082e-06, 1.79566, 0.00148793
378, 1.05944, 1.63806e-05, 6.3028, 0.00148793
378, 1.07047, 33.4035, 1.33279e+07, 0.00162606
378, 1.08151, 3.48911e-07, -0.844448, 0.00148793
378, 1.09254, 1.26115e-06, -0.437754, 0.00148793
378, 1.10357, 1.65711e-06, -0.261225, 0.00148793
378, 1.11461, 1.86885e-06, -0.166827, 0.00148793
378, 1.12564, 1.99475e-06, -0.110698, 0.00148793
378, 1.13667, 2.07438e-06, -0.0751973, 0.00148793
368, 0.0319002, 0.0192214, 8422.49, 0.00146207
368, 0.0429622, 0.0135622, 5942.42, 0.00146207
368, 0.0540242, 0.00956955, 4192.7, 0.00146207
368, 0.0650862, 0.00675267, 2958.25, 0.00146207
368, 0.0761482, 0.00476533, 2087.33, 0.00146207
368, 0.0872102, 0.00336324, 1472.88, 0.00146207
368, 0.0982722, 0.00237404, 1039.39, 0.00146207
368, 0.109334, 0.00167615, 733.547, 0.00146207
368, 0.120396, 0.00118378, 517.774, 0.00146207
368, 0.131458, 0.000836409, 365.543, 0.00146207
368, 0.14252, 0.000591333, 258.142, 0.00146207
368, 0.153582, 0.000418429, 182.37, 0.00146207
368, 0.164644, 0.000296443, 128.911, 0.00146207
368, 0.175706, 0.00021038, 91.1956, 0.00146207
368, 0.186768, 0.000149661, 64.5867, 0.00146207
368, 0.19783, 0.000106824, 45.8138, 0.00146207
368, 0.208892, 7.66012e-05, 32.5693, 0.00146207
368, 0.219954, 5.52789e-05, 23.2251, 0.00146207
368, 0.231016, 4.02357e-05, 16.6326, 0.00146207
368, 0.242078, 2.96225e-05, 11.9816, 0.00146207
368, 0.25314, 2.21348e-05, 8.70023, 0.00146207
368, 0.264202, 1.68521e-05, 6.38518, 0.00146207
368, 0.275264, 1.31251e-05, 4.75188, 0.00146207
368, 0.286326, 1.04957e-05, 3.59957, 0.00146207
368, 0.297388, 8.64059e-06, 2.7866, 0.00146207
368, 0.30845, 7.33179e-06, 2.21304, 0.00146207
368, 0.319512, 6.40841e-06, 1.80839, 0.00146207
368, 0.330574, 5.75696e-06, 1.5229, 0.00146207
368, 0.341636, 5.29735e-06, 1.32148, 0.00146207
368, 0.352698, 4.97309e-06, 1.17938, 0.00146207
368, 0.36376, 4.74432e-06, 1.07912, 0.00146207
368, 0.374822, 4.58292e-06, 1.00839, 0.00146207
368, 0.385884, 4.46905e-06, 0.958492, 0.00146207
368, 0.396946, 4.38872e-06, 0.923286, 0.00146207
368, 0.408008, 4.33204e-06, 0.898447, 0.00146207
368, 0.41907, 4.29205e-06, 0.880924, 0.00146207
368, 0.430132, 4.26384e-06, 0.86856, 0.00146207
368, 0.441194, 4.24394e-06, 0.859838, 0.00146207
368, 0.452256, 4.2299e-06, 0.853684, 0.00146207
368, 0.463318, 4.21999e-06, 0.849343, 0.00146207
368, 0.47438, 4.213e-06, 0.846279, 0.00146207
368, 0.485442, 4.20807e-06, 0.844118, 0.00146207
368, 0.496504, 4.20459e-06, 0.842594, 0.00146207
368, 0.507566, 4.20213e-06, 0.841518, 0.00146207
368, 0.518628, 4.2004e-06, 0.840759, 0.00146207
368, 0.52969, 4.19918e-06, 0.840224, 0.00146207
368, 0.540752, 4.19832e-06, 0.839846, 0.00146207
368, 0.551814, 4.19771e-06, 0.83958, 0.00146207
368, 0.562876, 4.19728e-06, 0.839392, 0.00146207
368, 0.573938, 4.19698e-06, 0.839259, 0.00146207
368, 0.585, 4.19677e-06, 0.839166, 0.00146207
368, 0.596062, 4.19662e-06, 0.8391, 0.00146207
368, 0.607124, 4.19651e-06, 0.839053, 0.00146207
368, 0.618186, 4.19644e-06, 0.839021, 0.00146207
368, 0.629248, 4.19638e-06, 0.838998, 0.00146207
368, 0.64031, 4.19635e-06, 0.838982, 0.00146207
368, 0.651372, 4.19632e-06, 0.838971, 0.00146207
368, 0.662434, 4.1963e-06, 0.838963, 0.00146207
368, 0.673496, 4.19629e-06, 0.838959, 0.00146207
368, 0.684558, 4.19629e-06, 0.838956, 0.00146207
368, 0.69562, 4.19629e-06, 0.838956, 0.00146207
368, 0.706682, 4.19629e-06, 0.838957, 0.00146207
368, 0.717744, 4.1963e-06, 0.83896, 0.00146207
368, 0.728806, 4.19631e-06, 0.838965, 0.00146207
368, 0.739868, 4.19633e-06, 0.838973, 0.00146207
368, 0.75093, 4.19635e-06, 0.838985, 0.00146207
368, 0.761992, 4.1964e-06, 0.839003, 0.00146207
368, 0.773054, 4.19645e-06, 0.839028, 0.00146207
368, 0.784116, 4.19653e-06, 0.839064, 0.00146207
368, 0.795178, 4.19665e-06, 0.839115, 0.00146207
368, 0.80624, 4.19682e-06, 0.839187, 0.00146207
368, 0.817302, 4.19705e-06, 0.83929, 0.00146207
368, 0.828364, 4.19738e-06, 0.839436, 0.00146207
368, 0.839426, 4.19785e-06, 0.839642, 0.00146207
368, 0.850488, 4.19852e-06, 0.839935, 0.00146207
368, 0.86155, 4.19947e-06, 0.84035, 0.00146207
368, 0.872612, 4.20081e-06, 0.84094, 0.00146207
368, 0.883674, 4.20273e-06, 0.841777, 0.00146207
368, 0.894736, 4.20544e-06, 0.842966, 0.00146207
368, 0.905798, 4.2093e-06, 0.844658, 0.00146207
368, 0.91686, 4.2148e-06, 0.847067, 0.00146207
368, 0.927922, 4.22264e-06, 0.850506, 0.00146207
368, 0.938984, 4.23388e-06, 0.855428, 0.00146207
368, 0.950046, 4.25002e-06, 0.862503, 0.00146207
368, 0.961108, 4.27337e-06, 0.872734, 0.00146207
368, 0.97217, 4.30742e-06, 0.887659, 0.00146207
368, 0.983232, 4.35774e-06, 0.90971, 0.00146207
368, 0.994294, 4.4335e-06, 0.94291, 0.00146207
368, 1.00536, 4.55087e-06, 0.994346, 0.00146207
368, 1.01642, 4.74101e-06, 1.07767, 0.00146207
368, 1.02748, 5.07248e-06, 1.22293, 0.00146207
368, 1.03854, 5.73154e-06, 1.51175, 0.00146207
368, 1.0496, 7.46741e-06, 2.27247, 0.00146207
368, 1.06067, 2.03652e-05, 7.9247, 0.00146207
368, 1.07173, 13.9429, 5.48626e+06, 0.0016079
368, 1.08279, 2.30842, 739981, 0.00215736
368, 1.09385, 1.04376e-06, -0.54259, 0.00146207
368, 1.10491, 1.54812e-06, -0.321559, 0.00146207
368, 1.11598, 1.81671e-06, -0.203854, 0.00146207
368, 1.12704, 1.97562e-06, -0.134217, 0.00146207
368, 1.1381, 2.07553e-06, -0.0904316, 0.00146207
353, 0.0297978, 0.0217726, 9167.63, 0.00153108
353, 0.0409018, 0.0151155, 6364.26, 0.00153108
353, 0.0520059, 0.0104943, 4418.25, 0.00153108
353, 0.0631099, 0.00728645, 3067.38, 0.00153108
353, 0.074214, 0.00505962, 2129.64, 0.00153108
353, 0.085318, 0.00351381, 1478.69, 0.00153108
353, 0.0964221, 0.00244076, 1026.82, 0.00153108
353, 0.107526, 0.00169587, 713.145, 0.00153108
353, 0.11863, 0.0011788, 495.4, 0.00153108
353, 0.129734, 0.000819855, 344.247, 0.00153108
353, 0.140838, 0.000570689, 239.321, 0.00153108
353, 0.151942, 0.000397724, 166.485, 0.00153108
353, 0.163046, 0.000277657, 115.924, 0.00153108
353, 0.17415, 0.00019431, 80.8254, 0.00153108
353, 0.185254, 0.000136453, 56.4613, 0.00153108
353, 0.196358, 9.62898e-05, 39.5484, 0.00153108
353, 0.207463, 6.84098e-05, 27.8079, 0.00153108
353, 0.218567, 4.90564e-05, 19.658, 0.00153108
353, 0.229671, 3.56217e-05, 14.0006, 0.00153108
353, 0.240775, 2.62958e-05, 10.0734, 0.00153108
353, 0.251879, 1.9822e-05, 7.34718, 0.00153108
353, 0.262983, 1.5328e-05, 5.45475, 0.00153108
353, 0.274087, 1.22085e-05, 4.14108, 0.00153108
353, 0.285191, 1.00429e-05, 3.22916, 0.00153108
353, 0.296295, 8.53971e-06, 2.59614, 0.00153108
353, 0.307399, 7.4962e-06, 2.15671, 0.00153108
353, 0.318503, 6.77183e-06, 1.85167, 0.00153108
353, 0.329607, 6.26899e-06, 1.63992, 0.00153108
353, 0.340711, 5.91993e-06, 1.49293, 0.00153108
353, 0.351815, 5.67762e-06, 1.39089, 0.00153108
353, 0.362919, 5.50942e-06, 1.32006, 0.00153108
353, 0.374023, 5.39266e-06, 1.27089, 0.00153108
353, 0.385127, 5.31161e-06, 1.23676, 0.00153108
353, 0.396231, 5.25535e-06, 1.21307, 0.00153108
353, 0.407335, 5.21629e-06, 1.19662, 0.00153108
353, 0.418439, 5.18918e-06, 1.1852, 0.00153108
353, 0.429543, 5.17036e-06, 1.17728, 0.00153108
353, 0.440647, 5.15729e-06, 1.17177, 0.00153108
353, 0.451751, 5.14822e-06, 1.16796, 0.00153108
353, 0.462856, 5.14193e-06, 1.1653, 0.00153108
353, 0.47396, 5.13756e-06, 1.16346, 0.00153108
353, 0.485064, 5.13452e-06, 1.16219, 0.00153108
353, 0.496168, 5.13242e-06, 1.1613, 0.00153108
353, 0.507272, 5.13095e-06, 1.16068, 0.00153108
353, 0.518376, 5.12994e-06, 1.16026, 0.00153108
353, 0.52948, 5.12924e-06, 1.15996, 0.00153108
353, 0.540584, 5.12875e-06, 1.15975, 0.00153108
353, 0.551688, 5.12841e-06, 1.15961, 0.00153108
353, 0.562792, 5.12817e-06, 1.15951, 0.00153108
353, 0.573896, 5.12801e-06, 1.15944, 0.00153108
353, 0.585, 5.12789e-06, 1.1594, 0.00153108
353, 0.596104, 5.12782e-06, 1.15936, 0.00153108
353, 0.607208, 5.12776e-06, 1.15934, 0.00153108
353, 0.618312, 5.12772e-06, 1.15932, 0.00153108
353, 0.629416, 5.1277e-06, 1.15931, 0.00153108
353, 0.64052, 5.12768e-06, 1.15931, 0.00153108
353, 0.651624, 5.12767e-06, 1.1593, 0.00153108
353, 0.662728, 5.12766e-06, 1.1593, 0.00153108
353, 0.673832, 5.12766e-06, 1.1593, 0.00153108
353, 0.684936, 5.12766e-06, 1.15929, 0.00153108
353, 0.69604, 5.12766e-06, 1.1593, 0.00153108
353, 0.707144, 5.12766e-06, 1.1593, 0.00153108
353, 0.718249, 5.12767e-06, 1.1593, 0.00153108
353, 0.729353, 5.12768e-06, 1.15931, 0.00153108
353, 0.740457, 5.1277e-06, 1.15931, 0.00153108
353, 0.751561, 5.12773e-06, 1.15932, 0.00153108
353, 0.762665, 5.12776e-06, 1.15934, 0.00153108
353, 0.773769, 5.12782e-06, 1.15936, 0.00153108
353, 0.784873, 5.1279e-06, 1.1594, 0.00153108
353, 0.795977, 5.12802e-06, 1.15945, 0.00153108
353, 0.807081, 5.12818e-06, 1.15952, 0.00153108
353, 0.818185, 5.12842e-06, 1.15962, 0.00153108
353, 0.829289, 5.12877e-06, 1.15976, 0.00153108
353, 0.840393, 5.12927e-06, 1.15997, 0.00153108
353, 0.851497, 5.12999e-06, 1.16028, 0.00153108
353, 0.862601, 5.13102e-06, 1.16071, 0.00153108
353, 0.873705, 5.13252e-06, 1.16134, 0.00153108
353, 0.884809, 5.13468e-06, 1.16225, 0.00153108
353, 0.895913, 5.13779e-06, 1.16356, 0.00153108
353, 0.907017, 5.14228e-06, 1.16545, 0.00153108
353, 0.918121, 5.14879e-06, 1.16819, 0.00153108
353, 0.929225, 5.15821e-06, 1.17216, 0.00153108
353, 0.940329, 5.17189e-06, 1.17792, 0.00153108
353, 0.951433, 5.19185e-06, 1.18633, 0.00153108
353, 0.962537, 5.2211e-06, 1.19864, 0.00153108
353, 0.973642, 5.26432e-06, 1.21684, 0.00153108
353, 0.984746, 5.32893e-06, 1.24405, 0.00153108
353, 0.99585, 5.42727e-06, 1.28547, 0.00153108
353, 1.00695, 5.58102e-06, 1.35021, 0.00153108
353, 1.01806, 5.83187e-06, 1.45584, 0.00153108
353, 1.02916, 6.27098e-06, 1.64076, 0.00153108
353, 1.04027, 7.14356e-06, 2.00821, 0.00153108
353, 1.05137, 9.41482e-06, 2.96465, 0.00153108
353, 1.06247, 2.48023e-05, 9.44442, 0.00153108
353, 1.07358, 24.8392, 9.51201e+06, 0.00166688
353, 1.08468, 20.5444, 6.45375e+06, 0.00221279
353, 1.09579, 6.78007e-07, -0.714486, 0.00153108
353, 1.10689, 1.38369e-06, -0.417318, 0.00153108
353, 1.11799, 1.75499e-06, -0.260961, 0.00153108
353, 1.1291, 1.97222e-06, -0.169484, 0.00153108
353, 1.1402, 2.10726e-06, -0.112616, 0.00153108
343, 0.0284208, 0.0234677, 9580.12, 0.00147525
343, 0.0395524, 0.016105, 6574.15, 0.00147525
343, 0.050684, 0.0110528, 4511.51, 0.00147525
343, 0.0618156, 0.00758608, 3096.16, 0.00147525
343, 0.0729472, 0.00520727, 2124.96, 0.00147525
343, 0.0840787, 0.00357497, 1458.55, 0.00147525
343, 0.0952103, 0.00245492, 1001.26, 0.00147525
343, 0.106342, 0.00168635, 687.483, 0.00147525
343, 0.117473, 0.00115897, 472.171, 0.00147525
343, 0.128605, 0.000797094, 324.428, 0.00147525
343, 0.139737, 0.00054878, 223.049, 0.00147525
343, 0.150868, 0.00037839, 153.485, 0.00147525
343, 0.162, 0.000261472, 105.751, 0.00147525
343, 0.173131, 0.000181244, 72.9962, 0.00147525
343, 0.184263, 0.000126193, 50.5207, 0.00147525
343, 0.195395, 8.84183e-05, 35.0984, 0.00147525
343, 0.206526, 6.24977e-05, 24.5158, 0.00147525
343, 0.217658, 4.47114e-05, 17.2542, 0.00147525
343, 0.228789, 3.25067e-05, 12.2715, 0.00147525
343, 0.239921, 2.41321e-05, 8.85236, 0.00147525
343, 0.251052, 1.83855e-05, 6.50623, 0.00147525
343, 0.262184, 1.44424e-05, 4.89635, 0.00147525
343, 0.273316, 1.17366e-05, 3.79168, 0.00147525
343, 0.284447, 9.87996e-06, 3.03367, 0.00147525
343, 0.295579, 8.60596e-06, 2.51354, 0.00147525
343, 0.30671, 7.73177e-06, 2.15663, 0.00147525
343, 0.317842, 7.13191e-06, 1.91173, 0.00147525
343, 0.328974, 6.72029e-06, 1.74368, 0.00147525
343, 0.340105, 6.43785e-06, 1.62837, 0.00147525
343, 0.351237, 6.24404e-06, 1.54924, 0.00147525
343, 0.362368, 6.11106e-06, 1.49495, 0.00147525
343, 0.3735, 6.0198e-06, 1.45769, 0.00147525
343, 0.384631, 5.95719e-06, 1.43213, 0.00147525
343, 0.395763, 5.91422e-06, 1.41459, 0.00147525
343, 0.406895, 5.88474e-06, 1.40255, 0.00147525
343, 0.418026, 5.8645e-06, 1.39429, 0.00147525
343, 0.429158, 5.85062e-06, 1.38862, 0.00147525
343, 0.440289, 5.8411e-06, 1.38473, 0.00147525
343, 0.451421, 5.83456e-06, 1.38206, 0.00147525
343, 0.462553, 5.83008e-06, 1.38023, 0.00147525
343, 0.473684, 5.827e-06, 1.37898, 0.00147525
343, 0.484816, 5.82489e-06, 1.37811, 0.00147525
343, 0.495947, 5.82344e-06, 1.37752, 0.00147525
343, 0.507079, 5.82244e-06, 1.37712, 0.00147525
343, 0.51821, 5.82176e-06, 1.37684, 0.00147525
343, 0.529342, 5.82129e-06, 1.37665, 0.00147525
343, 0.540474, 5.82097e-06, 1.37652, 0.00147525
343, 0.551605, 5.82075e-06, 1.37643, 0.00147525
343, 0.562737, 5.8206e-06, 1.37636, 0.00147525
343, 0.573868, 5.8205e-06, 1.37632, 0.00147525
343, 0.585, 5.82042e-06, 1.37629, 0.00147525
343, 0.596132, 5.82038e-06, 1.37627, 0.00147525
343, 0.607263, 5.82034e-06, 1.37626, 0.00147525
343, 0.618395, 5.82032e-06, 1.37625, 0.00147525
343, 0.629526, 5.8203e-06, 1.37624, 0.00147525
343, 0.640658, 5.82029e-06, 1.37624, 0.00147525
343, 0.65179, 5.82029e-06, 1.37624, 0.00147525
343, 0.662921, 5.82028e-06, 1.37624, 0.00147525
343, 0.674053, 5.82028e-06, 1.37623, 0.00147525
343, 0.685184, 5.82028e-06, 1.37623, 0.00147525
343, 0.696316, 5.82028e-06, 1.37624, 0.00147525
343, 0.707447, 5.82029e-06, 1.37624, 0.00147525
343, 0.718579, 5.82029e-06, 1.37624, 0.00147525
343, 0.729711, 5.82031e-06, 1.37624, 0.00147525
343, 0.740842, 5.82032e-06, 1.37625, 0.00147525
343, 0.751974, 5.82034e-06, 1.37626, 0.00147525
343, 0.763105, 5.82038e-06, 1.37627, 0.00147525
343, 0.774237, 5.82043e-06, 1.3763, 0.00147525
343, 0.785369, 5.8205e-06, 1.37632, 0.00147525
343, 0.7965, 5.82061e-06, 1.37637, 0.00147525
343, 0.807632, 5.82077e-06, 1.37643, 0.00147525
343, 0.818763, 5.82099e-06, 1.37652, 0.00147525
343, 0.829895, 5.82132e-06, 1.37666, 0.00147525
343, 0.841026, 5.82181e-06, 1.37686, 0.00147525
343, 0.852158, 5.82251e-06, 1.37714, 0.00147525
343, 0.86329, 5.82354e-06, 1.37756, 0.00147525
343, 0.874421, 5.82503e-06, 1.37817, 0.00147525
343, 0.885553, 5.82722e-06, 1.37907, 0.00147525
343, 0.896684, 5.8304e-06, 1.38037, 0.00147525
343, 0.907816, 5.83506e-06, 1.38227, 0.00147525
343, 0.918948, 5.84186e-06, 1.38505, 0.00147525
343, 0.930079, 5.85183e-06, 1.38912, 0.00147525
343, 0.941211, 5.86646e-06, 1.39509, 0.00147525
343, 0.952342, 5.88802e-06, 1.40389, 0.00147525
343, 0.963474, 5.91991e-06, 1.41691, 0.00147525
343, 0.974605, 5.96748e-06, 1.43633, 0.00147525
343, 0.985737, 6.03917e-06, 1.4656, 0.00147525
343, 0.996869, 6.14905e-06, 1.51046, 0.00147525
343, 1.008, 6.32178e-06, 1.58098, 0.00147525
343, 1.01913, 6.6045e-06, 1.69641, 0.00147525
343, 1.03026, 7.09923e-06, 1.89839, 0.00147525
343, 1.04139, 8.07547e-06, 2.29696, 0.00147525
343, 1.05253, 1.05558e-05, 3.30958, 0.00147525
343, 1.06366, 2.51227e-05, 9.25681, 0.00147525
343, 1.07479, 38.9152, 1.46529e+07, 0.0015937
343, 1.08592, 28.0708, 8.72493e+06, 0.00212472
343, 1.09705, 3.87622e-07, -0.841746, 0.00147525
343, 1.10818, 1.26245e-06, -0.484582, 0.00147525
343, 1.11932, 1.71596e-06, -0.299426, 0.00147525
343, 1.13045, 1.97828e-06, -0.19233, 0.00147525
343, 1.14158, 2.1397e-06, -0.126429, 0.00147525
333, 0.0270642, 0.0262336, 10492.6, 0.00143965
333, 0.038223, 0.017784, 7112.72, 0.00143965
333, 0.0493817, 0.0120567, 4821.75, 0.00143965
333, 0.0605404, 0.00817454, 3268.87, 0.00143965
333, 0.0716991, 0.00554313, 2216.29, 0.00143965
333, 0.0828578, 0.00375949, 1502.82, 0.00143965
333, 0.0940165, 0.00255049, 1019.21, 0.00143965
333, 0.105175, 0.001731, 691.412, 0.00143965
333, 0.116334, 0.00117553, 469.22, 0.00143965
333, 0.127493, 0.000799018, 318.613, 0.00143965
333, 0.138651, 0.000543808, 216.527, 0.00143965
333, 0.14981, 0.00037082, 147.331, 0.00143965
333, 0.160969, 0.000253564, 100.427, 0.00143965
333, 0.172128, 0.000174086, 68.6354, 0.00143965
333, 0.183286, 0.000120213, 47.0859, 0.00143965
333, 0.194445, 8.36963e-05, 32.4791, 0.00143965
333, 0.205604, 5.89445e-05, 22.5782, 0.00143965
333, 0.216762, 4.21671e-05, 15.8671, 0.00143965
333, 0.227921, 3.07949e-05, 11.3182, 0.00143965
333, 0.23908, 2.30866e-05, 8.23479, 0.00143965
333, 0.250239, 1.78617e-05, 6.14479, 0.00143965
333, 0.261397, 1.43201e-05, 4.72814, 0.00143965
333, 0.272556, 1.19195e-05, 3.76789, 0.00143965
333, 0.283715, 1.02924e-05, 3.11701, 0.00143965
333, 0.294873, 9.18942e-06, 2.67583, 0.00143965
333, 0.306032, 8.44182e-06, 2.37678, 0.00143965
333, 0.317191, 7.93508e-06, 2.17408, 0.00143965
333, 0.32835, 7.59159e-06, 2.03669, 0.00143965
333, 0.339508, 7.35877e-06, 1.94356, 0.00143965
333, 0.350667, 7.20096e-06, 1.88043, 0.00143965
333, 0.361826, 7.09399e-06, 1.83764, 0.00143965
333, 0.372984, 7.02148e-06, 1.80864, 0.00143965
333, 0.384143, 6.97234e-06, 1.78898, 0.00143965
333, 0.395302, 6.93902e-06, 1.77566, 0.00143965
333, 0.406461, 6.91644e-06, 1.76662, 0.00143965
333, 0.417619, 6.90114e-06, 1.7605, 0.00143965
333, 0.428778, 6.89076e-06, 1.75635, 0.00143965
333, 0.439937, 6.88373e-06, 1.75354, 0.00143965
333, 0.451095, 6.87896e-06, 1.75163, 0.00143965
333, 0.462254, 6.87573e-06, 1.75034, 0.00143965
333, 0.473413, 6.87354e-06, 1.74946, 0.00143965
333, 0.484572, 6.87206e-06, 1.74887, 0.00143965
333, 0.49573, 6.87105e-06, 1.74847, 0.00143965
333, 0.506889, 6.87037e-06, 1.74819, 0.00143965
333, 0.518048, 6.86991e-06, 1.74801, 0.00143965
333, 0.529206, 6.8696e-06, 1.74788, 0.00143965
333, 0.540365, 6.86938e-06, 1.7478, 0.00143965
333, 0.551524, 6.86924e-06, 1.74774, 0.00143965
333, 0.562683, 6.86914e-06, 1.7477, 0.00143965
333, 0.573841, 6.86908e-06, 1.74768, 0.00143965
333, 0.585, 6.86903e-06, 1.74766, 0.00143965
333, 0.596159, 6.869e-06, 1.74765, 0.00143965
333, 0.607317, 6.86898e-06, 1.74764, 0.00143965
333, 0.618476, 6.86897e-06, 1.74763, 0.00143965
333, 0.629635, 6.86896e-06, 1.74763, 0.00143965
333, 0.640794, 6.86895e-06, 1.74763, 0.00143965
333, 0.651952, 6.86895e-06, 1.74762, 0.00143965
333, 0.663111, 6.86895e-06, 1.74762, 0.00143965
333, 0.67427, 6.86895e-06, 1.74762, 0.00143965
333, 0.685428, 6.86895e-06, 1.74762, 0.00143965
333, 0.696587, 6.86895e-06, 1.74762, 0.00143965
333, 0.707746, 6.86895e-06, 1.74763, 0.00143965
333, 0.718905, 6.86896e-06, 1.74763, 0.00143965
333, 0.730063, 6.86897e-06, 1.74763, 0.00143965
333, 0.741222, 6.86898e-06, 1.74764, 0.00143965
333, 0.752381, 6.86901e-06, 1.74765, 0.00143965
333, 0.763539, 6.86904e-06, 1.74766, 0.00143965
333, 0.774698, 6.86909e-06, 1.74768, 0.00143965
333, 0.785857, 6.86916e-06, 1.74771, 0.00143965
333, 0.797016, 6.86927e-06, 1.74775, 0.00143965
333, 0.808174, 6.86943e-06, 1.74782, 0.00143965
333, 0.819333, 6.86966e-06, 1.74791, 0.00143965
333, 0.830492, 6.87001e-06, 1.74805, 0.00143965
333, 0.84165, 6.87052e-06, 1.74825, 0.00143965
333, 0.852809, 6.87127e-06, 1.74855, 0.00143965
333, 0.863968, 6.87238e-06, 1.749, 0.00143965
333, 0.875127, 6.87401e-06, 1.74965, 0.00143965
333, 0.886285, 6.87643e-06, 1.75062, 0.00143965
333, 0.897444, 6.88e-06, 1.75205, 0.00143965
333, 0.908603, 6.88528e-06, 1.75416, 0.00143965
333, 0.919761, 6.89309e-06, 1.75728, 0.00143965
333, 0.93092, 6.90466e-06, 1.76191, 0.00143965
333, 0.942079, 6.92185e-06, 1.76878, 0.00143965
333, 0.953238, 6.94745e-06, 1.77902, 0.00143965
333, 0.964396, 6.98576e-06, 1.79435, 0.00143965
333, 0.975555, 7.0435e-06, 1.81745, 0.00143965
333, 0.986714, 7.13146e-06, 1.85263, 0.00143965
333, 0.997872, 7.26763e-06, 1.9071, 0.00143965
333, 1.00903, 7.4838e-06, 1.99357, 0.00143965
333, 1.02019, 7.84108e-06, 2.13648, 0.00143965
333, 1.03135, 8.47276e-06, 2.38916, 0.00143965
333, 1.04251, 9.73517e-06, 2.89413, 0.00143965
333, 1.05367, 1.30135e-05, 4.20549, 0.00143965
333, 1.06482, 3.42126e-05, 12.6853, 0.00143965
333, 1.07598, 45.9086, 1.69043e+07, 0.00157915
333, 1.08714, 90.6371, 2.76428e+07, 0.00213788
333, 1.0983, 2.97415e-08, -0.988103, 0.00143965
333, 1.10946, 1.08358e-06, -0.566559, 0.00143965
333, 1.12062, 1.63069e-06, -0.347712, 0.00143965
333, 1.13178, 1.94624e-06, -0.22149, 0.00143965
333, 1.14294, 2.13936e-06, -0.144242, 0.00143965
323, 0.0257287, 0.0290337, 11172.8, 0.00140312
323, 0.0369141, 0.0194283, 7476.11, 0.00140312
323, 0.0480995, 0.0130016, 5002.75, 0.00140312
323, 0.059285, 0.00870166, 3347.89, 0.00140312
323, 0.0704704, 0.0058247, 2240.67, 0.00140312
323, 0.0816558, 0.0038998, 1499.87, 0.00140312
323, 0.0928412, 0.00261191, 1004.21, 0.00140312
323, 0.104027, 0.00175022, 672.583, 0.00140312
323, 0.115212, 0.00117368, 450.699, 0.00140312
323, 0.126398, 0.000787938, 302.243, 0.00140312
323, 0.137583, 0.000529848, 202.916, 0.00140312
323, 0.148768, 0.000357168, 136.458, 0.00140312
323, 0.159954, 0.000241632, 91.9936, 0.00140312
323, 0.171139, 0.00016433, 62.2435, 0.00140312
323, 0.182325, 0.000112609, 42.3385, 0.00140312
323, 0.19351, 7.80047e-05, 29.0206, 0.00140312
323, 0.204696, 5.48517e-05, 20.11, 0.00140312
323, 0.215881, 3.93606e-05, 14.1482, 0.00140312
323, 0.227066, 2.8996e-05, 10.1593, 0.00140312
323, 0.238252, 2.20613e-05, 7.49045, 0.00140312
323, 0.249437, 1.74215e-05, 5.70479, 0.00140312
323, 0.260623, 1.43172e-05, 4.51006, 0.00140312
323, 0.271808, 1.22401e-05, 3.7107, 0.00140312
323, 0.282993, 1.08504e-05, 3.17587, 0.00140312
323, 0.294179, 9.92065e-06, 2.81803, 0.00140312
323, 0.305364, 9.29854e-06, 2.57861, 0.00140312
323, 0.31655, 8.88231e-06, 2.41842, 0.00140312
323, 0.327735, 8.60382e-06, 2.31124, 0.00140312
323, 0.338921, 8.41749e-06, 2.23953, 0.00140312
323, 0.350106, 8.29282e-06, 2.19155, 0.00140312
323, 0.361291, 8.20941e-06, 2.15945, 0.00140312
323, 0.372477, 8.1536e-06, 2.13797, 0.00140312
323, 0.383662, 8.11626e-06, 2.1236, 0.00140312
323, 0.394848, 8.09128e-06, 2.11398, 0.00140312
323, 0.406033, 8.07456e-06, 2.10755, 0.00140312
323, 0.417219, 8.06338e-06, 2.10325, 0.00140312
323, 0.428404, 8.0559e-06, 2.10037, 0.00140312
323, 0.439589, 8.05089e-06, 2.09844, 0.00140312
323, 0.450775, 8.04754e-06, 2.09715, 0.00140312
323, 0.46196, 8.0453e-06, 2.09629, 0.00140312
323, 0.473146, 8.0438e-06, 2.09571, 0.00140312
323, 0.484331, 8.0428e-06, 2.09532, 0.00140312
323, 0.495517, 8.04213e-06, 2.09507, 0.00140312
323, 0.506702, 8.04168e-06, 2.09489, 0.00140312
323, 0.517887, 8.04138e-06, 2.09478, 0.00140312
323, 0.529073, 8.04118e-06, 2.0947, 0.00140312
323, 0.540258, 8.04104e-06, 2.09465, 0.00140312
323, 0.551444, 8.04095e-06, 2.09461, 0.00140312
323, 0.562629, 8.04089e-06, 2.09459, 0.00140312
323, 0.573815, 8.04085e-06, 2.09457, 0.00140312
323, 0.585, 8.04082e-06, 2.09456, 0.00140312
323, 0.596185, 8.04081e-06, 2.09456, 0.00140312
323, 0.607371, 8.04079e-06, 2.09455, 0.00140312
323, 0.618556, 8.04079e-06, 2.09455, 0.00140312
323, 0.629742, 8.04078e-06, 2.09455, 0.00140312
323, 0.640927, 8.04078e-06, 2.09455, 0.00140312
323, 0.652113, 8.04078e-06, 2.09455, 0.00140312
323, 0.663298, 8.04077e-06, 2.09455, 0.00140312
323, 0.674483, 8.04077e-06, 2.09455, 0.00140312
323, 0.685669, 8.04078e-06, 2.09455, 0.00140312
323, 0.696854, 8.04078e-06, 2.09455, 0.00140312
323, 0.70804, 8.04078e-06, 2.09455, 0.00140312
323, 0.719225, 8.04079e-06, 2.09455, 0.00140312
323, 0.730411, 8.0408e-06, 2.09455, 0.00140312
323, 0.741596, 8.04081e-06, 2.09456, 0.00140312
323, 0.752781, 8.04083e-06, 2.09457, 0.00140312
323, 0.763967, 8.04086e-06, 2.09458, 0.00140312
323, 0.775152, 8.0409e-06, 2.09459, 0.00140312
323, 0.786338, 8.04097e-06, 2.09462, 0.00140312
323, 0.797523, 8.04107e-06, 2.09466, 0.00140312
323, 0.808709, 8.04121e-06, 2.09471, 0.00140312
323, 0.819894, 8.04143e-06, 2.0948, 0.00140312
323, 0.831079, 8.04176e-06, 2.09493, 0.00140312
323, 0.842265, 8.04226e-06, 2.09512, 0.00140312
323, 0.85345, 8.04299e-06, 2.0954, 0.00140312
323, 0.864636, 8.04409e-06, 2.09582, 0.00140312
323, 0.875821, 8.04574e-06, 2.09645, 0.00140312
323, 0.887007, 8.0482e-06, 2.0974, 0.00140312
323, 0.898192, 8.05188e-06, 2.09882, 0.00140312
323, 0.909377, 8.05739e-06, 2.10094, 0.00140312
323, 0.920563, 8.06565e-06, 2.10412, 0.00140312
323, 0.931748, 8.07804e-06, 2.10889, 0.00140312
323, 0.942934, 8.09666e-06, 2.11605, 0.00140312
323, 0.954119, 8.12473e-06, 2.12686, 0.00140312
323, 0.965304, 8.16722e-06, 2.14321, 0.00140312
323, 0.97649, 8.23196e-06, 2.16812, 0.00140312
323, 0.987675, 8.33158e-06, 2.20646, 0.00140312
323, 0.998861, 8.48721e-06, 2.26636, 0.00140312
323, 1.01005, 8.73625e-06, 2.3622, 0.00140312
323, 1.02123, 9.15037e-06, 2.52158, 0.00140312
323, 1.03242, 9.88518e-06, 2.80438, 0.00140312
323, 1.0436, 1.13526e-05, 3.36911, 0.00140312
323, 1.05479, 1.51218e-05, 4.81974, 0.00140312
323, 1.06597, 3.77305e-05, 13.5208, 0.00140312
323, 1.07716, 57.7353, 2.0662e+07, 0.00153531
323, 1.08834, 99.9506, 2.98655e+07, 0.00208705
323, 1.09953, 22.7011, 5.24722e+06, 0.00308861
323, 1.11072, 9.06643e-07, -0.651072, 0.00140312
323, 1.1219, 1.57206e-06, -0.394984, 0.00140312
323, 1.13309, 1.95203e-06, -0.248749, 0.00140312
323, 1.14427, 2.18227e-06, -0.160137, 0.00140312
308, 0.0237662, 0.0359499, 12973.6, 0.00137733
308, 0.0349909, 0.0235558, 8500.48, 0.00137733
308, 0.0462156, 0.015436, 5569.97, 0.00137733
308, 0.0574403, 0.0101164, 3650.09, 0.00137733
308, 0.0686649, 0.00663136, 2392.31, 0.00137733
308, 0.0798896, 0.00434819, 1568.3, 0.00137733
308, 0.0911143, 0.0028524, 1028.45, 0.00137733
308, 0.102339, 0.00187246, 674.784, 0.00137733
308, 0.113564, 0.00123046, 443.083, 0.00137733
308, 0.124788, 0.000809867, 291.287, 0.00137733
308, 0.136013, 0.000534321, 191.841, 0.00137733
308, 0.147238, 0.000353801, 126.69, 0.00137733
308, 0.158462, 0.000235537, 84.0071, 0.00137733
308, 0.169687, 0.000158057, 56.0441, 0.00137733
308, 0.180912, 0.000107298, 37.7246, 0.00137733
308, 0.192136, 7.40434e-05, 25.7229, 0.00137733
308, 0.203361, 5.22574e-05, 17.8601, 0.00137733
308, 0.214586, 3.79846e-05, 12.7089, 0.00137733
308, 0.22581, 2.86339e-05, 9.33421, 0.00137733
308, 0.237035, 2.2508e-05, 7.12332, 0.00137733
308, 0.24826, 1.84947e-05, 5.67488, 0.00137733
308, 0.259484, 1.58654e-05, 4.72596, 0.00137733
308, 0.270709, 1.41429e-05, 4.10429, 0.00137733
308, 0.281934, 1.30144e-05, 3.69701, 0.00137733
308, 0.293158, 1.22751e-05, 3.43019, 0.00137733
308, 0.304383, 1.17908e-05, 3.25539, 0.00137733
308, 0.315608, 1.14735e-05, 3.14087, 0.00137733
308, 0.326832, 1.12656e-05, 3.06584, 0.00137733
308, 0.338057, 1.11294e-05, 3.01669, 0.00137733
308, 0.349282, 1.10402e-05, 2.98449, 0.00137733
308, 0.360506, 1.09817e-05, 2.96339, 0.00137733
308, 0.371731, 1.09434e-05, 2.94957, 0.00137733
308, 0.382956, 1.09183e-05, 2.94051, 0.00137733
308, 0.394181, 1.09019e-05, 2.93458, 0.00137733
308, 0.405405, 1.08911e-05, 2.9307, 0.00137733
308, 0.41663, 1.08841e-05, 2.92815, 0.00137733
308, 0.427855, 1.08795e-05, 2.92648, 0.00137733
308, 0.439079, 1.08764e-05, 2.92539, 0.00137733
308, 0.450304, 1.08744e-05, 2.92467, 0.00137733
308, 0.461529, 1.08731e-05, 2.9242, 0.00137733
308, 0.472753, 1.08723e-05, 2.9239, 0.00137733
308, 0.483978, 1.08717e-05, 2.9237, 0.00137733
308, 0.495203, 1.08714e-05, 2.92356, 0.00137733
308, 0.506427, 1.08711e-05, 2.92348, 0.00137733
308, 0.517652, 1.0871e-05, 2.92342, 0.00137733
308, 0.528877, 1.08709e-05, 2.92338, 0.00137733
308, 0.540101, 1.08708e-05, 2.92336, 0.00137733
308, 0.551326, 1.08708e-05, 2.92334, 0.00137733
308, 0.562551, 1.08707e-05, 2.92333, 0.00137733
308, 0.573775, 1.08707e-05, 2.92333, 0.00137733
308, 0.585, 1.08707e-05, 2.92332, 0.00137733
308, 0.596225, 1.08707e-05, 2.92332, 0.00137733
308, 0.607449, 1.08707e-05, 2.92332, 0.00137733
308, 0.618674, 1.08707e-05, 2.92332, 0.00137733
308, 0.629899, 1.08707e-05, 2.92331, 0.00137733
308, 0.641123, 1.08707e-05, 2.92331, 0.00137733
308, 0.652348, 1.08707e-05, 2.92331, 0.00137733
308, 0.663573, 1.08707e-05, 2.92331, 0.00137733
308, 0.674797, 1.08707e-05, 2.92331, 0.00137733
308, 0.686022, 1.08707e-05, 2.92331, 0.00137733
308, 0.697247, 1.08707e-05, 2.92332, 0.00137733
308, 0.708471, 1.08707e-05, 2.92332, 0.00137733
308, 0.719696, 1.08707e-05, 2.92332, 0.00137733
308, 0.730921, 1.08707e-05, 2.92332, 0.00137733
308, 0.742145, 1.08707e-05, 2.92333, 0.00137733
308, 0.75337, 1.08707e-05, 2.92333, 0.00137733
308, 0.764595, 1.08707e-05, 2.92334, 0.00137733
308, 0.775819, 1.08708e-05, 2.92336, 0.00137733
308, 0.787044, 1.08709e-05, 2.92338, 0.00137733
308, 0.798269, 1.08709e-05, 2.92341, 0.00137733
308, 0.809494, 1.08711e-05, 2.92346, 0.00137733
308, 0.820718, 1.08713e-05, 2.92354, 0.00137733
308, 0.831943, 1.08716e-05, 2.92366, 0.00137733
308, 0.843168, 1.08721e-05, 2.92385, 0.00137733
308, 0.854392, 1.08729e-05, 2.92413, 0.00137733
308, 0.865617, 1.08741e-05, 2.92455, 0.00137733
308, 0.876842, 1.08759e-05, 2.92521, 0.00137733
308, 0.888066, 1.08787e-05, 2.9262, 0.00137733
308, 0.899291, 1.08829e-05, 2.92773, 0.00137733
308, 0.910516, 1.08894e-05, 2.93006, 0.00137733
308, 0.92174, 1.08992e-05, 2.93362, 0.00137733
308, 0.932965, 1.09144e-05, 2.93908, 0.00137733
308, 0.94419, 1.09375e-05, 2.94745, 0.00137733
308, 0.955414, 1.09732e-05, 2.96031, 0.00137733
308, 0.966639, 1.10282e-05, 2.98017, 0.00137733
308, 0.977864, 1.11136e-05, 3.011, 0.00137733
308, 0.989088, 1.12475e-05, 3.0593, 0.00137733
308, 1.00031, 1.14603e-05, 3.1361, 0.00137733
308, 1.01154, 1.18065e-05, 3.26105, 0.00137733
308, 1.02276, 1.23916e-05, 3.47222, 0.00137733
308, 1.03399, 1.34468e-05, 3.85307, 0.00137733
308, 1.04521, 1.55937e-05, 4.62788, 0.00137733
308, 1.05644, 2.12726e-05, 6.67747, 0.00137733
308, 1.06766, 5.98776e-05, 20.6103, 0.00137733
308, 1.07889, 123.28, 4.14574e+07, 0.00152558
308, 1.09011, 91.9508, 2.60875e+07, 0.00208169
308, 1.10134, 52.1589, 1.14647e+07, 0.00307379
308, 1.11256, 5.56798e-07, -0.799047, 0.00137733
308, 1.12378, 1.44527e-06, -0.478389, 0.00137733
308, 1.13501, 1.94879e-06, -0.296667, 0.00137733
308, 1.14623, 2.25048e-06, -0.187785, 0.00137733
