NA=1e+17 Nt=1e+14 Et=0.7 sigmaN=1e-05 sigmaP=1e-05 deltaN:[1e+17,1e+19] deltaNStep=1e+17 temp:[298,498] tempStep=50
1e+17 1.33109e-11 1.22912e-11 1.14723e-11 1.07965e-11 1.02269e-11
2e+17 1.34875e-11 1.24666e-11 1.16457e-11 1.09672e-11 1.03945e-11
3e+17 1.35493e-11 1.25283e-11 1.1707e-11 1.10278e-11 1.04543e-11
4e+17 1.35808e-11 1.25598e-11 1.17383e-11 1.10589e-11 1.0485e-11
5e+17 1.35998e-11 1.25789e-11 1.17573e-11 1.10778e-11 1.05037e-11
6e+17 1.36126e-11 1.25917e-11 1.17701e-11 1.10905e-11 1.05162e-11
7e+17 1.36218e-11 1.26009e-11 1.17793e-11 1.10996e-11 1.05253e-11
8e+17 1.36287e-11 1.26078e-11 1.17862e-11 1.11064e-11 1.05321e-11
9e+17 1.36341e-11 1.26132e-11 1.17916e-11 1.11118e-11 1.05374e-11
1e+18 1.36384e-11 1.26176e-11 1.17959e-11 1.11161e-11 1.05416e-11
1.1e+18 1.36419e-11 1.26211e-11 1.17994e-11 1.11196e-11 1.05451e-11
1.2e+18 1.36449e-11 1.26241e-11 1.18024e-11 1.11226e-11 1.0548e-11
1.3e+18 1.36474e-11 1.26266e-11 1.18049e-11 1.11251e-11 1.05505e-11
1.4e+18 1.36495e-11 1.26287e-11 1.1807e-11 1.11272e-11 1.05526e-11
1.5e+18 1.36514e-11 1.26306e-11 1.18089e-11 1.1129e-11 1.05544e-11
1.6e+18 1.3653e-11 1.26322e-11 1.18105e-11 1.11307e-11 1.05561e-11
1.7e+18 1.36545e-11 1.26337e-11 1.1812e-11 1.11321e-11 1.05575e-11
1.8e+18 1.36557e-11 1.2635e-11 1.18133e-11 1.11334e-11 1.05587e-11
1.9e+18 1.36569e-11 1.26361e-11 1.18144e-11 1.11345e-11 1.05599e-11
2e+18 1.36579e-11 1.26371e-11 1.18154e-11 1.11356e-11 1.05609e-11
2.1e+18 1.36588e-11 1.26381e-11 1.18164e-11 1.11365e-11 1.05618e-11
2.2e+18 1.36597e-11 1.26389e-11 1.18172e-11 1.11373e-11 1.05627e-11
2.3e+18 1.36605e-11 1.26397e-11 1.1818e-11 1.11381e-11 1.05634e-11
2.4e+18 1.36612e-11 1.26404e-11 1.18187e-11 1.11388e-11 1.05641e-11
2.5e+18 1.36618e-11 1.26411e-11 1.18194e-11 1.11395e-11 1.05648e-11
2.6e+18 1.36624e-11 1.26417e-11 1.182e-11 1.11401e-11 1.05654e-11
2.7e+18 1.3663e-11 1.26422e-11 1.18205e-11 1.11406e-11 1.05659e-11
2.8e+18 1.36635e-11 1.26428e-11 1.18211e-11 1.11411e-11 1.05664e-11
2.9e+18 1.3664e-11 1.26432e-11 1.18215e-11 1.11416e-11 1.05669e-11
3e+18 1.36644e-11 1.26437e-11 1.1822e-11 1.11421e-11 1.05674e-11
3.1e+18 1.36649e-11 1.26441e-11 1.18224e-11 1.11425e-11 1.05678e-11
3.2e+18 1.36653e-11 1.26445e-11 1.18228e-11 1.11429e-11 1.05682e-11
3.3e+18 1.36656e-11 1.26449e-11 1.18232e-11 1.11433e-11 1.05686e-11
3.4e+18 1.3666e-11 1.26452e-11 1.18235e-11 1.11436e-11 1.05689e-11
3.5e+18 1.36663e-11 1.26456e-11 1.18239e-11 1.11439e-11 1.05692e-11
3.6e+18 1.36666e-11 1.26459e-11 1.18242e-11 1.11443e-11 1.05695e-11
3.7e+18 1.36669e-11 1.26462e-11 1.18245e-11 1.11446e-11 1.05698e-11
3.8e+18 1.36672e-11 1.26465e-11 1.18248e-11 1.11448e-11 1.05701e-11
3.9e+18 1.36675e-11 1.26467e-11 1.1825e-11 1.11451e-11 1.05704e-11
4e+18 1.36677e-11 1.2647e-11 1.18253e-11 1.11454e-11 1.05706e-11
4.1e+18 1.36679e-11 1.26472e-11 1.18255e-11 1.11456e-11 1.05709e-11
4.2e+18 1.36682e-11 1.26475e-11 1.18258e-11 1.11458e-11 1.05711e-11
4.3e+18 1.36684e-11 1.26477e-11 1.1826e-11 1.1146e-11 1.05713e-11
4.4e+18 1.36686e-11 1.26479e-11 1.18262e-11 1.11462e-11 1.05715e-11
4.5e+18 1.36688e-11 1.26481e-11 1.18264e-11 1.11464e-11 1.05717e-11
4.6e+18 1.3669e-11 1.26483e-11 1.18266e-11 1.11466e-11 1.05719e-11
4.7e+18 1.36692e-11 1.26485e-11 1.18268e-11 1.11468e-11 1.05721e-11
4.8e+18 1.36693e-11 1.26486e-11 1.18269e-11 1.1147e-11 1.05722e-11
4.9e+18 1.36695e-11 1.26488e-11 1.18271e-11 1.11472e-11 1.05724e-11
5e+18 1.36697e-11 1.2649e-11 1.18273e-11 1.11473e-11 1.05726e-11
5.1e+18 1.36698e-11 1.26491e-11 1.18274e-11 1.11475e-11 1.05727e-11
5.2e+18 1.367e-11 1.26493e-11 1.18276e-11 1.11476e-11 1.05729e-11
5.3e+18 1.36701e-11 1.26494e-11 1.18277e-11 1.11478e-11 1.0573e-11
5.4e+18 1.36703e-11 1.26496e-11 1.18278e-11 1.11479e-11 1.05731e-11
5.5e+18 1.36704e-11 1.26497e-11 1.1828e-11 1.1148e-11 1.05733e-11
5.6e+18 1.36705e-11 1.26498e-11 1.18281e-11 1.11482e-11 1.05734e-11
5.7e+18 1.36706e-11 1.26499e-11 1.18282e-11 1.11483e-11 1.05735e-11
5.8e+18 1.36708e-11 1.26501e-11 1.18284e-11 1.11484e-11 1.05736e-11
5.9e+18 1.36709e-11 1.26502e-11 1.18285e-11 1.11485e-11 1.05738e-11
6e+18 1.3671e-11 1.26503e-11 1.18286e-11 1.11486e-11 1.05739e-11
6.1e+18 1.36711e-11 1.26504e-11 1.18287e-11 1.11487e-11 1.0574e-11
6.2e+18 1.36712e-11 1.26505e-11 1.18288e-11 1.11488e-11 1.05741e-11
6.3e+18 1.36713e-11 1.26506e-11 1.18289e-11 1.11489e-11 1.05742e-11
6.4e+18 1.36714e-11 1.26507e-11 1.1829e-11 1.1149e-11 1.05743e-11
6.5e+18 1.36715e-11 1.26508e-11 1.18291e-11 1.11491e-11 1.05744e-11
6.6e+18 1.36716e-11 1.26509e-11 1.18292e-11 1.11492e-11 1.05745e-11
6.7e+18 1.36717e-11 1.2651e-11 1.18293e-11 1.11493e-11 1.05746e-11
6.8e+18 1.36718e-11 1.26511e-11 1.18294e-11 1.11494e-11 1.05746e-11
6.9e+18 1.36718e-11 1.26511e-11 1.18294e-11 1.11495e-11 1.05747e-11
7e+18 1.36719e-11 1.26512e-11 1.18295e-11 1.11496e-11 1.05748e-11
7.1e+18 1.3672e-11 1.26513e-11 1.18296e-11 1.11496e-11 1.05749e-11
7.2e+18 1.36721e-11 1.26514e-11 1.18297e-11 1.11497e-11 1.0575e-11
7.3e+18 1.36722e-11 1.26515e-11 1.18298e-11 1.11498e-11 1.0575e-11
7.4e+18 1.36722e-11 1.26515e-11 1.18298e-11 1.11499e-11 1.05751e-11
7.5e+18 1.36723e-11 1.26516e-11 1.18299e-11 1.11499e-11 1.05752e-11
7.6e+18 1.36724e-11 1.26517e-11 1.183e-11 1.115e-11 1.05752e-11
7.7e+18 1.36724e-11 1.26517e-11 1.183e-11 1.11501e-11 1.05753e-11
7.8e+18 1.36725e-11 1.26518e-11 1.18301e-11 1.11501e-11 1.05754e-11
7.9e+18 1.36726e-11 1.26519e-11 1.18302e-11 1.11502e-11 1.05754e-11
8e+18 1.36726e-11 1.26519e-11 1.18302e-11 1.11503e-11 1.05755e-11
8.1e+18 1.36727e-11 1.2652e-11 1.18303e-11 1.11503e-11 1.05756e-11
8.2e+18 1.36727e-11 1.26521e-11 1.18303e-11 1.11504e-11 1.05756e-11
8.3e+18 1.36728e-11 1.26521e-11 1.18304e-11 1.11504e-11 1.05757e-11
8.4e+18 1.36729e-11 1.26522e-11 1.18305e-11 1.11505e-11 1.05757e-11
8.5e+18 1.36729e-11 1.26522e-11 1.18305e-11 1.11506e-11 1.05758e-11
8.6e+18 1.3673e-11 1.26523e-11 1.18306e-11 1.11506e-11 1.05758e-11
8.7e+18 1.3673e-11 1.26523e-11 1.18306e-11 1.11507e-11 1.05759e-11
8.8e+18 1.36731e-11 1.26524e-11 1.18307e-11 1.11507e-11 1.05759e-11
8.9e+18 1.36731e-11 1.26524e-11 1.18307e-11 1.11508e-11 1.0576e-11
9e+18 1.36732e-11 1.26525e-11 1.18308e-11 1.11508e-11 1.0576e-11
9.1e+18 1.36732e-11 1.26525e-11 1.18308e-11 1.11509e-11 1.05761e-11
9.2e+18 1.36733e-11 1.26526e-11 1.18309e-11 1.11509e-11 1.05761e-11
9.3e+18 1.36733e-11 1.26526e-11 1.18309e-11 1.1151e-11 1.05762e-11
9.4e+18 1.36734e-11 1.26527e-11 1.1831e-11 1.1151e-11 1.05762e-11
9.5e+18 1.36734e-11 1.26527e-11 1.1831e-11 1.1151e-11 1.05763e-11
9.6e+18 1.36734e-11 1.26528e-11 1.18311e-11 1.11511e-11 1.05763e-11
9.7e+18 1.36735e-11 1.26528e-11 1.18311e-11 1.11511e-11 1.05764e-11
9.8e+18 1.36735e-11 1.26528e-11 1.18311e-11 1.11512e-11 1.05764e-11
9.9e+18 1.36736e-11 1.26529e-11 1.18312e-11 1.11512e-11 1.05764e-11
1e+19 1.36736e-11 1.26529e-11 1.18312e-11 1.11513e-11 1.05765e-11
